0	-11.460342	-5.731353	-1.697310
1	-11.460342	-4.731353	-1.697310
2	-11.460342	-3.731353	-1.697310
3	-10.460342	-6.731353	-1.697310
4	-10.460342	-5.731353	-1.697310
5	-10.460342	-4.731353	-1.697310
6	-10.460342	-3.731353	-1.697310
7	-10.460342	-2.731353	-1.697310
8	-10.460342	-1.731353	-1.697310
9	-9.460342	-6.731353	-1.697310
10	-9.460342	-5.731353	-1.697310
11	-9.460342	-4.731353	-1.697310
12	-9.460342	-3.731353	-1.697310
13	-9.460342	-2.731353	-1.697310
14	-9.460342	-1.731353	-1.697310
15	-8.460342	-7.731353	-1.697310
16	-8.460342	-6.731353	-1.697310
17	-8.460342	-5.731353	-1.697310
18	-8.460342	-4.731353	-1.697310
19	-8.460342	-3.731353	-1.697310
20	-8.460342	-2.731353	-1.697310
21	-8.460342	-1.731353	-1.697310
22	-7.460342	-7.731353	-1.697310
23	-7.460342	-6.731353	-1.697310
24	-7.460342	-5.731353	-1.697310
25	-7.460342	-4.731353	-1.697310
26	-7.460342	-3.731353	-1.697310
27	-7.460342	-2.731353	-1.697310
28	-7.460342	-1.731353	-1.697310
29	-6.460342	-7.731353	-1.697310
30	-6.460342	-6.731353	-1.697310
31	-6.460342	-5.731353	-1.697310
32	-6.460342	-4.731353	-1.697310
33	-6.460342	-3.731353	-1.697310
34	-6.460342	-2.731353	-1.697310
35	-6.460342	-1.731353	-1.697310
36	-5.460342	-7.731353	-1.697310
37	-5.460342	-6.731353	-1.697310
38	-5.460342	-5.731353	-1.697310
39	-5.460342	-4.731353	-1.697310
40	-5.460342	-3.731353	-1.697310
41	-5.460342	-2.731353	-1.697310
42	-5.460342	-1.731353	-1.697310
43	-4.460342	-7.731353	-1.697310
44	-4.460342	-6.731353	-1.697310
45	-4.460342	-5.731353	-1.697310
46	-4.460342	-4.731353	-1.697310
47	-4.460342	-3.731353	-1.697310
48	-4.460342	-2.731353	-1.697310
49	-4.460342	-1.731353	-1.697310
50	-3.460342	-7.731353	-1.697310
51	-3.460342	-6.731353	-1.697310
52	-3.460342	-5.731353	-1.697310
53	-3.460342	-4.731353	-1.697310
54	-3.460342	-3.731353	-1.697310
55	-3.460342	-2.731353	-1.697310
56	-3.460342	-1.731353	-1.697310
57	-2.460342	-6.731353	-1.697310
58	-2.460342	-5.731353	-1.697310
59	-2.460342	-2.731353	-1.697310
60	-2.460342	-1.731353	-1.697310
61	-1.460342	-3.731353	-1.507160
62	-1.460342	-2.731353	-1.507160
63	-1.460342	3.268647	-1.629330
64	-1.460342	4.268647	-1.629330
65	-1.460342	5.268647	-1.629330
66	-0.460342	-3.731353	-1.507160
67	-0.460342	-2.731353	-1.507160
68	-0.460342	3.268647	-1.629330
69	-0.460342	4.268647	-1.629330
70	-0.460342	5.268647	-1.629330
71	-0.460342	6.268647	-1.629330
72	0.539658	-2.731353	-1.513610
73	0.539658	-0.731353	-1.513610
74	0.539658	0.268647	-1.513610
75	0.539658	1.268647	-1.513610
76	0.539658	2.268647	-1.629330
77	0.539658	3.268647	-1.629330
78	0.539658	4.268647	-1.629330
79	0.539658	5.268647	-1.629330
80	0.539658	6.268647	-1.629330
81	1.539658	-2.731353	-1.513610
82	1.539658	-1.731353	-1.513610
83	1.539658	-0.731353	-1.513610
84	1.539658	0.268647	-1.513610
85	1.539658	1.268647	-1.513610
86	1.539658	2.268647	-1.629330
87	1.539658	3.268647	-1.629330
88	1.539658	4.268647	-1.629330
89	1.539658	5.268647	-1.629330
90	1.539658	6.268647	-1.629330
91	2.539658	-1.731353	-1.298590
92	2.539658	-0.731353	-1.298590
93	2.539658	0.268647	-1.513610
94	2.539658	1.268647	-1.513610
95	2.539658	2.268647	-1.629330
96	2.539658	3.268647	-1.629330
97	2.539658	4.268647	-1.629330
98	2.539658	5.268647	-1.629330
99	2.539658	6.268647	-1.629330
100	3.539658	-1.731353	-1.298590
101	3.539658	-0.731353	-1.513610
102	3.539658	0.268647	-1.513610
103	3.539658	1.268647	-1.513610
104	3.539658	2.268647	-1.629330
105	3.539658	3.268647	-1.629330
106	3.539658	4.268647	-1.629330
107	3.539658	5.268647	-1.629330
108	3.539658	6.268647	-1.629330
109	4.539658	0.268647	-1.513610
110	4.539658	1.268647	-1.513610
111	4.539658	3.268647	-1.507610
112	4.539658	4.268647	-1.507610
113	4.539658	5.268647	-1.507610
114	4.539658	6.268647	-1.507610
115	5.539658	1.268647	-1.513610
116	5.539658	2.268647	-1.507610
117	5.539658	3.268647	-1.507610
118	5.539658	4.268647	-1.507610
119	5.539658	5.268647	-1.507610
120	5.539658	6.268647	-1.507610
121	6.539658	-7.731353	-1.502200
122	6.539658	-6.731353	-1.502200
123	6.539658	-5.731353	-1.502200
124	6.539658	-4.731353	-1.502200
125	6.539658	-3.731353	-1.502200
126	6.539658	-2.731353	-1.676080
127	6.539658	-1.731353	-1.676080
128	6.539658	-0.731353	-1.504970
129	6.539658	1.268647	-1.513610
130	6.539658	2.268647	-1.507610
131	6.539658	3.268647	-1.507610
132	6.539658	4.268647	-1.507610
133	6.539658	5.268647	-1.507610
134	6.539658	6.268647	-1.507610
135	7.539658	-7.731353	-1.502200
136	7.539658	-6.731353	-1.502200
137	7.539658	-5.731353	-1.502200
138	7.539658	-4.731353	-1.502200
139	7.539658	-3.731353	-1.502200
140	7.539658	-2.731353	-1.676080
141	7.539658	-1.731353	-1.676080
142	7.539658	-0.731353	-1.504970
143	7.539658	0.268647	-1.504970
144	7.539658	1.268647	-1.513610
145	7.539658	3.268647	-1.507610
146	7.539658	4.268647	-1.507610
147	7.539658	5.268647	-1.507610
148	7.539658	6.268647	-1.507610
149	8.539658	-6.731353	-1.502200
150	8.539658	-5.731353	-1.502200
151	8.539658	-4.731353	-1.502200
152	8.539658	-3.731353	-1.502200
153	8.539658	0.268647	-1.504970
154	9.539658	-6.731353	-1.502200
155	9.539658	-5.731353	-1.502200
156	9.539658	-4.731353	-1.502200
157	9.539658	-3.731353	-1.502200
158	9.539658	-2.731353	-1.519920
159	9.539658	-1.731353	-1.519920
160	9.539658	-0.731353	-1.519920
161	9.539658	0.268647	-1.519920
162	9.539658	3.268647	-1.526980
163	9.539658	4.268647	-1.526980
164	9.539658	5.268647	-1.526980
165	10.539658	-6.731353	-1.502200
166	10.539658	-5.731353	-1.502200
167	10.539658	-4.731353	-1.502200
168	10.539658	-3.731353	-1.502200
169	10.539658	-2.731353	-1.519920
170	10.539658	-1.731353	-1.519920
171	10.539658	-0.731353	-1.519920
172	10.539658	0.268647	-1.519920
173	10.539658	1.268647	-1.526980
174	10.539658	2.268647	-1.526980
175	10.539658	3.268647	-1.526980
176	10.539658	4.268647	-1.526980
177	10.539658	5.268647	-1.526980
178	11.539658	-7.731353	-1.502200
179	11.539658	-6.731353	-1.502200
180	11.539658	-5.731353	-1.502200
181	11.539658	-4.731353	-1.502200
182	11.539658	-3.731353	-1.502200
183	11.539658	-1.731353	-1.519920
184	11.539658	-0.731353	-1.519920
185	11.539658	0.268647	-1.519920
186	11.539658	1.268647	-1.526980
187	11.539658	2.268647	-1.526980
188	11.539658	3.268647	-1.526980
189	11.539658	4.268647	-1.526980
190	11.539658	5.268647	-1.526980
191	11.539658	6.268647	-1.526980
192	12.539658	-7.731353	-1.502200
193	12.539658	-6.731353	-1.502200
194	12.539658	-5.731353	-1.502200
195	12.539658	-4.731353	-1.502200
196	12.539658	-3.731353	-1.502200
197	12.539658	-2.731353	-1.519920
198	12.539658	-1.731353	-1.519920
199	12.539658	-0.731353	-1.519920
200	12.539658	0.268647	-1.519920
201	12.539658	1.268647	-1.526980
202	12.539658	2.268647	-1.526980
203	12.539658	3.268647	-1.526980
204	12.539658	4.268647	-1.526980
205	12.539658	5.268647	-1.526980
206	12.539658	6.268647	-1.526980
207	13.539658	-7.731353	-1.502200
208	13.539658	-6.731353	-1.502200
209	13.539658	-5.731353	-1.502200
210	13.539658	-4.731353	-1.502200
211	13.539658	-3.731353	-1.502200
212	13.539658	-2.731353	-1.519920
213	13.539658	-1.731353	-1.519920
214	13.539658	-0.731353	-1.519920
215	13.539658	0.268647	-1.519920
216	13.539658	1.268647	-1.519920
217	14.539658	-8.731353	-1.287890
218	14.539658	-5.731353	-1.502200
219	14.539658	-4.731353	-1.502200
220	14.539658	-1.731353	-1.287890
221	14.539658	-0.731353	-1.287890
222	14.539658	0.268647	-1.287890
223	14.539658	1.268647	-1.287890
224	14.539658	2.268647	-1.287890
225	14.539658	3.268647	-1.287890
226	14.539658	4.268647	-1.287890
227	14.539658	5.268647	-1.287890
228	14.539658	6.268647	-1.287890
229	14.539658	7.268647	-1.287890
230	15.539658	-8.731353	-1.287890
231	15.539658	-7.731353	-1.287890
232	15.539658	-6.731353	-1.287890
233	15.539658	-5.731353	-1.287890
234	15.539658	-4.731353	-1.287890
235	15.539658	-3.731353	-1.287890
236	15.539658	-2.731353	-1.287890
237	15.539658	-1.731353	-1.287890
238	15.539658	-0.731353	-1.287890
239	15.539658	0.268647	-1.287890
240	15.539658	1.268647	-1.287890
241	15.539658	2.268647	-1.287890
242	15.539658	3.268647	-1.287890
243	15.539658	4.268647	-1.287890
244	15.539658	5.268647	-1.287890
245	15.539658	6.268647	-1.287890
246	15.539658	7.268647	-1.287890
247	16.539658	-8.731353	-1.287890
248	16.539658	-7.731353	-1.287890
249	16.539658	-6.731353	-1.287890
250	16.539658	-5.731353	-1.287890
251	16.539658	-4.731353	-1.287890
252	16.539658	-3.731353	-1.287890
253	16.539658	-2.731353	-1.287890
254	16.539658	-1.731353	-1.287890
255	16.539658	-0.731353	-1.287890
256	16.539658	0.268647	-1.287890
257	16.539658	1.268647	-1.287890
258	16.539658	2.268647	-1.287890
259	16.539658	3.268647	-1.287890
260	16.539658	4.268647	-1.287890
261	16.539658	5.268647	-1.287890
262	16.539658	6.268647	-1.287890
263	16.539658	7.268647	-1.287890
264	16.539658	8.268647	-1.287890
265	17.539658	-8.731353	-1.287890
266	17.539658	-6.731353	-1.287890
267	17.539658	-5.731353	-1.287890
268	17.539658	-1.731353	-1.287890
269	17.539658	-0.731353	-1.287890
270	17.539658	0.268647	-1.287890
271	17.539658	1.268647	-1.287890
272	17.539658	2.268647	-1.287890
273	17.539658	3.268647	-1.287890
274	17.539658	4.268647	-1.287890
275	17.539658	5.268647	-1.287890
276	17.539658	6.268647	-1.287890
277	17.539658	7.268647	-1.287890
278	17.539658	8.268647	-1.287890
279	18.539658	-8.731353	-1.287890
280	18.539658	-7.731353	-1.287890
281	18.539658	-6.731353	-1.287890
282	18.539658	-5.731353	-1.287890
283	18.539658	-4.731353	-1.287890
284	18.539658	-3.731353	-1.287890
285	18.539658	-2.731353	-1.287890
286	18.539658	-1.731353	-1.287890
287	18.539658	-0.731353	-1.287890
288	18.539658	0.268647	-1.287890
289	18.539658	1.268647	-1.287890
290	18.539658	2.268647	-1.287890
291	18.539658	3.268647	-1.287890
292	18.539658	4.268647	-1.287890
293	18.539658	5.268647	-1.287890
294	18.539658	6.268647	-1.287890
295	18.539658	7.268647	-1.287890
296	18.539658	8.268647	-1.287890
297	19.539658	-8.731353	-1.287890
298	19.539658	-7.731353	-1.287890
299	19.539658	-6.731353	-1.287890
300	19.539658	-5.731353	-1.287890
301	19.539658	-4.731353	-1.287890
302	19.539658	-3.731353	-1.287890
303	19.539658	-2.731353	-1.287890
304	19.539658	-1.731353	-1.287890
305	19.539658	-0.731353	-1.287890
306	19.539658	0.268647	-1.287890
307	19.539658	1.268647	-1.287890
308	19.539658	2.268647	-1.287890
309	19.539658	3.268647	-1.287890
310	19.539658	4.268647	-1.287890
311	19.539658	5.268647	-1.287890
312	19.539658	6.268647	-1.287890
313	19.539658	7.268647	-1.287890
314	19.539658	8.268647	-1.287890
315	20.539658	-8.731353	-1.287890
316	20.539658	-7.731353	-1.287890
317	20.539658	-6.731353	-1.287890
318	20.539658	-5.731353	-1.287890
319	20.539658	-4.731353	-1.287890
320	20.539658	-3.731353	-1.287890
321	20.539658	-2.731353	-1.287890
322	20.539658	-1.731353	-1.287890
323	20.539658	-0.731353	-1.287890
324	20.539658	0.268647	-1.287890
325	20.539658	1.268647	-1.287890
326	20.539658	2.268647	-1.287890
327	20.539658	3.268647	-1.287890
328	20.539658	4.268647	-1.287890
329	20.539658	5.268647	-1.287890
330	20.539658	6.268647	-1.287890
331	20.539658	7.268647	-1.287890
332	21.539658	-7.731353	-1.287890
333	21.539658	-6.731353	-1.287890
334	21.539658	-5.731353	-1.287890
335	21.539658	-4.731353	-1.287890
336	21.539658	-3.731353	-1.287890
337	21.539658	-2.731353	-1.287890
338	21.539658	-1.731353	-1.287890
339	21.539658	-0.731353	-1.287890
340	21.539658	0.268647	-1.287890
341	21.539658	1.268647	-1.287890
342	21.539658	2.268647	-1.287890
343	21.539658	3.268647	-1.287890
344	21.539658	4.268647	-1.287890
345	21.539658	5.268647	-1.287890
346	21.539658	6.268647	-1.287890
347	21.539658	7.268647	-1.287890
348	22.539658	-6.731353	-1.287890
349	22.539658	-5.731353	-1.287890
350	22.539658	-4.731353	-1.287890
351	22.539658	-3.731353	-1.287890
352	22.539658	-2.731353	-1.287890
353	22.539658	-1.731353	-1.287890
354	22.539658	-0.731353	-1.287890
355	22.539658	0.268647	-1.287890
356	22.539658	1.268647	-1.287890
357	22.539658	2.268647	-1.287890
358	22.539658	3.268647	-1.287890
359	22.539658	4.268647	-1.287890
360	22.539658	5.268647	-1.287890
361	22.539658	6.268647	-1.287890
362	23.539658	-5.731353	-1.287890
363	23.539658	-4.731353	-1.287890
364	23.539658	-3.731353	-1.287890
365	23.539658	-2.731353	-1.287890
366	23.539658	-1.731353	-1.287890
367	23.539658	-0.731353	-1.287890
368	23.539658	0.268647	-1.287890
369	23.539658	1.268647	-1.287890
370	23.539658	2.268647	-1.287890
371	23.539658	3.268647	-1.287890
372	23.539658	4.268647	-1.287890
373	23.539658	5.268647	-1.287890
374	23.539658	6.268647	-1.287890
375	24.539658	-3.731353	-1.287890
376	24.539658	-2.731353	-1.287890
377	24.539658	-1.731353	-1.287890
378	24.539658	-0.731353	-1.287890
379	24.539658	0.268647	-1.287890
380	24.539658	1.268647	-1.287890
381	24.539658	2.268647	-1.287890
382	24.539658	3.268647	-1.287890
383	24.539658	4.268647	-1.287890
384	24.539658	5.268647	-1.287890
385	24.539658	6.268647	-1.287890
386	24.539658	7.268647	-1.287890
387	25.539658	-1.731353	-1.287890
388	25.539658	-0.731353	-1.287890
389	25.539658	0.268647	-1.287890
390	25.539658	1.268647	-1.287890
391	25.539658	2.268647	-1.287890
392	25.539658	3.268647	-1.287890
393	25.539658	4.268647	-1.287890
394	25.539658	5.268647	-1.287890
395	25.539658	6.268647	-1.287890
396	25.539658	7.268647	-1.287890
397	26.539658	-0.731353	-1.287890
398	26.539658	0.268647	-1.287890
399	26.539658	1.268647	-1.287890
400	26.539658	2.268647	-1.287890
401	26.539658	3.268647	-1.287890
402	26.539658	4.268647	-1.287890
403	26.539658	5.268647	-1.287890
404	26.539658	6.268647	-1.287890
405	26.539658	7.268647	-1.287890
406	27.539658	1.268647	-1.287890
407	27.539658	2.268647	-1.287890
408	27.539658	3.268647	-1.287890
409	27.539658	4.268647	-1.287890
410	27.539658	5.268647	-1.287890
411	28.539658	2.268647	-1.287890
412	28.539658	3.268647	-1.287890
413	28.539658	4.268647	-1.287890
414	-8.460342	-7.731353	1.584567
415	-8.460342	-6.731353	1.584567
416	-8.460342	-5.731353	1.584567
417	-8.460342	-4.731353	1.584567
418	-8.460342	-3.731353	1.584567
419	-8.460342	-2.731353	1.584567
420	-8.460342	-1.731353	1.584567
421	-7.460342	-7.731353	1.584567
422	-7.460342	-6.731353	1.584567
423	-7.460342	-5.731353	1.584567
424	-7.460342	-4.731353	1.584567
425	-7.460342	-3.731353	1.584567
426	-7.460342	-2.731353	1.584567
427	-7.460342	-1.731353	1.584567
428	-6.460342	-7.731353	1.584567
429	-6.460342	-5.731353	1.584567
430	-6.460342	-4.731353	1.584567
431	-6.460342	-3.731353	1.584567
432	-6.460342	-2.731353	1.584567
433	-6.460342	-1.731353	1.584567
434	-5.460342	-7.731353	1.584567
435	-5.460342	-6.731353	1.584567
436	-5.460342	-5.731353	1.584567
437	-5.460342	-3.731353	1.584567
438	-5.460342	-2.731353	1.584567
439	-5.460342	-1.731353	1.584567
440	-4.460342	-7.731353	1.543493
441	-4.460342	-2.731353	1.569191
442	-4.460342	-1.731353	1.569191
443	-3.460342	-7.731353	1.543493
444	-3.460342	-6.731353	1.543493
445	-3.460342	-5.731353	1.543493
446	-3.460342	-4.731353	1.569191
447	-3.460342	-3.731353	1.569191
448	-3.460342	-2.731353	1.569191
449	-3.460342	-1.731353	1.569191
450	-2.460342	-3.731353	1.569191
451	-2.460342	-2.731353	1.569191
452	-2.460342	-1.731353	1.569191
453	-1.460342	-7.731353	1.577707
454	-1.460342	-6.731353	1.577707
455	-1.460342	-5.731353	1.577707
456	-1.460342	-4.731353	1.577707
457	-1.460342	-2.731353	1.569191
458	-1.460342	-1.731353	1.569191
459	-0.460342	-7.731353	1.577707
460	-0.460342	-6.731353	1.577707
461	-0.460342	-2.731353	1.569191
462	-0.460342	-1.731353	1.569191
463	0.539658	-2.731353	1.569191
464	0.539658	-1.731353	1.569191
465	1.539658	-2.731353	1.569191
466	1.539658	-1.731353	1.569191
467	2.539658	-2.731353	1.569191
468	2.539658	-1.731353	1.569191
469	3.539658	-2.731353	1.569191
470	3.539658	-1.731353	1.569191
471	4.539658	-2.731353	1.569191
472	4.539658	3.268647	1.593198
473	4.539658	4.268647	1.589753
474	4.539658	5.268647	1.589753
475	4.539658	6.268647	1.589753
476	5.539658	-2.731353	1.558856
477	5.539658	-1.731353	1.558856
478	5.539658	-0.731353	1.558856
479	5.539658	0.268647	1.558856
480	5.539658	1.268647	1.558856
481	5.539658	3.268647	1.593198
482	5.539658	4.268647	1.589753
483	5.539658	5.268647	1.589753
484	5.539658	6.268647	1.589753
485	6.539658	-0.731353	1.558856
486	6.539658	0.268647	1.558856
487	6.539658	1.268647	1.558856
488	6.539658	4.268647	1.589753
489	6.539658	5.268647	1.589753
490	7.539658	-0.731353	1.558856
491	7.539658	0.268647	1.558856
492	7.539658	1.268647	1.558856
493	7.539658	3.268647	1.589753
494	7.539658	4.268647	1.589753
495	7.539658	5.268647	1.589753
496	7.539658	6.268647	1.589753
497	8.539658	-5.731353	1.539407
498	8.539658	-4.731353	1.581110
499	8.539658	-3.731353	1.581110
500	8.539658	-2.731353	1.581110
501	8.539658	-0.731353	1.581110
502	8.539658	0.268647	1.581110
503	8.539658	4.268647	1.589753
504	8.539658	5.268647	1.589753
505	8.539658	6.268647	1.589753
506	9.539658	-5.731353	1.539407
507	9.539658	-3.731353	1.581110
508	9.539658	-2.731353	1.581110
509	9.539658	-1.731353	1.581110
510	9.539658	-0.731353	1.581110
511	9.539658	0.268647	1.581110
512	9.539658	1.268647	1.581110
513	9.539658	2.268647	1.581110
514	9.539658	3.268647	1.589753
515	9.539658	4.268647	1.589753
516	9.539658	5.268647	1.589753
517	9.539658	6.268647	1.589753
518	10.539658	-6.731353	1.539407
519	10.539658	-5.731353	1.539407
520	10.539658	-3.731353	1.581110
521	10.539658	-2.731353	1.581110
522	10.539658	-1.731353	1.581110
523	10.539658	-0.731353	1.581110
524	10.539658	0.268647	1.581110
525	10.539658	1.268647	1.581110
526	10.539658	2.268647	1.581110
527	10.539658	4.268647	1.589753
528	10.539658	5.268647	1.589753
529	10.539658	6.268647	1.589753
530	11.539658	-3.731353	1.581110
531	11.539658	-2.731353	1.581110
532	11.539658	-1.731353	1.581110
533	11.539658	-0.731353	1.581110
534	11.539658	0.268647	1.581110
535	11.539658	1.268647	1.581110
536	11.539658	2.268647	1.581110
537	11.539658	3.268647	1.589753
538	11.539658	4.268647	1.589753
539	11.539658	5.268647	1.589753
540	11.539658	6.268647	1.589753
541	12.539658	-7.731353	1.563687
542	12.539658	-6.731353	1.563687
543	12.539658	-5.731353	1.563687
544	12.539658	-3.731353	1.581110
545	12.539658	-2.731353	1.581110
546	12.539658	-1.731353	1.581110
547	12.539658	-0.731353	1.581110
548	12.539658	0.268647	1.581110
549	12.539658	1.268647	1.581110
550	12.539658	2.268647	1.581110
551	12.539658	3.268647	1.589753
552	12.539658	4.268647	1.589753
553	12.539658	5.268647	1.589753
554	12.539658	6.268647	1.589753
555	13.539658	-7.731353	1.563687
556	13.539658	-6.731353	1.563687
557	13.539658	-5.731353	1.563687
558	13.539658	-4.731353	1.581110
559	13.539658	-3.731353	1.581110
560	13.539658	-2.731353	1.581110
561	13.539658	-1.731353	1.581110
562	13.539658	-0.731353	1.581110
563	13.539658	0.268647	1.581110
564	13.539658	1.268647	1.581110
565	13.539658	4.268647	1.589753
566	13.539658	5.268647	1.589753
567	14.539658	-6.731353	1.563687
568	14.539658	-1.731353	1.487971
569	14.539658	-0.731353	1.487971
570	14.539658	0.268647	1.487971
571	14.539658	1.268647	1.487971
572	14.539658	3.268647	1.487971
573	14.539658	4.268647	1.487971
574	14.539658	5.268647	1.487971
575	15.539658	-7.731353	1.487971
576	15.539658	-6.731353	1.487971
577	15.539658	-5.731353	1.487971
578	15.539658	-4.731353	1.487971
579	15.539658	-3.731353	1.487971
580	15.539658	-2.731353	1.487971
581	15.539658	-1.731353	1.487971
582	15.539658	-0.731353	1.487971
583	15.539658	0.268647	1.487971
584	15.539658	1.268647	1.487971
585	15.539658	2.268647	1.487971
586	15.539658	3.268647	1.487971
587	15.539658	4.268647	1.487971
588	15.539658	5.268647	1.487971
589	16.539658	-7.731353	1.487971
590	16.539658	-6.731353	1.487971
591	16.539658	-5.731353	1.487971
592	16.539658	-4.731353	1.487971
593	16.539658	-3.731353	1.487971
594	16.539658	-2.731353	1.487971
595	16.539658	-1.731353	1.487971
596	16.539658	-0.731353	1.487971
597	16.539658	0.268647	1.487971
598	16.539658	1.268647	1.487971
599	16.539658	2.268647	1.487971
600	16.539658	3.268647	1.487971
601	16.539658	4.268647	1.487971
602	16.539658	5.268647	1.487971
603	17.539658	-6.731353	1.487971
604	17.539658	-5.731353	1.487971
605	17.539658	-3.731353	1.487971
606	17.539658	-2.731353	1.487971
607	17.539658	-1.731353	1.487971
608	17.539658	-0.731353	1.487971
609	17.539658	0.268647	1.487971
610	17.539658	1.268647	1.487971
611	17.539658	2.268647	1.487971
612	17.539658	3.268647	1.487971
613	17.539658	4.268647	1.487971
614	17.539658	5.268647	1.487971
615	-0.460342	-7.731353	-1.518750
616	-0.460342	-6.731353	-1.518750
617	-0.460342	-5.731353	-1.518750
618	1.539658	-7.731353	-1.524120
619	1.539658	-6.731353	-1.524120
620	1.539658	-5.731353	-1.524120
621	1.539658	-4.731353	-1.524120
622	1.539658	-3.731353	-1.524120
623	2.539658	-6.731353	-1.524120
624	2.539658	-5.731353	-1.524120
625	2.539658	-4.731353	-1.524120
626	3.539658	-6.731353	-1.524120
627	3.539658	-5.731353	-1.524120
628	3.539658	-4.731353	-1.524120
629	4.539658	-7.731353	-1.524120
630	4.539658	-6.731353	-1.524120
631	4.539658	-5.731353	-1.524120
632	4.539658	-4.731353	-1.524120
633	4.539658	-3.731353	-1.524120
634	1.539658	-7.731353	1.549779
635	1.539658	-6.731353	1.549779
636	1.539658	-5.731353	1.549779
637	1.539658	-4.731353	1.549779
638	2.539658	-7.731353	1.549779
639	2.539658	-6.731353	1.549779
640	2.539658	-5.731353	1.549779
641	2.539658	-4.731353	1.549779
642	3.539658	-7.731353	1.549779
643	3.539658	-6.731353	1.549779
644	3.539658	-5.731353	1.549779
645	3.539658	-4.731353	1.549779
646	4.539658	-5.731353	1.549779
647	5.539658	-5.731353	1.555041
648	5.539658	-3.731353	1.558856
649	6.539658	-5.731353	1.555041
