0	-16.439043	-14.268005	-4.506000
1	-16.439043	-13.268005	-4.506000
2	-16.439043	-12.268005	-4.506000
3	-16.439043	-11.268005	-4.506000
4	-16.439043	-10.268005	-4.506000
5	-16.439043	-9.268005	-4.506000
6	-16.439043	-8.268005	-4.506000
7	-16.439043	-7.268005	-4.506000
8	-16.439043	-6.268005	-4.506000
9	-16.439043	-5.268005	-4.506000
10	-16.439043	-4.268005	-4.506000
11	-16.439043	-3.268005	-4.506000
12	-16.439043	-2.268005	-4.506000
13	-16.439043	-1.268005	-4.506000
14	-16.439043	-0.268005	-4.506000
15	-16.439043	0.731995	-4.506000
16	-16.439043	1.731995	-4.506000
17	-16.439043	2.731995	-4.506000
18	-16.439043	3.731995	-4.506000
19	-16.439043	4.731995	-4.506000
20	-16.439043	5.731995	-4.506000
21	-16.439043	7.731995	-4.540170
22	-16.439043	8.731995	-4.540170
23	-16.439043	9.731995	-4.540170
24	-15.439043	-14.268005	-4.506000
25	-15.439043	-13.268005	-4.506000
26	-15.439043	-12.268005	-4.506000
27	-15.439043	-11.268005	-4.506000
28	-15.439043	-10.268005	-4.506000
29	-15.439043	-9.268005	-4.506000
30	-15.439043	-8.268005	-4.506000
31	-15.439043	-7.268005	-4.506000
32	-15.439043	-6.268005	-4.506000
33	-15.439043	-5.268005	-4.506000
34	-15.439043	-4.268005	-4.506000
35	-15.439043	-3.268005	-4.506000
36	-15.439043	-2.268005	-4.506000
37	-15.439043	-1.268005	-4.506000
38	-15.439043	-0.268005	-4.506000
39	-15.439043	0.731995	-4.506000
40	-15.439043	1.731995	-4.506000
41	-15.439043	2.731995	-4.506000
42	-15.439043	3.731995	-4.506000
43	-15.439043	4.731995	-4.506000
44	-15.439043	5.731995	-4.506000
45	-15.439043	7.731995	-4.540170
46	-15.439043	8.731995	-4.540170
47	-15.439043	9.731995	-4.540170
48	-14.439043	-12.268005	-4.506000
49	-14.439043	-11.268005	-4.506000
50	-14.439043	-10.268005	-4.506000
51	-14.439043	-9.268005	-4.506000
52	-14.439043	-8.268005	-4.506000
53	-14.439043	-7.268005	-4.506000
54	-14.439043	-6.268005	-4.506000
55	-14.439043	-5.268005	-4.506000
56	-14.439043	-4.268005	-4.506000
57	-14.439043	-3.268005	-4.506000
58	-14.439043	-2.268005	-4.506000
59	-14.439043	-1.268005	-4.506000
60	-14.439043	-0.268005	-4.506000
61	-14.439043	0.731995	-4.506000
62	-14.439043	1.731995	-4.506000
63	-14.439043	2.731995	-4.506000
64	-14.439043	3.731995	-4.506000
65	-14.439043	4.731995	-4.506000
66	-14.439043	5.731995	-4.506000
67	-14.439043	7.731995	-4.540170
68	-14.439043	8.731995	-4.540170
69	-14.439043	9.731995	-4.540170
70	-13.439043	-14.268005	-4.506000
71	-13.439043	-13.268005	-4.506000
72	-13.439043	-12.268005	-4.506000
73	-13.439043	-11.268005	-4.506000
74	-13.439043	-10.268005	-4.506000
75	-13.439043	-9.268005	-4.506000
76	-13.439043	-8.268005	-4.506000
77	-13.439043	-7.268005	-4.506000
78	-13.439043	-6.268005	-4.506000
79	-13.439043	-5.268005	-4.506000
80	-13.439043	-4.268005	-4.506000
81	-13.439043	-3.268005	-4.506000
82	-13.439043	-2.268005	-4.506000
83	-13.439043	-1.268005	-4.506000
84	-13.439043	-0.268005	-4.506000
85	-13.439043	0.731995	-4.506000
86	-13.439043	1.731995	-4.506000
87	-13.439043	2.731995	-4.506000
88	-13.439043	3.731995	-4.506000
89	-13.439043	4.731995	-4.506000
90	-13.439043	5.731995	-4.506000
91	-13.439043	7.731995	-4.540170
92	-13.439043	8.731995	-4.540170
93	-13.439043	9.731995	-4.540170
94	-12.439043	-14.268005	-4.506000
95	-12.439043	-13.268005	-4.506000
96	-12.439043	-11.268005	-4.506000
97	-12.439043	-10.268005	-4.506000
98	-12.439043	-9.268005	-4.506000
99	-12.439043	-8.268005	-4.506000
100	-12.439043	-7.268005	-4.506000
101	-12.439043	-6.268005	-4.506000
102	-12.439043	-5.268005	-4.506000
103	-12.439043	-4.268005	-4.506000
104	-12.439043	-3.268005	-4.506000
105	-12.439043	-2.268005	-4.506000
106	-12.439043	-1.268005	-4.506000
107	-12.439043	-0.268005	-4.506000
108	-12.439043	0.731995	-4.506000
109	-12.439043	1.731995	-4.506000
110	-12.439043	2.731995	-4.506000
111	-12.439043	3.731995	-4.506000
112	-12.439043	4.731995	-4.506000
113	-12.439043	5.731995	-4.506000
114	-12.439043	7.731995	-4.540170
115	-12.439043	8.731995	-4.540170
116	-12.439043	9.731995	-4.540170
117	-11.439043	-14.268005	-4.506000
118	-11.439043	-13.268005	-4.506000
119	-11.439043	-12.268005	-4.506000
120	-11.439043	-11.268005	-4.506000
121	-11.439043	-10.268005	-4.506000
122	-11.439043	-9.268005	-4.506000
123	-11.439043	-8.268005	-4.506000
124	-11.439043	-7.268005	-4.506000
125	-11.439043	-6.268005	-4.506000
126	-11.439043	-5.268005	-4.506000
127	-11.439043	-4.268005	-4.506000
128	-11.439043	-3.268005	-4.506000
129	-11.439043	-2.268005	-4.506000
130	-11.439043	-1.268005	-4.506000
131	-11.439043	-0.268005	-4.506000
132	-11.439043	0.731995	-4.506000
133	-11.439043	1.731995	-4.506000
134	-11.439043	2.731995	-4.506000
135	-11.439043	3.731995	-4.506000
136	-11.439043	4.731995	-4.506000
137	-11.439043	5.731995	-4.506000
138	-11.439043	7.731995	-4.540170
139	-11.439043	8.731995	-4.540170
140	-11.439043	9.731995	-4.540170
141	-10.439043	-14.268005	-4.506000
142	-10.439043	-13.268005	-4.506000
143	-10.439043	-12.268005	-4.506000
144	-10.439043	-11.268005	-4.506000
145	-10.439043	-10.268005	-4.506000
146	-10.439043	-9.268005	-4.506000
147	-10.439043	-8.268005	-4.506000
148	-10.439043	-7.268005	-4.506000
149	-10.439043	-6.268005	-4.506000
150	-10.439043	-5.268005	-4.506000
151	-10.439043	-4.268005	-4.506000
152	-10.439043	-3.268005	-4.506000
153	-10.439043	-2.268005	-4.506000
154	-10.439043	-1.268005	-4.506000
155	-10.439043	-0.268005	-4.506000
156	-10.439043	0.731995	-4.506000
157	-10.439043	1.731995	-4.506000
158	-10.439043	2.731995	-4.506000
159	-10.439043	3.731995	-4.506000
160	-10.439043	4.731995	-4.506000
161	-10.439043	5.731995	-4.506000
162	-10.439043	7.731995	-4.540170
163	-10.439043	8.731995	-4.540170
164	-10.439043	9.731995	-4.540170
165	-9.439043	-14.268005	-4.506000
166	-9.439043	-13.268005	-4.506000
167	-9.439043	-12.268005	-4.506000
168	-9.439043	-11.268005	-4.506000
169	-9.439043	-10.268005	-4.506000
170	-9.439043	-9.268005	-4.506000
171	-9.439043	-8.268005	-4.506000
172	-9.439043	-7.268005	-4.506000
173	-9.439043	-6.268005	-4.506000
174	-9.439043	-5.268005	-4.506000
175	-9.439043	-4.268005	-4.506000
176	-9.439043	-3.268005	-4.506000
177	-9.439043	-2.268005	-4.506000
178	-9.439043	-1.268005	-4.506000
179	-9.439043	-0.268005	-4.506000
180	-9.439043	0.731995	-4.506000
181	-9.439043	1.731995	-4.506000
182	-9.439043	2.731995	-4.506000
183	-9.439043	3.731995	-4.506000
184	-9.439043	4.731995	-4.506000
185	-9.439043	5.731995	-4.506000
186	-9.439043	7.731995	-4.540170
187	-9.439043	8.731995	-4.540170
188	-9.439043	9.731995	-4.540170
189	-8.439043	-14.268005	-4.506000
190	-8.439043	-13.268005	-4.506000
191	-8.439043	-12.268005	-4.506000
192	-8.439043	-11.268005	-4.506000
193	-8.439043	-10.268005	-4.506000
194	-8.439043	-9.268005	-4.506000
195	-8.439043	-8.268005	-4.506000
196	-8.439043	-7.268005	-4.506000
197	-8.439043	-6.268005	-4.506000
198	-8.439043	-5.268005	-4.506000
199	-8.439043	-4.268005	-4.506000
200	-8.439043	-3.268005	-4.506000
201	-8.439043	-2.268005	-4.506000
202	-8.439043	-1.268005	-4.506000
203	-8.439043	-0.268005	-4.506000
204	-8.439043	0.731995	-4.506000
205	-8.439043	1.731995	-4.506000
206	-8.439043	2.731995	-4.506000
207	-8.439043	3.731995	-4.506000
208	-8.439043	4.731995	-4.506000
209	-8.439043	5.731995	-4.506000
210	-8.439043	7.731995	-4.540170
211	-8.439043	8.731995	-4.540170
212	-8.439043	9.731995	-4.540170
213	-7.439043	-14.268005	-4.506000
214	-7.439043	-13.268005	-4.506000
215	-7.439043	-12.268005	-4.506000
216	-7.439043	-11.268005	-4.506000
217	-7.439043	-10.268005	-4.506000
218	-7.439043	-9.268005	-4.506000
219	-7.439043	-8.268005	-4.506000
220	-7.439043	-7.268005	-4.506000
221	-7.439043	-6.268005	-4.506000
222	-7.439043	-5.268005	-4.506000
223	-7.439043	-4.268005	-4.506000
224	-7.439043	-3.268005	-4.506000
225	-7.439043	-2.268005	-4.506000
226	-7.439043	-1.268005	-4.506000
227	-7.439043	-0.268005	-4.506000
228	-7.439043	0.731995	-4.506000
229	-7.439043	1.731995	-4.506000
230	-7.439043	2.731995	-4.506000
231	-7.439043	3.731995	-4.506000
232	-7.439043	4.731995	-4.506000
233	-7.439043	5.731995	-4.506000
234	-7.439043	7.731995	-4.540170
235	-7.439043	8.731995	-4.540170
236	-7.439043	9.731995	-4.540170
237	-6.439043	-14.268005	-4.506000
238	-6.439043	-13.268005	-4.506000
239	-6.439043	-12.268005	-4.506000
240	-6.439043	-11.268005	-4.506000
241	-6.439043	-10.268005	-4.506000
242	-6.439043	-9.268005	-4.506000
243	-6.439043	-8.268005	-4.506000
244	-6.439043	-7.268005	-4.506000
245	-6.439043	-6.268005	-4.506000
246	-6.439043	-5.268005	-4.506000
247	-6.439043	-4.268005	-4.506000
248	-6.439043	-3.268005	-4.506000
249	-6.439043	-2.268005	-4.506000
250	-6.439043	-1.268005	-4.506000
251	-6.439043	-0.268005	-4.506000
252	-6.439043	0.731995	-4.506000
253	-6.439043	1.731995	-4.506000
254	-6.439043	2.731995	-4.506000
255	-6.439043	3.731995	-4.506000
256	-6.439043	4.731995	-4.506000
257	-6.439043	5.731995	-4.506000
258	-6.439043	7.731995	-4.540170
259	-6.439043	8.731995	-4.540170
260	-6.439043	9.731995	-4.540170
261	-5.439043	-6.268005	-4.506000
262	-5.439043	-3.268005	-4.506000
263	-5.439043	-2.268005	-4.506000
264	-5.439043	-0.268005	-4.506000
265	-5.439043	0.731995	-4.506000
266	-5.439043	2.731995	-4.506000
267	-5.439043	4.731995	-4.506000
268	-5.439043	5.731995	-4.506000
269	-5.439043	7.731995	-4.540170
270	-5.439043	8.731995	-4.540170
271	-5.439043	9.731995	-4.540170
272	-4.439043	-14.268005	-4.498550
273	-4.439043	-13.268005	-4.498550
274	-4.439043	-12.268005	-4.498550
275	-4.439043	-11.268005	-4.498550
276	-4.439043	-10.268005	-4.498550
277	-4.439043	-9.268005	-4.498550
278	-4.439043	-8.268005	-4.498550
279	-4.439043	-7.268005	-4.498550
280	-4.439043	-6.268005	-4.498550
281	-4.439043	-5.268005	-4.498550
282	-4.439043	-2.268005	-4.498550
283	-4.439043	2.731995	-4.498550
284	-4.439043	7.731995	-4.540170
285	-4.439043	8.731995	-4.540170
286	-4.439043	9.731995	-4.540170
287	-3.439043	-14.268005	-4.498550
288	-3.439043	-13.268005	-4.498550
289	-3.439043	-12.268005	-4.498550
290	-3.439043	-11.268005	-4.498550
291	-3.439043	-10.268005	-4.498550
292	-3.439043	-9.268005	-4.498550
293	-3.439043	-8.268005	-4.498550
294	-3.439043	-7.268005	-4.498550
295	-3.439043	-6.268005	-4.498550
296	-3.439043	-5.268005	-4.498550
297	-3.439043	-4.268005	-4.498550
298	-3.439043	-3.268005	-4.498550
299	-3.439043	-2.268005	-4.498550
300	-3.439043	-1.268005	-4.498550
301	-3.439043	-0.268005	-4.498550
302	-3.439043	0.731995	-4.498550
303	-3.439043	1.731995	-4.498550
304	-3.439043	2.731995	-4.498550
305	-3.439043	3.731995	-4.498550
306	-3.439043	4.731995	-4.498550
307	-3.439043	5.731995	-4.498550
308	-3.439043	7.731995	-4.540170
309	-3.439043	8.731995	-4.540170
310	-3.439043	9.731995	-4.540170
311	-2.439043	-14.268005	-4.498550
312	-2.439043	-13.268005	-4.498550
313	-2.439043	-12.268005	-4.498550
314	-2.439043	-11.268005	-4.498550
315	-2.439043	-10.268005	-4.498550
316	-2.439043	-9.268005	-4.498550
317	-2.439043	-8.268005	-4.498550
318	-2.439043	-7.268005	-4.498550
319	-2.439043	-6.268005	-4.498550
320	-2.439043	-5.268005	-4.498550
321	-2.439043	-4.268005	-4.498550
322	-2.439043	-3.268005	-4.498550
323	-2.439043	-2.268005	-4.498550
324	-2.439043	-1.268005	-4.498550
325	-2.439043	-0.268005	-4.498550
326	-2.439043	0.731995	-4.498550
327	-2.439043	1.731995	-4.498550
328	-2.439043	2.731995	-4.498550
329	-2.439043	3.731995	-4.498550
330	-2.439043	4.731995	-4.498550
331	-2.439043	5.731995	-4.498550
332	-2.439043	7.731995	-4.540170
333	-2.439043	8.731995	-4.540170
334	-2.439043	9.731995	-4.540170
335	-1.439043	-14.268005	-4.498550
336	-1.439043	-13.268005	-4.498550
337	-1.439043	-12.268005	-4.498550
338	-1.439043	-11.268005	-4.498550
339	-1.439043	-10.268005	-4.498550
340	-1.439043	-9.268005	-4.498550
341	-1.439043	-6.268005	-4.493200
342	-1.439043	-4.268005	-4.493200
343	-1.439043	-3.268005	-4.498550
344	-1.439043	-2.268005	-4.498550
345	-1.439043	-1.268005	-4.498550
346	-1.439043	-0.268005	-4.498550
347	-1.439043	0.731995	-4.498550
348	-1.439043	1.731995	-4.498550
349	-1.439043	2.731995	-4.498550
350	-1.439043	3.731995	-4.498550
351	-1.439043	4.731995	-4.498550
352	-1.439043	5.731995	-4.498550
353	-1.439043	7.731995	-4.540170
354	-1.439043	8.731995	-4.540170
355	-1.439043	9.731995	-4.540170
356	-0.439043	-14.268005	-4.498550
357	-0.439043	-13.268005	-4.498550
358	-0.439043	-12.268005	-4.498550
359	-0.439043	-11.268005	-4.498550
360	-0.439043	-10.268005	-4.498550
361	-0.439043	-9.268005	-4.498550
362	-0.439043	-5.268005	-4.493200
363	-0.439043	-4.268005	-4.493200
364	-0.439043	-3.268005	-4.498550
365	-0.439043	-2.268005	-4.498550
366	-0.439043	-1.268005	-4.498550
367	-0.439043	-0.268005	-4.498550
368	-0.439043	0.731995	-4.498550
369	-0.439043	1.731995	-4.498550
370	-0.439043	2.731995	-4.498550
371	-0.439043	3.731995	-4.498550
372	-0.439043	4.731995	-4.498550
373	-0.439043	5.731995	-4.498550
374	-0.439043	7.731995	-4.540170
375	-0.439043	8.731995	-4.540170
376	-0.439043	9.731995	-4.540170
377	0.560957	-14.268005	-4.498550
378	0.560957	-13.268005	-4.498550
379	0.560957	-12.268005	-4.498550
380	0.560957	-11.268005	-4.498550
381	0.560957	-10.268005	-4.498550
382	0.560957	-9.268005	-4.498550
383	0.560957	-6.268005	-4.493200
384	0.560957	-4.268005	-4.493200
385	0.560957	-3.268005	-4.498550
386	0.560957	-2.268005	-4.498550
387	0.560957	-1.268005	-4.498550
388	0.560957	-0.268005	-4.498550
389	0.560957	0.731995	-4.498550
390	0.560957	1.731995	-4.498550
391	0.560957	2.731995	-4.498550
392	0.560957	3.731995	-4.498550
393	0.560957	4.731995	-4.498550
394	0.560957	7.731995	-4.540170
395	0.560957	8.731995	-4.540170
396	0.560957	9.731995	-4.540170
397	1.560957	-14.268005	-4.498550
398	1.560957	-13.268005	-4.498550
399	1.560957	-12.268005	-4.498550
400	1.560957	-11.268005	-4.498550
401	1.560957	-10.268005	-4.498550
402	1.560957	-9.268005	-4.498550
403	1.560957	-8.268005	-4.498550
404	1.560957	-7.268005	-4.498550
405	1.560957	-6.268005	-4.498550
406	1.560957	-5.268005	-4.498550
407	1.560957	-4.268005	-4.498550
408	1.560957	-3.268005	-4.498550
409	1.560957	-2.268005	-4.498550
410	1.560957	-1.268005	-4.498550
411	1.560957	-0.268005	-4.498550
412	1.560957	0.731995	-4.498550
413	1.560957	1.731995	-4.498550
414	1.560957	2.731995	-4.498550
415	1.560957	3.731995	-4.498550
416	1.560957	4.731995	-4.498550
417	1.560957	5.731995	-4.498550
418	1.560957	7.731995	-4.540170
419	1.560957	8.731995	-4.540170
420	1.560957	9.731995	-4.540170
421	2.560957	-14.268005	-4.498550
422	2.560957	-13.268005	-4.498550
423	2.560957	-12.268005	-4.498550
424	2.560957	-11.268005	-4.498550
425	2.560957	-10.268005	-4.498550
426	2.560957	-9.268005	-4.498550
427	2.560957	-8.268005	-4.498550
428	2.560957	-7.268005	-4.498550
429	2.560957	-6.268005	-4.498550
430	2.560957	-5.268005	-4.498550
431	2.560957	-4.268005	-4.498550
432	2.560957	-3.268005	-4.498550
433	2.560957	-2.268005	-4.498550
434	2.560957	-1.268005	-4.498550
435	2.560957	-0.268005	-4.498550
436	2.560957	0.731995	-4.498550
437	2.560957	1.731995	-4.498550
438	2.560957	2.731995	-4.498550
439	2.560957	3.731995	-4.498550
440	2.560957	4.731995	-4.498550
441	2.560957	5.731995	-4.498550
442	2.560957	7.731995	-4.540170
443	2.560957	8.731995	-4.540170
444	2.560957	9.731995	-4.540170
445	3.560957	-14.268005	-4.498550
446	3.560957	-11.268005	-4.498550
447	3.560957	-8.268005	-4.498550
448	3.560957	-7.268005	-4.498550
449	3.560957	-6.268005	-4.498550
450	3.560957	-5.268005	-4.498550
451	3.560957	-2.268005	-4.498550
452	3.560957	-0.268005	-4.498550
453	3.560957	0.731995	-4.498550
454	3.560957	1.731995	-4.498550
455	3.560957	2.731995	-4.498550
456	3.560957	3.731995	-4.498550
457	3.560957	4.731995	-4.498550
458	3.560957	7.731995	-4.540170
459	3.560957	8.731995	-4.540170
460	3.560957	9.731995	-4.540170
461	4.560957	-11.268005	-4.538780
462	4.560957	-5.268005	-4.515910
463	4.560957	-2.268005	-4.497890
464	4.560957	2.731995	-4.501600
465	4.560957	4.731995	-4.502490
466	4.560957	5.731995	-4.502490
467	4.560957	7.731995	-4.540170
468	4.560957	8.731995	-4.540170
469	4.560957	9.731995	-4.540170
470	5.560957	-14.268005	-4.553950
471	5.560957	-13.268005	-4.553950
472	5.560957	-12.268005	-4.553950
473	5.560957	-11.268005	-4.538780
474	5.560957	-10.268005	-4.530860
475	5.560957	-9.268005	-4.530860
476	5.560957	-8.268005	-4.530860
477	5.560957	-7.268005	-4.514350
478	5.560957	-6.268005	-4.514350
479	5.560957	-5.268005	-4.515910
480	5.560957	-2.268005	-4.497890
481	5.560957	2.731995	-4.501600
482	5.560957	3.731995	-4.502490
483	5.560957	4.731995	-4.502490
484	5.560957	5.731995	-4.502490
485	5.560957	7.731995	-4.540170
486	5.560957	8.731995	-4.540170
487	5.560957	9.731995	-4.540170
488	6.560957	-11.268005	-4.538780
489	6.560957	-2.268005	-4.497890
490	6.560957	2.731995	-4.501600
491	6.560957	7.731995	-4.540170
492	6.560957	8.731995	-4.540170
493	6.560957	9.731995	-4.540170
494	7.560957	-14.268005	-4.554700
495	7.560957	-13.268005	-4.554700
496	7.560957	-12.268005	-4.554700
497	7.560957	-11.268005	-4.554700
498	7.560957	-10.268005	-4.554700
499	7.560957	-9.268005	-4.554700
500	7.560957	-8.268005	-4.554700
501	7.560957	-7.268005	-4.554700
502	7.560957	-6.268005	-4.554700
503	7.560957	-5.268005	-4.554700
504	7.560957	-4.268005	-4.554700
505	7.560957	-3.268005	-4.554700
506	7.560957	-2.268005	-4.554700
507	7.560957	-0.268005	-4.523170
508	7.560957	0.731995	-4.523170
509	7.560957	1.731995	-4.523170
510	7.560957	2.731995	-4.523170
511	7.560957	3.731995	-4.523170
512	7.560957	4.731995	-4.523170
513	7.560957	5.731995	-4.523170
514	7.560957	7.731995	-4.540170
515	7.560957	8.731995	-4.540170
516	7.560957	9.731995	-4.540170
517	8.560957	-14.268005	-4.554700
518	8.560957	-13.268005	-4.554700
519	8.560957	-12.268005	-4.554700
520	8.560957	-11.268005	-4.554700
521	8.560957	-10.268005	-4.554700
522	8.560957	-9.268005	-4.554700
523	8.560957	-8.268005	-4.554700
524	8.560957	-7.268005	-4.554700
525	8.560957	-6.268005	-4.554700
526	8.560957	-5.268005	-4.554700
527	8.560957	-4.268005	-4.554700
528	8.560957	-3.268005	-4.554700
529	8.560957	-2.268005	-4.554700
530	8.560957	-0.268005	-4.523170
531	8.560957	0.731995	-4.523170
532	8.560957	1.731995	-4.523170
533	8.560957	2.731995	-4.523170
534	8.560957	3.731995	-4.523170
535	8.560957	4.731995	-4.523170
536	8.560957	5.731995	-4.523170
537	8.560957	7.731995	-4.540170
538	8.560957	8.731995	-4.540170
539	8.560957	9.731995	-4.540170
540	9.560957	-14.268005	-4.554700
541	9.560957	-13.268005	-4.554700
542	9.560957	-12.268005	-4.554700
543	9.560957	-11.268005	-4.554700
544	9.560957	-10.268005	-4.554700
545	9.560957	-9.268005	-4.554700
546	9.560957	-8.268005	-4.554700
547	9.560957	-7.268005	-4.554700
548	9.560957	-6.268005	-4.554700
549	9.560957	-5.268005	-4.554700
550	9.560957	-4.268005	-4.554700
551	9.560957	-3.268005	-4.554700
552	9.560957	-2.268005	-4.554700
553	9.560957	-0.268005	-4.523170
554	9.560957	0.731995	-4.523170
555	9.560957	1.731995	-4.523170
556	9.560957	2.731995	-4.523170
557	9.560957	3.731995	-4.523170
558	9.560957	4.731995	-4.523170
559	9.560957	5.731995	-4.523170
560	9.560957	7.731995	-4.540170
561	9.560957	8.731995	-4.540170
562	9.560957	9.731995	-4.540170
563	10.560957	-14.268005	-4.554700
564	10.560957	-13.268005	-4.554700
565	10.560957	-12.268005	-4.554700
566	10.560957	-11.268005	-4.554700
567	10.560957	-10.268005	-4.554700
568	10.560957	-9.268005	-4.554700
569	10.560957	-8.268005	-4.554700
570	10.560957	-7.268005	-4.554700
571	10.560957	-6.268005	-4.554700
572	10.560957	-5.268005	-4.554700
573	10.560957	-4.268005	-4.554700
574	10.560957	-3.268005	-4.554700
575	10.560957	-2.268005	-4.554700
576	10.560957	-0.268005	-4.523170
577	10.560957	0.731995	-4.523170
578	10.560957	1.731995	-4.523170
579	10.560957	2.731995	-4.523170
580	10.560957	3.731995	-4.523170
581	10.560957	4.731995	-4.523170
582	10.560957	5.731995	-4.523170
583	10.560957	7.731995	-4.540170
584	10.560957	8.731995	-4.540170
585	10.560957	9.731995	-4.540170
586	11.560957	-14.268005	-4.554700
587	11.560957	-13.268005	-4.554700
588	11.560957	-12.268005	-4.554700
589	11.560957	-11.268005	-4.554700
590	11.560957	-10.268005	-4.554700
591	11.560957	-9.268005	-4.554700
592	11.560957	-8.268005	-4.554700
593	11.560957	-7.268005	-4.554700
594	11.560957	-6.268005	-4.554700
595	11.560957	-5.268005	-4.554700
596	11.560957	-4.268005	-4.554700
597	11.560957	-3.268005	-4.554700
598	11.560957	-2.268005	-4.554700
599	11.560957	-0.268005	-4.523170
600	11.560957	0.731995	-4.523170
601	11.560957	1.731995	-4.523170
602	11.560957	2.731995	-4.523170
603	11.560957	3.731995	-4.523170
604	11.560957	4.731995	-4.523170
605	11.560957	5.731995	-4.523170
606	11.560957	7.731995	-4.540170
607	11.560957	8.731995	-4.540170
608	11.560957	9.731995	-4.540170
609	12.560957	-14.268005	-4.554700
610	12.560957	-13.268005	-4.554700
611	12.560957	-12.268005	-4.554700
612	12.560957	-11.268005	-4.554700
613	12.560957	-10.268005	-4.554700
614	12.560957	-9.268005	-4.554700
615	12.560957	-8.268005	-4.554700
616	12.560957	-7.268005	-4.554700
617	12.560957	-6.268005	-4.554700
618	12.560957	-5.268005	-4.554700
619	12.560957	-4.268005	-4.554700
620	12.560957	-3.268005	-4.554700
621	12.560957	-2.268005	-4.554700
622	12.560957	-0.268005	-4.523170
623	12.560957	0.731995	-4.523170
624	12.560957	1.731995	-4.523170
625	12.560957	2.731995	-4.523170
626	12.560957	3.731995	-4.523170
627	12.560957	4.731995	-4.523170
628	12.560957	5.731995	-4.523170
629	12.560957	7.731995	-4.540170
630	12.560957	8.731995	-4.540170
631	12.560957	9.731995	-4.540170
632	13.560957	-14.268005	-4.554700
633	13.560957	-13.268005	-4.554700
634	13.560957	-12.268005	-4.554700
635	13.560957	-11.268005	-4.554700
636	13.560957	-10.268005	-4.554700
637	13.560957	-9.268005	-4.554700
638	13.560957	-8.268005	-4.554700
639	13.560957	-7.268005	-4.554700
640	13.560957	-6.268005	-4.554700
641	13.560957	-5.268005	-4.554700
642	13.560957	-4.268005	-4.554700
643	13.560957	-3.268005	-4.554700
644	13.560957	-2.268005	-4.554700
645	13.560957	-0.268005	-4.523170
646	13.560957	0.731995	-4.523170
647	13.560957	1.731995	-4.523170
648	13.560957	2.731995	-4.523170
649	13.560957	3.731995	-4.523170
650	13.560957	4.731995	-4.523170
651	13.560957	5.731995	-4.523170
652	13.560957	7.731995	-4.540170
653	13.560957	8.731995	-4.540170
654	13.560957	9.731995	-4.540170
655	14.560957	-14.268005	-4.554700
656	14.560957	-13.268005	-4.554700
657	14.560957	-12.268005	-4.554700
658	14.560957	-11.268005	-4.554700
659	14.560957	-10.268005	-4.554700
660	14.560957	-9.268005	-4.554700
661	14.560957	-8.268005	-4.554700
662	14.560957	-7.268005	-4.554700
663	14.560957	-6.268005	-4.554700
664	14.560957	-5.268005	-4.554700
665	14.560957	-4.268005	-4.554700
666	14.560957	-3.268005	-4.554700
667	14.560957	-2.268005	-4.554700
668	14.560957	-0.268005	-4.523170
669	14.560957	0.731995	-4.523170
670	14.560957	1.731995	-4.523170
671	14.560957	2.731995	-4.523170
672	14.560957	3.731995	-4.523170
673	14.560957	4.731995	-4.523170
674	14.560957	5.731995	-4.523170
675	14.560957	7.731995	-4.540170
676	14.560957	8.731995	-4.540170
677	14.560957	9.731995	-4.540170
678	15.560957	-14.268005	-4.554700
679	15.560957	-13.268005	-4.554700
680	15.560957	-12.268005	-4.554700
681	15.560957	-11.268005	-4.554700
682	15.560957	-10.268005	-4.554700
683	15.560957	-9.268005	-4.554700
684	15.560957	-8.268005	-4.554700
685	15.560957	-7.268005	-4.554700
686	15.560957	-6.268005	-4.554700
687	15.560957	-5.268005	-4.554700
688	15.560957	-4.268005	-4.554700
689	15.560957	-3.268005	-4.554700
690	15.560957	-2.268005	-4.554700
691	15.560957	-0.268005	-4.523170
692	15.560957	0.731995	-4.523170
693	15.560957	1.731995	-4.523170
694	15.560957	2.731995	-4.523170
695	15.560957	3.731995	-4.523170
696	15.560957	4.731995	-4.523170
697	15.560957	7.731995	-4.540170
698	15.560957	8.731995	-4.540170
699	15.560957	9.731995	-4.540170
700	16.560957	8.731995	-4.540170
701	-17.439043	-15.268005	1.556624
702	-17.439043	-6.268005	1.624523
703	-17.439043	-3.268005	1.624523
704	-17.439043	0.731995	1.633314
705	-17.439043	5.731995	1.633314
706	-16.439043	-14.268005	1.602471
707	-16.439043	-13.268005	1.602471
708	-16.439043	-12.268005	1.602471
709	-16.439043	-11.268005	1.602471
710	-16.439043	-10.268005	1.602471
711	-16.439043	-9.268005	1.602471
712	-16.439043	-7.268005	1.624523
713	-16.439043	-6.268005	1.624523
714	-16.439043	-5.268005	1.624523
715	-16.439043	-4.268005	1.624523
716	-16.439043	-3.268005	1.624523
717	-16.439043	-2.268005	1.624523
718	-16.439043	-0.268005	1.633314
719	-16.439043	0.731995	1.633314
720	-16.439043	1.731995	1.633314
721	-16.439043	2.731995	1.633314
722	-16.439043	3.731995	1.633314
723	-16.439043	4.731995	1.633314
724	-16.439043	5.731995	1.633314
725	-15.439043	-14.268005	1.602471
726	-15.439043	-13.268005	1.602471
727	-15.439043	-12.268005	1.602471
728	-15.439043	-11.268005	1.602471
729	-15.439043	-10.268005	1.602471
730	-15.439043	-9.268005	1.602471
731	-15.439043	-8.268005	1.602471
732	-15.439043	-7.268005	1.624523
733	-15.439043	-6.268005	1.624523
734	-15.439043	-5.268005	1.624523
735	-15.439043	-4.268005	1.624523
736	-15.439043	-3.268005	1.624523
737	-15.439043	-2.268005	1.624523
738	-15.439043	-0.268005	1.633314
739	-15.439043	0.731995	1.633314
740	-15.439043	1.731995	1.633314
741	-15.439043	2.731995	1.633314
742	-15.439043	3.731995	1.633314
743	-15.439043	4.731995	1.633314
744	-15.439043	5.731995	1.633314
745	-14.439043	-14.268005	1.602471
746	-14.439043	-13.268005	1.602471
747	-14.439043	-12.268005	1.602471
748	-14.439043	-11.268005	1.602471
749	-14.439043	-10.268005	1.602471
750	-14.439043	-9.268005	1.602471
751	-14.439043	-8.268005	1.602471
752	-14.439043	-7.268005	1.624523
753	-14.439043	-6.268005	1.624523
754	-14.439043	-5.268005	1.624523
755	-14.439043	-4.268005	1.624523
756	-14.439043	-3.268005	1.624523
757	-14.439043	-2.268005	1.624523
758	-14.439043	-0.268005	1.633314
759	-14.439043	0.731995	1.633314
760	-14.439043	1.731995	1.633314
761	-14.439043	2.731995	1.633314
762	-14.439043	3.731995	1.633314
763	-14.439043	4.731995	1.633314
764	-14.439043	5.731995	1.633314
765	-13.439043	-14.268005	1.602471
766	-13.439043	-13.268005	1.602471
767	-13.439043	-12.268005	1.602471
768	-13.439043	-11.268005	1.602471
769	-13.439043	-10.268005	1.602471
770	-13.439043	-9.268005	1.602471
771	-13.439043	-8.268005	1.602471
772	-13.439043	-7.268005	1.624523
773	-13.439043	-6.268005	1.624523
774	-13.439043	-5.268005	1.624523
775	-13.439043	-4.268005	1.624523
776	-13.439043	-3.268005	1.624523
777	-13.439043	-2.268005	1.624523
778	-13.439043	-0.268005	1.633314
779	-13.439043	0.731995	1.633314
780	-13.439043	1.731995	1.633314
781	-13.439043	2.731995	1.633314
782	-13.439043	3.731995	1.633314
783	-13.439043	4.731995	1.633314
784	-13.439043	5.731995	1.633314
785	-12.439043	-14.268005	1.602471
786	-12.439043	-13.268005	1.602471
787	-12.439043	-12.268005	1.602471
788	-12.439043	-11.268005	1.602471
789	-12.439043	-10.268005	1.602471
790	-12.439043	-9.268005	1.602471
791	-12.439043	-8.268005	1.602471
792	-12.439043	-7.268005	1.624523
793	-12.439043	-6.268005	1.624523
794	-12.439043	-5.268005	1.624523
795	-12.439043	-4.268005	1.624523
796	-12.439043	-3.268005	1.624523
797	-12.439043	-2.268005	1.624523
798	-12.439043	-0.268005	1.633314
799	-12.439043	0.731995	1.633314
800	-12.439043	1.731995	1.633314
801	-12.439043	2.731995	1.633314
802	-12.439043	3.731995	1.633314
803	-12.439043	4.731995	1.633314
804	-12.439043	5.731995	1.633314
805	-11.439043	-14.268005	1.602471
806	-11.439043	-13.268005	1.602471
807	-11.439043	-12.268005	1.602471
808	-11.439043	-11.268005	1.602471
809	-11.439043	-10.268005	1.602471
810	-11.439043	-9.268005	1.602471
811	-11.439043	-8.268005	1.602471
812	-11.439043	-6.268005	1.624523
813	-11.439043	-5.268005	1.624523
814	-11.439043	-4.268005	1.624523
815	-11.439043	-3.268005	1.624523
816	-11.439043	-2.268005	1.624523
817	-11.439043	-0.268005	1.633314
818	-11.439043	0.731995	1.633314
819	-11.439043	1.731995	1.633314
820	-11.439043	2.731995	1.633314
821	-11.439043	3.731995	1.633314
822	-11.439043	4.731995	1.633314
823	-11.439043	5.731995	1.633314
824	-10.439043	-14.268005	1.602471
825	-10.439043	-13.268005	1.602471
826	-10.439043	-12.268005	1.602471
827	-10.439043	-11.268005	1.602471
828	-10.439043	-10.268005	1.602471
829	-10.439043	-9.268005	1.602471
830	-10.439043	-7.268005	1.624523
831	-10.439043	-6.268005	1.624523
832	-10.439043	-5.268005	1.624523
833	-10.439043	-4.268005	1.624523
834	-10.439043	-3.268005	1.624523
835	-10.439043	-2.268005	1.624523
836	-10.439043	-0.268005	1.633314
837	-10.439043	0.731995	1.633314
838	-10.439043	1.731995	1.633314
839	-10.439043	2.731995	1.633314
840	-10.439043	3.731995	1.633314
841	-10.439043	4.731995	1.633314
842	-10.439043	5.731995	1.633314
843	-9.439043	-14.268005	1.602471
844	-9.439043	-13.268005	1.602471
845	-9.439043	-12.268005	1.602471
846	-9.439043	-11.268005	1.602471
847	-9.439043	-10.268005	1.602471
848	-9.439043	-9.268005	1.602471
849	-9.439043	-7.268005	1.624523
850	-9.439043	-6.268005	1.624523
851	-9.439043	-5.268005	1.624523
852	-9.439043	-4.268005	1.624523
853	-9.439043	-3.268005	1.624523
854	-9.439043	-2.268005	1.624523
855	-9.439043	-0.268005	1.633314
856	-9.439043	0.731995	1.633314
857	-9.439043	1.731995	1.633314
858	-9.439043	2.731995	1.633314
859	-9.439043	3.731995	1.633314
860	-9.439043	4.731995	1.633314
861	-9.439043	5.731995	1.633314
862	-8.439043	-11.268005	1.602471
863	-8.439043	-9.268005	1.602471
864	-8.439043	-6.268005	1.624523
865	-8.439043	-4.268005	1.624523
866	-8.439043	-2.268005	1.624523
867	-8.439043	7.731995	1.530453
868	-8.439043	8.731995	1.530453
869	-8.439043	9.731995	1.530453
870	-7.439043	-14.268005	1.612799
871	-7.439043	-13.268005	1.612799
872	-7.439043	-11.268005	1.633783
873	-7.439043	-4.268005	1.652050
874	-7.439043	-0.268005	1.675266
875	-7.439043	0.731995	1.675266
876	-7.439043	2.731995	1.662311
877	-7.439043	4.731995	1.647489
878	-7.439043	5.731995	1.647489
879	-7.439043	7.731995	1.530453
880	-7.439043	8.731995	1.530453
881	-7.439043	9.731995	1.530453
882	-6.439043	-15.268005	1.612799
883	-6.439043	-14.268005	1.612799
884	-6.439043	-13.268005	1.612799
885	-6.439043	-12.268005	1.612799
886	-6.439043	-11.268005	1.633783
887	-6.439043	-4.268005	1.652050
888	-6.439043	-0.268005	1.675266
889	-6.439043	0.731995	1.675266
890	-6.439043	2.731995	1.662311
891	-6.439043	4.731995	1.647489
892	-6.439043	5.731995	1.647489
893	-6.439043	7.731995	1.530453
894	-6.439043	8.731995	1.530453
895	-6.439043	9.731995	1.530453
896	-6.439043	10.731995	1.530453
897	-5.439043	-11.268005	1.633783
898	-5.439043	-4.268005	1.652050
899	-5.439043	-0.268005	1.675266
900	-5.439043	0.731995	1.675266
901	-5.439043	1.731995	1.675266
902	-5.439043	2.731995	1.662311
903	-5.439043	4.731995	1.647489
904	-5.439043	7.731995	1.530453
905	-5.439043	8.731995	1.530453
906	-5.439043	9.731995	1.530453
907	-5.439043	10.731995	1.530453
908	-4.439043	-14.268005	1.633434
909	-4.439043	-13.268005	1.633434
910	-4.439043	-12.268005	1.633434
911	-4.439043	-11.268005	1.633434
912	-4.439043	-10.268005	1.677737
913	-4.439043	-9.268005	1.677737
914	-4.439043	-8.268005	1.677737
915	-4.439043	-7.268005	1.677737
916	-4.439043	-6.268005	1.677737
917	-4.439043	-5.268005	1.677737
918	-4.439043	-4.268005	1.677737
919	-4.439043	-3.268005	1.677737
920	-4.439043	-2.268005	1.677737
921	-4.439043	0.731995	1.677737
922	-4.439043	1.731995	1.677737
923	-4.439043	2.731995	1.677737
924	-4.439043	3.731995	1.677737
925	-4.439043	4.731995	1.677737
926	-4.439043	5.731995	1.677737
927	-4.439043	7.731995	1.530453
928	-4.439043	8.731995	1.530453
929	-4.439043	9.731995	1.530453
930	-4.439043	10.731995	1.530453
931	-3.439043	-15.268005	1.633434
932	-3.439043	-14.268005	1.633434
933	-3.439043	-13.268005	1.633434
934	-3.439043	-12.268005	1.633434
935	-3.439043	-11.268005	1.633434
936	-3.439043	-10.268005	1.677737
937	-3.439043	-9.268005	1.677737
938	-3.439043	-8.268005	1.677737
939	-3.439043	-7.268005	1.677737
940	-3.439043	-6.268005	1.677737
941	-3.439043	-5.268005	1.677737
942	-3.439043	-4.268005	1.677737
943	-3.439043	-3.268005	1.677737
944	-3.439043	-2.268005	1.677737
945	-3.439043	-1.268005	1.677737
946	-3.439043	-0.268005	1.677737
947	-3.439043	0.731995	1.677737
948	-3.439043	1.731995	1.677737
949	-3.439043	2.731995	1.677737
950	-3.439043	3.731995	1.677737
951	-3.439043	4.731995	1.677737
952	-3.439043	5.731995	1.677737
953	-3.439043	7.731995	1.530453
954	-3.439043	8.731995	1.530453
955	-3.439043	9.731995	1.530453
956	-3.439043	10.731995	1.530453
957	-2.439043	-14.268005	0.074580
958	-2.439043	-13.268005	0.074580
959	-2.439043	-12.268005	0.238840
960	-2.439043	-11.268005	0.238840
961	-2.439043	-10.268005	1.677737
962	-2.439043	-9.268005	1.677737
963	-2.439043	-8.268005	1.677737
964	-2.439043	-7.268005	1.677737
965	-2.439043	-6.268005	1.677737
966	-2.439043	-5.268005	1.677737
967	-2.439043	-4.268005	1.677737
968	-2.439043	-3.268005	1.677737
969	-2.439043	-2.268005	1.677737
970	-2.439043	-1.268005	1.677737
971	-2.439043	-0.268005	1.677737
972	-2.439043	0.731995	1.677737
973	-2.439043	1.731995	1.677737
974	-2.439043	2.731995	1.677737
975	-2.439043	3.731995	1.677737
976	-2.439043	4.731995	1.677737
977	-2.439043	5.731995	1.677737
978	-2.439043	7.731995	1.530453
979	-2.439043	8.731995	1.530453
980	-2.439043	9.731995	1.530453
981	-1.439043	-14.268005	0.074580
982	-1.439043	-13.268005	0.074580
983	-1.439043	-10.268005	1.677737
984	-1.439043	-9.268005	1.677737
985	-1.439043	-8.268005	1.677737
986	-1.439043	-7.268005	1.677737
987	-1.439043	-6.268005	1.677737
988	-1.439043	-5.268005	1.677737
989	-1.439043	-4.268005	1.677737
990	-1.439043	-3.268005	1.677737
991	-1.439043	-2.268005	1.677737
992	-1.439043	-1.268005	1.677737
993	-1.439043	-0.268005	1.677737
994	-1.439043	0.731995	1.677737
995	-1.439043	1.731995	1.677737
996	-1.439043	2.731995	1.677737
997	-1.439043	3.731995	1.677737
998	-1.439043	4.731995	1.677737
999	-1.439043	5.731995	1.677737
1000	-1.439043	7.731995	1.530453
1001	-1.439043	8.731995	1.530453
1002	-1.439043	9.731995	1.530453
1003	-1.439043	10.731995	1.530453
1004	-0.439043	-14.268005	0.074580
1005	-0.439043	-13.268005	0.074580
1006	-0.439043	-10.268005	1.677737
1007	-0.439043	-9.268005	1.677737
1008	-0.439043	-8.268005	1.677737
1009	-0.439043	-7.268005	1.677737
1010	-0.439043	-6.268005	1.677737
1011	-0.439043	-5.268005	1.677737
1012	-0.439043	-4.268005	1.677737
1013	-0.439043	-3.268005	1.677737
1014	-0.439043	-2.268005	1.677737
1015	-0.439043	-1.268005	1.677737
1016	-0.439043	-0.268005	1.677737
1017	-0.439043	0.731995	1.677737
1018	-0.439043	1.731995	1.677737
1019	-0.439043	2.731995	1.677737
1020	-0.439043	3.731995	1.677737
1021	-0.439043	4.731995	1.677737
1022	-0.439043	5.731995	1.677737
1023	-0.439043	7.731995	1.530453
1024	-0.439043	8.731995	1.530453
1025	-0.439043	9.731995	1.530453
1026	-0.439043	10.731995	1.530453
1027	0.560957	-14.268005	0.074580
1028	0.560957	-13.268005	0.074580
1029	0.560957	-10.268005	1.677737
1030	0.560957	-9.268005	1.677737
1031	0.560957	-8.268005	1.677737
1032	0.560957	-7.268005	1.677737
1033	0.560957	-6.268005	1.677737
1034	0.560957	-5.268005	1.677737
1035	0.560957	-4.268005	1.677737
1036	0.560957	-3.268005	1.677737
1037	0.560957	-2.268005	1.677737
1038	0.560957	-1.268005	1.677737
1039	0.560957	-0.268005	1.677737
1040	0.560957	0.731995	1.677737
1041	0.560957	1.731995	1.677737
1042	0.560957	2.731995	1.677737
1043	0.560957	3.731995	1.677737
1044	0.560957	4.731995	1.677737
1045	0.560957	5.731995	1.677737
1046	0.560957	7.731995	1.530453
1047	0.560957	8.731995	1.530453
1048	0.560957	9.731995	1.530453
1049	0.560957	10.731995	1.530453
1050	1.560957	-14.268005	0.074580
1051	1.560957	-13.268005	1.653700
1052	1.560957	-12.268005	0.163900
1053	1.560957	-11.268005	1.653700
1054	1.560957	-10.268005	1.677737
1055	1.560957	-9.268005	1.677737
1056	1.560957	-8.268005	1.677737
1057	1.560957	-7.268005	1.677737
1058	1.560957	-6.268005	1.677737
1059	1.560957	-5.268005	1.677737
1060	1.560957	-4.268005	1.677737
1061	1.560957	-3.268005	1.677737
1062	1.560957	-2.268005	1.677737
1063	1.560957	-1.268005	1.677737
1064	1.560957	-0.268005	1.677737
1065	1.560957	0.731995	1.677737
1066	1.560957	1.731995	1.677737
1067	1.560957	2.731995	1.677737
1068	1.560957	3.731995	1.677737
1069	1.560957	4.731995	1.677737
1070	1.560957	5.731995	1.677737
1071	1.560957	7.731995	1.530453
1072	1.560957	8.731995	1.530453
1073	1.560957	9.731995	1.530453
1074	2.560957	-14.268005	1.653700
1075	2.560957	-13.268005	1.653700
1076	2.560957	-12.268005	1.653700
1077	2.560957	-11.268005	1.653700
1078	2.560957	-10.268005	1.677737
1079	2.560957	-9.268005	1.677737
1080	2.560957	-8.268005	1.677737
1081	2.560957	-7.268005	1.677737
1082	2.560957	-6.268005	1.677737
1083	2.560957	-5.268005	1.677737
1084	2.560957	-4.268005	1.677737
1085	2.560957	-3.268005	1.677737
1086	2.560957	-2.268005	1.677737
1087	2.560957	-1.268005	1.677737
1088	2.560957	-0.268005	1.677737
1089	2.560957	0.731995	1.677737
1090	2.560957	1.731995	1.677737
1091	2.560957	2.731995	1.677737
1092	2.560957	3.731995	1.677737
1093	2.560957	4.731995	1.677737
1094	2.560957	5.731995	1.677737
1095	2.560957	7.731995	1.530453
1096	2.560957	8.731995	1.530453
1097	2.560957	9.731995	1.530453
1098	3.560957	-14.268005	1.653700
1099	3.560957	-13.268005	1.653700
1100	3.560957	-12.268005	1.653700
1101	3.560957	-11.268005	1.653700
1102	3.560957	-10.268005	1.677737
1103	3.560957	-9.268005	1.677737
1104	3.560957	-8.268005	1.677737
1105	3.560957	-5.268005	1.677737
1106	3.560957	-4.268005	1.677737
1107	3.560957	-3.268005	1.677737
1108	3.560957	-2.268005	1.677737
1109	3.560957	2.731995	1.677737
1110	3.560957	7.731995	1.530453
1111	3.560957	8.731995	1.530453
1112	3.560957	9.731995	1.530453
1113	3.560957	10.731995	1.530453
1114	4.560957	-14.268005	1.656846
1115	4.560957	-13.268005	1.656846
1116	4.560957	-11.268005	1.656824
1117	4.560957	-7.268005	1.675699
1118	4.560957	-6.268005	1.675699
1119	4.560957	-5.268005	1.675699
1120	4.560957	-4.268005	1.662959
1121	4.560957	2.731995	1.665775
1122	4.560957	4.731995	1.660355
1123	4.560957	7.731995	1.530453
1124	4.560957	8.731995	1.530453
1125	4.560957	9.731995	1.530453
1126	4.560957	10.731995	1.530453
1127	5.560957	-14.268005	1.656846
1128	5.560957	-13.268005	1.656846
1129	5.560957	-12.268005	1.656846
1130	5.560957	-11.268005	1.656824
1131	5.560957	-10.268005	1.674258
1132	5.560957	-9.268005	1.674258
1133	5.560957	-8.268005	1.674258
1134	5.560957	-7.268005	1.675699
1135	5.560957	-6.268005	1.675699
1136	5.560957	-5.268005	1.675699
1137	5.560957	-4.268005	1.662959
1138	5.560957	2.731995	1.665775
1139	5.560957	4.731995	1.660355
1140	5.560957	5.731995	1.660355
1141	5.560957	7.731995	1.530453
1142	5.560957	8.731995	1.530453
1143	5.560957	9.731995	1.530453
1144	5.560957	10.731995	1.530453
1145	6.560957	-14.268005	1.656846
1146	6.560957	-13.268005	1.656846
1147	6.560957	-11.268005	1.656824
1148	6.560957	-9.268005	1.674258
1149	6.560957	-8.268005	1.674258
1150	6.560957	-7.268005	1.675699
1151	6.560957	-6.268005	1.675699
1152	6.560957	-5.268005	1.675699
1153	6.560957	-4.268005	1.662959
1154	6.560957	2.731995	1.665775
1155	6.560957	4.731995	1.660355
1156	6.560957	5.731995	1.660355
1157	6.560957	7.731995	1.530453
1158	6.560957	8.731995	1.530453
1159	6.560957	9.731995	1.530453
1160	6.560957	10.731995	1.530453
1161	7.560957	-14.268005	1.642908
1162	7.560957	-13.268005	1.642908
1163	7.560957	-12.268005	1.642908
1164	7.560957	-11.268005	1.642908
1165	7.560957	-9.268005	1.642908
1166	7.560957	-7.268005	1.658811
1167	7.560957	-6.268005	1.658811
1168	7.560957	-5.268005	1.658811
1169	7.560957	-4.268005	1.658811
1170	7.560957	-2.268005	1.658811
1171	7.560957	0.731995	1.660630
1172	7.560957	1.731995	1.660630
1173	7.560957	2.731995	1.660630
1174	7.560957	4.731995	1.660630
1175	7.560957	5.731995	1.660630
1176	7.560957	7.731995	1.530453
1177	7.560957	8.731995	1.530453
1178	7.560957	9.731995	1.530453
1179	7.560957	10.731995	1.530453
1180	8.560957	-14.268005	1.642908
1181	8.560957	-13.268005	1.642908
1182	8.560957	-12.268005	1.642908
1183	8.560957	-11.268005	1.642908
1184	8.560957	-10.268005	1.642908
1185	8.560957	-9.268005	1.642908
1186	8.560957	-7.268005	1.658811
1187	8.560957	-6.268005	1.658811
1188	8.560957	-5.268005	1.658811
1189	8.560957	-4.268005	1.658811
1190	8.560957	-3.268005	1.658811
1191	8.560957	-2.268005	1.658811
1192	8.560957	0.731995	1.660630
1193	8.560957	1.731995	1.660630
1194	8.560957	2.731995	1.660630
1195	8.560957	3.731995	1.660630
1196	8.560957	4.731995	1.660630
1197	8.560957	5.731995	1.660630
1198	8.560957	7.731995	1.530453
1199	8.560957	8.731995	1.530453
1200	8.560957	9.731995	1.530453
1201	9.560957	-14.268005	1.642908
1202	9.560957	-13.268005	1.642908
1203	9.560957	-12.268005	1.642908
1204	9.560957	-11.268005	1.642908
1205	9.560957	-10.268005	1.642908
1206	9.560957	-9.268005	1.642908
1207	9.560957	-7.268005	1.658811
1208	9.560957	-6.268005	1.658811
1209	9.560957	-5.268005	1.658811
1210	9.560957	-4.268005	1.658811
1211	9.560957	-3.268005	1.658811
1212	9.560957	-2.268005	1.658811
1213	9.560957	-0.268005	1.660630
1214	9.560957	0.731995	1.660630
1215	9.560957	1.731995	1.660630
1216	9.560957	2.731995	1.660630
1217	9.560957	3.731995	1.660630
1218	9.560957	4.731995	1.660630
1219	9.560957	5.731995	1.660630
1220	9.560957	7.731995	1.530453
1221	9.560957	8.731995	1.530453
1222	9.560957	9.731995	1.530453
1223	10.560957	-14.268005	1.642908
1224	10.560957	-13.268005	1.642908
1225	10.560957	-12.268005	1.642908
1226	10.560957	-11.268005	1.642908
1227	10.560957	-10.268005	1.642908
1228	10.560957	-9.268005	1.642908
1229	10.560957	-8.268005	1.642908
1230	10.560957	-7.268005	1.658811
1231	10.560957	-6.268005	1.658811
1232	10.560957	-5.268005	1.658811
1233	10.560957	-4.268005	1.658811
1234	10.560957	-3.268005	1.658811
1235	10.560957	-2.268005	1.658811
1236	10.560957	-0.268005	1.660630
1237	10.560957	0.731995	1.660630
1238	10.560957	1.731995	1.660630
1239	10.560957	2.731995	1.660630
1240	10.560957	3.731995	1.660630
1241	10.560957	4.731995	1.660630
1242	10.560957	5.731995	1.660630
1243	11.560957	-14.268005	1.642908
1244	11.560957	-13.268005	1.642908
1245	11.560957	-12.268005	1.642908
1246	11.560957	-11.268005	1.642908
1247	11.560957	-10.268005	1.642908
1248	11.560957	-9.268005	1.642908
1249	11.560957	-8.268005	1.642908
1250	11.560957	-7.268005	1.658811
1251	11.560957	-6.268005	1.658811
1252	11.560957	-5.268005	1.658811
1253	11.560957	-4.268005	1.658811
1254	11.560957	-3.268005	1.658811
1255	11.560957	-2.268005	1.658811
1256	11.560957	-1.268005	1.658811
1257	11.560957	-0.268005	1.660630
1258	11.560957	0.731995	1.660630
1259	11.560957	1.731995	1.660630
1260	11.560957	2.731995	1.660630
1261	11.560957	3.731995	1.660630
1262	11.560957	4.731995	1.660630
1263	11.560957	5.731995	1.660630
1264	12.560957	-14.268005	1.642908
1265	12.560957	-13.268005	1.642908
1266	12.560957	-12.268005	1.642908
1267	12.560957	-11.268005	1.642908
1268	12.560957	-10.268005	1.642908
1269	12.560957	-9.268005	1.642908
1270	12.560957	-8.268005	1.642908
1271	12.560957	-6.268005	1.658811
1272	12.560957	-5.268005	1.658811
1273	12.560957	-4.268005	1.658811
1274	12.560957	-3.268005	1.658811
1275	12.560957	-2.268005	1.658811
1276	12.560957	-0.268005	1.660630
1277	12.560957	0.731995	1.660630
1278	12.560957	1.731995	1.660630
1279	12.560957	2.731995	1.660630
1280	12.560957	3.731995	1.660630
1281	12.560957	4.731995	1.660630
1282	12.560957	5.731995	1.660630
1283	13.560957	-14.268005	1.642908
1284	13.560957	-13.268005	1.642908
1285	13.560957	-12.268005	1.642908
1286	13.560957	-11.268005	1.642908
1287	13.560957	-10.268005	1.642908
1288	13.560957	-9.268005	1.642908
1289	13.560957	-8.268005	1.642908
1290	13.560957	-7.268005	1.658811
1291	13.560957	-6.268005	1.658811
1292	13.560957	-5.268005	1.658811
1293	13.560957	-4.268005	1.658811
1294	13.560957	-3.268005	1.658811
1295	13.560957	-2.268005	1.658811
1296	13.560957	-0.268005	1.660630
1297	13.560957	0.731995	1.660630
1298	13.560957	1.731995	1.660630
1299	13.560957	2.731995	1.660630
1300	13.560957	3.731995	1.660630
1301	13.560957	4.731995	1.660630
1302	13.560957	5.731995	1.660630
1303	14.560957	-14.268005	1.642908
1304	14.560957	-13.268005	1.642908
1305	14.560957	-12.268005	1.642908
1306	14.560957	-11.268005	1.642908
1307	14.560957	-10.268005	1.642908
1308	14.560957	-9.268005	1.642908
1309	14.560957	-8.268005	1.642908
1310	14.560957	-7.268005	1.658811
1311	14.560957	-6.268005	1.658811
1312	14.560957	-5.268005	1.658811
1313	14.560957	-4.268005	1.658811
1314	14.560957	-3.268005	1.658811
1315	14.560957	-2.268005	1.658811
1316	14.560957	-0.268005	1.660630
1317	14.560957	0.731995	1.660630
1318	14.560957	1.731995	1.660630
1319	14.560957	2.731995	1.660630
1320	14.560957	3.731995	1.660630
1321	14.560957	4.731995	1.660630
1322	14.560957	5.731995	1.660630
1323	15.560957	-14.268005	1.602354
1324	15.560957	-13.268005	1.642908
1325	15.560957	-12.268005	1.642908
1326	15.560957	-11.268005	1.642908
1327	15.560957	-10.268005	1.642908
1328	15.560957	-9.268005	1.642908
1329	15.560957	-7.268005	1.658811
1330	15.560957	-6.268005	1.658811
1331	15.560957	-5.268005	1.658811
1332	15.560957	-4.268005	1.658811
1333	15.560957	-3.268005	1.658811
1334	15.560957	-2.268005	1.658811
1335	15.560957	-0.268005	1.660630
1336	15.560957	0.731995	1.660630
1337	15.560957	1.731995	1.660630
1338	15.560957	2.731995	1.660630
1339	15.560957	3.731995	1.660630
1340	15.560957	4.731995	1.660630
1341	15.560957	5.731995	1.660630
1342	16.560957	-15.268005	1.602354
1343	16.560957	6.731995	1.621136
1344	17.560957	-18.268005	1.575390
1345	17.560957	-17.268005	1.575390
1346	17.560957	-16.268005	1.602354
1347	17.560957	7.731995	1.602289
1348	17.560957	8.731995	1.602289
1349	17.560957	9.731995	1.602289
1350	18.560957	-18.268005	1.575390
1351	18.560957	-17.268005	1.575390
1352	18.560957	-16.268005	1.575390
1353	18.560957	7.731995	1.602289
1354	18.560957	8.731995	1.602289
1355	18.560957	9.731995	1.602289
1356	19.560957	-18.268005	1.575390
1357	19.560957	-17.268005	1.575390
1358	19.560957	-16.268005	1.575390
1359	19.560957	7.731995	1.602289
1360	19.560957	8.731995	1.602289
1361	19.560957	9.731995	1.602289
