0	-14.688034	8.850131	1.509804
1	-13.688034	5.850131	1.492014
2	-13.688034	6.850131	1.492014
3	-13.688034	8.850131	1.509804
4	-12.688034	-0.149869	1.497509
5	-12.688034	0.850131	1.497509
6	-12.688034	1.850131	1.497509
7	-12.688034	2.850131	1.497509
8	-12.688034	3.850131	1.497509
9	-12.688034	4.850131	1.492014
10	-12.688034	5.850131	1.492014
11	-12.688034	6.850131	1.492014
12	-12.688034	7.850131	1.509804
13	-12.688034	8.850131	1.509804
14	-11.688034	-0.149869	1.497509
15	-11.688034	0.850131	1.497509
16	-11.688034	1.850131	1.497509
17	-11.688034	2.850131	1.497509
18	-11.688034	3.850131	1.497509
19	-11.688034	4.850131	1.492014
20	-11.688034	5.850131	1.492014
21	-11.688034	6.850131	1.492014
22	-11.688034	7.850131	1.509804
23	-10.688034	-2.149869	1.490977
24	-10.688034	-0.149869	1.497509
25	-10.688034	0.850131	1.497509
26	-10.688034	1.850131	1.497509
27	-10.688034	2.850131	1.497509
28	-10.688034	3.850131	1.497509
29	-10.688034	4.850131	1.492014
30	-10.688034	5.850131	1.492014
31	-10.688034	6.850131	1.492014
32	-10.688034	7.850131	1.509804
33	-10.688034	9.850131	1.509804
34	-9.688034	-2.149869	1.496254
35	-9.688034	-0.149869	1.497509
36	-9.688034	0.850131	1.497509
37	-9.688034	1.850131	1.497509
38	-9.688034	2.850131	1.497509
39	-9.688034	3.850131	1.497509
40	-9.688034	4.850131	1.483367
41	-9.688034	5.850131	1.483367
42	-9.688034	6.850131	1.483367
43	-8.688034	-4.149869	1.496254
44	-8.688034	-3.149869	1.496254
45	-8.688034	-2.149869	1.496254
46	-8.688034	-0.149869	1.497509
47	-8.688034	0.850131	1.497509
48	-8.688034	1.850131	1.497509
49	-8.688034	2.850131	1.497509
50	-8.688034	3.850131	1.497509
51	-8.688034	4.850131	1.483367
52	-8.688034	5.850131	1.483367
53	-8.688034	6.850131	1.483367
54	-8.688034	7.850131	1.483367
55	-7.688034	-4.149869	1.496254
56	-7.688034	-3.149869	1.496254
57	-7.688034	-2.149869	1.496254
58	-7.688034	-0.149869	1.497509
59	-7.688034	0.850131	1.497509
60	-7.688034	1.850131	1.497509
61	-7.688034	2.850131	1.497509
62	-7.688034	3.850131	1.497509
63	-7.688034	4.850131	1.483367
64	-7.688034	5.850131	1.483367
65	-7.688034	6.850131	1.483367
66	-7.688034	7.850131	1.483367
67	-7.688034	10.850131	1.501769
68	-6.688034	-4.149869	1.496254
69	-6.688034	-3.149869	1.496254
70	-6.688034	-2.149869	1.496254
71	-6.688034	-0.149869	1.497509
72	-6.688034	0.850131	1.497509
73	-6.688034	1.850131	1.497509
74	-6.688034	2.850131	1.497509
75	-6.688034	3.850131	1.497509
76	-6.688034	4.850131	1.483367
77	-6.688034	5.850131	1.483367
78	-6.688034	6.850131	1.483367
79	-6.688034	7.850131	1.483367
80	-6.688034	10.850131	1.501769
81	-6.688034	11.850131	1.501769
82	-6.688034	12.850131	1.501769
83	-5.688034	-0.149869	1.497509
84	-5.688034	0.850131	1.497509
85	-5.688034	1.850131	1.497509
86	-5.688034	2.850131	1.497509
87	-5.688034	3.850131	1.497509
88	-5.688034	5.850131	1.483367
89	-5.688034	6.850131	1.483367
90	-5.688034	7.850131	1.483367
91	-5.688034	10.850131	1.501769
92	-5.688034	11.850131	1.501769
93	-5.688034	12.850131	1.501769
94	-4.688034	-1.149869	1.479599
95	-4.688034	-0.149869	1.479599
96	-4.688034	0.850131	1.479599
97	-4.688034	1.850131	1.479599
98	-4.688034	2.850131	1.479599
99	-4.688034	3.850131	1.479599
100	-4.688034	4.850131	1.479599
101	-4.688034	5.850131	1.479599
102	-4.688034	6.850131	1.479599
103	-4.688034	7.850131	1.479599
104	-4.688034	8.850131	1.479599
105	-4.688034	9.850131	1.479599
106	-4.688034	10.850131	1.501769
107	-4.688034	11.850131	1.501769
108	-4.688034	12.850131	1.501769
109	-3.688034	-5.149869	1.502913
110	-3.688034	-2.149869	1.526468
111	-3.688034	0.850131	1.479599
112	-3.688034	3.850131	1.479599
113	-3.688034	7.850131	1.479599
114	-3.688034	8.850131	1.479599
115	-3.688034	9.850131	1.479599
116	-3.688034	10.850131	1.501769
117	-3.688034	11.850131	1.501769
118	-3.688034	12.850131	1.501769
119	-2.688034	-5.149869	1.502913
120	-2.688034	-4.149869	1.502913
121	-2.688034	-3.149869	1.502913
122	-2.688034	-0.149869	1.526468
123	-2.688034	1.850131	1.492034
124	-2.688034	2.850131	1.492034
125	-2.688034	3.850131	1.479599
126	-2.688034	8.850131	1.479599
127	-1.688034	-5.149869	1.502913
128	-1.688034	-4.149869	1.502913
129	-1.688034	-3.149869	1.502913
130	-1.688034	-0.149869	1.526468
131	-1.688034	0.850131	1.492034
132	-1.688034	1.850131	1.492034
133	-1.688034	2.850131	1.492034
134	-1.688034	3.850131	1.492034
135	-0.688034	-5.149869	1.502913
136	-0.688034	-4.149869	1.502913
137	-0.688034	-3.149869	1.502913
138	-0.688034	-1.149869	1.526468
139	-0.688034	-0.149869	1.526468
140	-0.688034	0.850131	1.492034
141	-0.688034	1.850131	1.492034
142	-0.688034	2.850131	1.492034
143	-0.688034	3.850131	1.492034
144	0.311966	-1.149869	1.526468
145	0.311966	-0.149869	1.526468
146	0.311966	1.850131	1.492034
147	0.311966	2.850131	1.492034
148	0.311966	3.850131	1.492034
149	1.311966	-4.149869	1.516270
150	1.311966	-2.149869	1.516270
151	2.311966	-4.149869	1.516270
152	2.311966	-3.149869	1.516270
153	2.311966	-2.149869	1.516270
154	3.311966	-4.149869	1.516270
155	3.311966	-3.149869	1.516270
156	3.311966	-2.149869	1.516270
157	-20.688034	9.850131	1.526412
158	-20.688034	12.850131	1.526412
159	-19.688034	8.850131	1.526412
160	-19.688034	9.850131	1.526412
161	-19.688034	10.850131	1.526412
162	-19.688034	11.850131	1.526412
163	-19.688034	12.850131	1.526412
164	-18.688034	8.850131	1.526412
165	-18.688034	9.850131	1.526412
166	-18.688034	10.850131	1.526412
167	-18.688034	11.850131	1.526412
168	-18.688034	12.850131	1.526412
169	-17.688034	8.850131	1.526412
170	-17.688034	9.850131	1.526412
171	-17.688034	10.850131	1.526412
172	-17.688034	11.850131	1.526412
173	-17.688034	12.850131	1.526412
174	-16.688034	8.850131	1.526412
175	-16.688034	9.850131	1.526412
176	-16.688034	10.850131	1.526412
177	-16.688034	11.850131	1.526412
178	-16.688034	12.850131	1.526412
179	-15.688034	12.850131	1.520026
180	-14.688034	11.850131	1.520026
181	-14.688034	12.850131	1.520026
182	-13.688034	11.850131	1.520026
183	-13.688034	12.850131	1.520026
184	-12.688034	10.850131	1.520026
185	-12.688034	11.850131	1.520026
186	-12.688034	12.850131	1.520026
187	-11.688034	11.850131	1.515074
188	-10.688034	10.850131	1.515074
189	-10.688034	11.850131	1.515074
190	-10.688034	12.850131	1.515074
191	-9.688034	11.850131	1.515074
