0	-0.747094	-0.586864	0.003714
1	-0.747094	-0.086864	0.003714
2	-0.747094	0.413136	0.003714
3	-0.747094	0.913136	0.003714
4	-0.747094	1.413136	0.003714
5	-0.747094	1.913136	0.003714
6	-0.747094	2.413136	0.003714
7	-0.747094	2.913136	0.003714
8	-0.247094	-0.586864	0.003714
9	-0.247094	-0.086864	0.003714
10	-0.247094	0.413136	0.003714
11	-0.247094	0.913136	0.003714
12	-0.247094	1.413136	0.003714
13	-0.247094	1.913136	0.003714
14	-0.247094	2.413136	0.003714
15	-0.247094	2.913136	0.003714
16	0.252906	-0.586864	0.003714
17	0.252906	-0.086864	0.003714
18	0.252906	0.413136	0.003714
19	0.252906	0.913136	0.003714
20	0.252906	1.413136	0.003714
21	0.252906	1.913136	0.003714
22	0.252906	2.413136	0.003714
23	0.252906	2.913136	0.003714
24	0.252906	3.413136	0.003714
25	0.752906	-0.586864	0.003714
26	0.752906	-0.086864	0.003714
27	0.752906	0.413136	0.003714
28	0.752906	0.913136	0.003714
29	0.752906	1.413136	0.003714
30	0.752906	1.913136	0.003714
31	0.752906	2.413136	0.003714
32	0.752906	2.913136	0.003714
33	0.752906	3.413136	0.003714
34	1.252906	-0.586864	0.003714
35	1.252906	-0.086864	0.003714
36	1.252906	0.413136	0.003714
37	1.252906	0.913136	0.003714
38	1.252906	1.413136	0.003714
39	1.252906	1.913136	0.003714
40	1.252906	2.413136	0.003714
41	1.252906	2.913136	0.003714
42	1.252906	3.413136	0.003714
43	1.752906	-0.586864	0.003714
44	1.752906	-0.086864	0.003714
45	1.752906	0.413136	0.003714
46	1.752906	0.913136	0.003714
47	1.752906	1.413136	0.003714
48	1.752906	1.913136	0.003714
49	1.752906	2.413136	0.003714
50	1.752906	2.913136	0.003714
51	1.752906	3.413136	0.003714
52	2.252906	-0.586864	0.003714
53	2.252906	-0.086864	0.003714
54	2.252906	0.413136	0.003714
55	2.252906	0.913136	0.003714
56	2.252906	1.413136	0.003714
57	2.252906	1.913136	0.003714
58	2.252906	2.413136	0.003714
59	2.252906	2.913136	0.003714
60	2.252906	3.413136	0.003714
61	2.752906	-0.586864	0.003714
62	2.752906	-0.086864	0.003714
63	2.752906	0.413136	0.003714
64	2.752906	0.913136	0.003714
65	2.752906	1.413136	0.003714
66	2.752906	1.913136	0.003714
67	2.752906	2.413136	0.003714
68	2.752906	2.913136	0.003714
69	3.252906	-0.586864	0.003714
70	3.252906	-0.086864	0.003714
71	3.252906	0.413136	0.003714
72	3.252906	0.913136	0.003714
73	3.252906	1.413136	0.003714
74	3.252906	1.913136	0.003714
75	3.252906	2.413136	0.003714
76	3.252906	2.913136	0.003714
77	3.752906	-0.586864	0.003714
78	3.752906	-0.086864	0.003714
79	3.752906	0.413136	0.003714
80	3.752906	0.913136	0.003714
81	3.752906	1.413136	0.003714
82	3.752906	1.913136	0.003714
83	3.752906	2.413136	0.003714
84	3.752906	2.913136	0.003714
85	4.252906	-0.586864	0.003714
86	4.252906	-0.086864	0.003714
87	4.252906	0.413136	0.003714
88	4.252906	0.913136	0.003714
89	4.252906	1.413136	0.003714
90	4.252906	1.913136	0.003714
91	4.252906	2.413136	0.003714
92	4.252906	2.913136	0.003714
93	4.752906	-0.586864	0.003714
94	4.752906	-0.086864	0.003714
95	4.752906	0.413136	0.003714
96	4.752906	0.913136	0.003714
97	4.752906	1.413136	0.003714
98	4.752906	1.913136	0.003714
99	4.752906	2.413136	0.003714
100	4.752906	2.913136	0.003714
101	5.252906	-1.086864	0.003714
102	5.252906	-0.586864	0.003714
103	5.252906	-0.086864	0.003714
104	5.252906	0.413136	0.003714
105	5.252906	0.913136	0.003714
106	5.252906	1.413136	0.003714
107	5.252906	1.913136	0.003714
108	5.252906	2.413136	0.003714
109	5.252906	2.913136	0.003714
110	5.752906	-1.086864	0.003714
111	5.752906	-0.586864	0.003714
112	5.752906	-0.086864	0.003714
113	5.752906	0.413136	0.003714
114	5.752906	0.913136	0.003714
115	5.752906	1.413136	0.003714
116	5.752906	1.913136	0.003714
117	5.752906	2.413136	0.003714
118	5.752906	2.913136	0.003714
119	6.252906	-1.086864	0.003714
120	6.252906	-0.586864	0.003714
121	6.252906	-0.086864	0.003714
122	6.252906	0.413136	0.003714
123	6.252906	0.913136	0.003714
124	6.252906	1.413136	0.003714
125	6.252906	1.913136	0.003714
126	6.252906	2.413136	0.003714
127	6.252906	2.913136	0.003714
128	6.752906	-1.086864	0.003714
129	6.752906	-0.586864	0.003714
130	6.752906	-0.086864	0.003714
131	6.752906	0.413136	0.003714
132	6.752906	0.913136	0.003714
133	6.752906	1.413136	0.003714
134	6.752906	1.913136	0.003714
135	6.752906	2.413136	0.003714
