0	-3.221203	-4.205767	4.401730
1	-3.221203	-2.205767	4.391770
2	-3.221203	2.794233	4.421960
3	-2.221203	-5.205767	4.401730
4	-2.221203	-4.205767	4.401730
5	-2.221203	-2.205767	4.391770
6	-2.221203	1.794233	4.421960
7	-2.221203	2.794233	4.421960
8	-2.221203	3.794233	4.421960
9	-1.221203	-5.205767	4.401730
10	-1.221203	-4.205767	4.401730
11	-1.221203	-2.205767	4.391770
12	-1.221203	-0.205767	4.645520
13	-1.221203	1.794233	4.421960
14	-1.221203	2.794233	4.421960
15	-1.221203	3.794233	4.421960
16	-0.221203	-5.205767	4.401730
17	-0.221203	-4.205767	4.401730
18	-0.221203	-3.205767	4.452440
19	-0.221203	-2.205767	4.452440
20	-0.221203	-1.205767	4.452440
21	-0.221203	-0.205767	4.452440
22	-0.221203	0.794233	4.421960
23	-0.221203	1.794233	4.421960
24	-0.221203	2.794233	4.421960
25	-0.221203	3.794233	4.421960
26	0.778797	2.794233	4.421960
27	1.778797	-5.205767	4.459150
28	1.778797	-4.205767	4.459150
29	1.778797	-3.205767	4.459150
30	1.778797	-2.205767	4.459150
31	1.778797	-1.205767	4.459150
32	1.778797	0.794233	4.432300
33	1.778797	1.794233	4.432300
34	1.778797	2.794233	4.432300
35	1.778797	3.794233	4.432300
36	2.778797	-5.205767	4.459150
37	2.778797	-4.205767	4.459150
38	2.778797	-3.205767	4.459150
39	2.778797	-2.205767	4.459150
40	2.778797	-1.205767	4.459150
41	2.778797	0.794233	4.432300
42	2.778797	1.794233	4.432300
43	2.778797	2.794233	4.432300
44	2.778797	3.794233	4.432300
45	3.778797	-5.205767	4.459150
46	3.778797	-4.205767	4.459150
47	3.778797	-3.205767	4.459150
48	3.778797	-2.205767	4.459150
49	3.778797	-1.205767	4.459150
50	3.778797	0.794233	4.432300
51	3.778797	1.794233	4.432300
52	3.778797	2.794233	4.432300
53	3.778797	3.794233	4.432300
54	4.778797	-5.205767	4.459150
55	4.778797	-4.205767	4.459150
56	4.778797	-3.205767	4.459150
57	4.778797	-2.205767	4.459150
58	4.778797	-1.205767	4.459150
59	4.778797	0.794233	4.432300
60	4.778797	1.794233	4.432300
61	4.778797	2.794233	4.432300
62	4.778797	3.794233	4.432300
63	5.778797	0.794233	4.432300
64	5.778797	1.794233	4.432300
65	5.778797	2.794233	4.432300
66	5.778797	3.794233	4.432300
67	-3.221203	-4.205767	1.466804
68	-3.221203	-3.205767	1.466804
69	-2.221203	-5.205767	1.466804
70	-2.221203	-4.205767	1.466804
71	-2.221203	-3.205767	1.466804
72	-2.221203	-2.205767	1.466804
73	-2.221203	1.794233	1.508574
74	-2.221203	2.794233	1.508574
75	-2.221203	3.794233	1.508574
76	-1.221203	-5.205767	1.466804
77	-1.221203	-4.205767	1.466804
78	-1.221203	-3.205767	1.466804
79	-1.221203	-2.205767	1.466804
80	-1.221203	1.794233	1.508574
81	-1.221203	2.794233	1.508574
82	-1.221203	3.794233	1.508574
83	-0.221203	-5.205767	1.466804
84	-0.221203	-4.205767	1.466804
85	-0.221203	-3.205767	1.466804
86	-0.221203	-2.205767	1.466804
87	-0.221203	-0.205767	1.489467
88	-0.221203	1.794233	1.508574
89	-0.221203	2.794233	1.508574
90	-0.221203	3.794233	1.508574
91	0.778797	-4.205767	1.466804
92	0.778797	-3.205767	1.466804
93	0.778797	-0.205767	1.489467
94	0.778797	1.794233	1.508574
95	0.778797	2.794233	1.508574
96	0.778797	3.794233	1.508574
97	1.778797	-5.205767	1.465505
98	1.778797	-4.205767	1.465505
99	1.778797	-3.205767	1.465505
100	1.778797	-2.205767	1.465505
101	1.778797	-1.205767	1.489467
102	1.778797	-0.205767	1.489467
103	1.778797	0.794233	1.494290
104	1.778797	1.794233	1.494290
105	1.778797	2.794233	1.494290
106	1.778797	3.794233	1.494290
107	2.778797	-5.205767	1.465505
108	2.778797	-4.205767	1.465505
109	2.778797	-3.205767	1.465505
110	2.778797	-2.205767	1.465505
111	2.778797	-0.205767	1.489467
112	2.778797	0.794233	1.494290
113	2.778797	1.794233	1.494290
114	2.778797	2.794233	1.494290
115	2.778797	3.794233	1.494290
116	3.778797	-5.205767	1.465505
117	3.778797	-4.205767	1.465505
118	3.778797	-3.205767	1.465505
119	3.778797	-2.205767	1.465505
120	3.778797	-0.205767	1.489467
121	3.778797	1.794233	1.494290
122	3.778797	2.794233	1.494290
123	3.778797	3.794233	1.494290
124	4.778797	-5.205767	1.465505
125	4.778797	-4.205767	1.465505
126	4.778797	-3.205767	1.465505
127	4.778797	-0.205767	1.489467
128	4.778797	0.794233	1.494290
129	4.778797	1.794233	1.494290
130	4.778797	2.794233	1.494290
131	4.778797	3.794233	1.494290
132	-3.221203	1.794233	7.316630
133	-3.221203	3.794233	7.316630
134	-2.221203	1.794233	7.316630
135	-2.221203	2.794233	7.316630
136	-2.221203	3.794233	7.316630
137	-1.221203	1.794233	7.316630
138	-1.221203	2.794233	7.316630
139	-1.221203	3.794233	7.316630
140	-0.221203	-1.205767	7.377980
141	-0.221203	-0.205767	7.377980
142	-0.221203	0.794233	7.377980
143	-0.221203	1.794233	7.316630
144	-0.221203	2.794233	7.316630
145	-0.221203	3.794233	7.316630
146	1.778797	-5.205767	7.367230
147	1.778797	-4.205767	7.367230
148	1.778797	-3.205767	7.367230
149	1.778797	-2.205767	7.367230
150	1.778797	-1.205767	7.377980
151	1.778797	-0.205767	7.377980
152	1.778797	0.794233	7.349670
153	1.778797	1.794233	7.349670
154	1.778797	2.794233	7.349670
155	1.778797	3.794233	7.349670
156	2.778797	-5.205767	7.367230
157	2.778797	-4.205767	7.367230
158	2.778797	-3.205767	7.367230
159	2.778797	0.794233	7.349670
160	2.778797	1.794233	7.349670
161	2.778797	2.794233	7.349670
162	2.778797	3.794233	7.349670
163	3.778797	-5.205767	7.367230
164	3.778797	-4.205767	7.367230
165	3.778797	-3.205767	7.367230
166	3.778797	0.794233	7.349670
167	3.778797	1.794233	7.349670
168	3.778797	2.794233	7.349670
169	3.778797	3.794233	7.349670
170	4.778797	-5.205767	7.367230
171	4.778797	-3.205767	7.367230
172	4.778797	0.794233	7.349670
173	4.778797	1.794233	7.349670
174	4.778797	2.794233	7.349670
175	4.778797	3.794233	7.349670
176	-3.221203	-4.205767	-0.816600
177	-2.221203	-5.205767	-0.816600
178	-2.221203	-4.205767	-0.816600
179	-1.221203	-5.205767	-0.816600
180	-1.221203	-4.205767	-0.816600
181	-0.221203	-4.205767	-0.816600
182	1.778797	-5.205767	-0.835640
183	1.778797	-4.205767	-0.835640
184	1.778797	-3.205767	-0.835640
185	1.778797	-2.205767	-0.835640
186	2.778797	-5.205767	-0.835640
187	2.778797	-4.205767	-0.835640
188	2.778797	-3.205767	-0.835640
189	2.778797	-2.205767	-0.835640
190	3.778797	-5.205767	-0.835640
191	3.778797	-4.205767	-0.835640
192	3.778797	-3.205767	-0.835640
193	3.778797	-2.205767	-0.835640
194	4.778797	-5.205767	-0.835640
195	4.778797	-4.205767	-0.835640
196	4.778797	-3.205767	-0.835640
197	4.778797	-2.205767	-0.835640
198	-0.221203	-0.205767	-0.793050
199	-0.221203	0.794233	-0.793050
200	1.778797	0.794233	-0.772640
201	1.778797	1.794233	-0.772640
202	1.778797	2.794233	-0.772640
203	1.778797	3.794233	-0.772640
204	2.778797	0.794233	-0.772640
205	2.778797	1.794233	-0.772640
206	2.778797	2.794233	-0.772640
207	2.778797	3.794233	-0.772640
208	3.778797	0.794233	-0.772640
209	3.778797	1.794233	-0.772640
210	3.778797	2.794233	-0.772640
211	3.778797	3.794233	-0.772640
212	4.778797	0.794233	-0.772640
213	4.778797	1.794233	-0.772640
214	4.778797	2.794233	-0.772640
215	4.778797	3.794233	-0.772640
216	5.778797	2.794233	-0.772640
217	-3.221203	-5.205767	7.375980
218	-3.221203	-4.205767	7.375980
219	-3.221203	-3.205767	7.375980
220	-3.221203	-2.205767	7.375980
221	-2.221203	-5.205767	7.375980
222	-2.221203	-4.205767	7.375980
223	-2.221203	-3.205767	7.375980
224	-2.221203	-2.205767	7.375980
225	-1.221203	-5.205767	7.375980
226	-1.221203	-4.205767	7.375980
227	-1.221203	-3.205767	7.375980
228	-1.221203	-2.205767	7.375980
229	-0.221203	-5.205767	7.375980
230	-0.221203	-4.205767	7.375980
231	-0.221203	-3.205767	7.375980
232	-0.221203	-2.205767	7.377980
