0	-4.539338	-3.337139	0.303696
1	-4.539338	-2.837139	0.303696
2	-4.039338	-3.337139	0.303696
3	-4.039338	-2.837139	0.303696
4	-4.039338	-2.337139	0.303696
5	-4.039338	-1.837139	0.303696
6	-3.539338	-3.837139	0.303696
7	-3.539338	-3.337139	0.303696
8	-3.539338	-2.837139	0.303696
9	-3.539338	-2.337139	0.303696
10	-3.539338	-1.837139	0.303696
11	-3.539338	-1.337139	0.303696
12	-3.039338	-4.337139	0.303696
13	-3.039338	-3.837139	0.303696
14	-3.039338	-3.337139	0.303696
15	-3.039338	-2.837139	0.303696
16	-3.039338	-2.337139	0.303696
17	-3.039338	-1.837139	0.303696
18	-3.039338	-1.337139	0.303696
19	-3.039338	-0.837139	0.303696
20	-2.539338	-4.837139	0.303696
21	-2.539338	-4.337139	0.303696
22	-2.539338	-3.837139	0.303696
23	-2.539338	-3.337139	0.303696
24	-2.539338	-2.837139	0.303696
25	-2.539338	-2.337139	0.303696
26	-2.539338	-1.837139	0.303696
27	-2.539338	-1.337139	0.303696
28	-2.539338	-0.837139	0.303696
29	-2.539338	-0.337139	0.303696
30	-2.539338	0.162861	0.303696
31	-2.039338	-3.837139	0.303696
32	-2.039338	-3.337139	0.303696
33	-2.039338	-2.837139	0.303696
34	-2.039338	-2.337139	0.303696
35	-2.039338	-1.837139	0.303696
36	-2.039338	-1.337139	0.303696
37	-2.039338	-0.837139	0.303696
38	-2.039338	-0.337139	0.303696
39	-2.039338	0.162861	0.303696
40	-2.039338	0.662861	0.303696
41	-1.539338	-3.337139	0.303696
42	-1.539338	-2.837139	0.303696
43	-1.539338	-2.337139	0.303696
44	-1.539338	-1.837139	0.303696
45	-1.539338	-1.337139	0.303696
46	-1.539338	-0.837139	0.303696
47	-1.539338	-0.337139	0.303696
48	-1.539338	0.162861	0.303696
49	-1.539338	0.662861	0.303696
50	-1.539338	1.162861	0.303696
51	-1.039338	-3.337139	0.303696
52	-1.039338	-2.837139	0.303696
53	-1.039338	-2.337139	0.303696
54	-1.039338	-1.837139	0.303696
55	-1.039338	-1.337139	0.303696
56	-1.039338	-0.837139	0.303696
57	-1.039338	-0.337139	0.303696
58	-1.039338	0.162861	0.303696
59	-1.039338	0.662861	0.303696
60	-1.039338	1.162861	0.303696
61	-1.039338	1.662861	0.303696
62	-0.539338	-3.837139	0.303696
63	-0.539338	-3.337139	0.303696
64	-0.539338	-2.837139	0.303696
65	-0.539338	-2.337139	0.303696
66	-0.539338	-1.837139	0.303696
67	-0.539338	-1.337139	0.303696
68	-0.539338	-0.837139	0.303696
69	-0.539338	-0.337139	0.303696
70	-0.539338	0.162861	0.303696
71	-0.539338	0.662861	0.303696
72	-0.539338	1.162861	0.303696
73	-0.539338	1.662861	0.303696
74	-0.539338	2.162861	0.303696
75	-0.539338	2.662861	0.303696
76	-0.039338	-3.837139	0.303696
77	-0.039338	-3.337139	0.303696
78	-0.039338	-2.837139	0.303696
79	-0.039338	-2.337139	0.303696
80	-0.039338	-1.837139	0.303696
81	-0.039338	-1.337139	0.303696
82	-0.039338	-0.837139	0.303696
83	-0.039338	-0.337139	0.303696
84	-0.039338	0.162861	0.303696
85	-0.039338	0.662861	0.303696
86	-0.039338	1.162861	0.303696
87	-0.039338	1.662861	0.303696
88	-0.039338	2.162861	0.303696
89	-0.039338	2.662861	0.303696
90	0.460662	-3.337139	0.303696
91	0.460662	-2.837139	0.303696
92	0.460662	-2.337139	0.303696
93	0.460662	-1.837139	0.303696
94	0.460662	-1.337139	0.303696
95	0.460662	-0.837139	0.303696
96	0.460662	-0.337139	0.303696
97	0.460662	0.162861	0.303696
98	0.460662	0.662861	0.303696
99	0.460662	1.162861	0.303696
100	0.460662	1.662861	0.303696
101	0.460662	2.662861	0.303696
102	0.960662	-2.837139	0.303696
103	0.960662	-2.337139	0.303696
104	0.960662	-1.837139	0.303696
105	0.960662	-1.337139	0.303696
106	0.960662	-0.837139	0.303696
107	0.960662	-0.337139	0.303696
108	0.960662	0.162861	0.303696
109	0.960662	0.662861	0.303696
110	0.960662	1.162861	0.303696
111	0.960662	2.162861	0.303696
112	1.460662	-1.837139	0.303696
113	1.460662	-1.337139	0.303696
114	1.460662	-0.837139	0.303696
115	1.460662	-0.337139	0.303696
116	1.460662	0.162861	0.303696
117	1.460662	0.662861	0.303696
118	1.460662	1.662861	0.303696
119	1.960662	-1.337139	0.303696
120	1.960662	-0.837139	0.303696
121	1.960662	-0.337139	0.303696
122	1.960662	0.162861	0.303696
123	1.960662	0.662861	0.303696
124	1.960662	1.162861	0.303696
125	2.460662	-0.837139	0.303696
126	2.460662	-0.337139	0.303696
127	2.460662	0.162861	0.303696
128	2.460662	0.662861	0.303696
129	2.960662	0.162861	0.303696
130	2.960662	0.662861	0.303696
