0	-14.473156	4.771681	-0.206410
1	-14.473156	5.771681	-0.206410
2	-14.473156	6.771681	-0.206410
3	-14.473156	7.771681	-0.206410
4	-14.473156	9.771681	-0.206410
5	-14.473156	10.771681	-0.212530
6	-14.473156	11.771681	-0.212530
7	-14.473156	12.771681	-0.212530
8	-13.473156	4.771681	-0.206410
9	-13.473156	5.771681	-0.206410
10	-13.473156	6.771681	-0.206410
11	-13.473156	7.771681	-0.206410
12	-13.473156	8.771681	-0.206410
13	-13.473156	9.771681	-0.206410
14	-13.473156	10.771681	-0.212530
15	-13.473156	11.771681	-0.212530
16	-13.473156	12.771681	-0.212530
17	-12.473156	4.771681	-0.206410
18	-12.473156	5.771681	-0.206410
19	-12.473156	6.771681	-0.206410
20	-12.473156	7.771681	-0.206410
21	-12.473156	8.771681	-0.206410
22	-12.473156	9.771681	-0.206410
23	-11.473156	4.771681	-0.206410
24	-11.473156	5.771681	-0.206410
25	-11.473156	9.771681	-0.206410
26	-10.473156	4.771681	-0.266300
27	-9.473156	4.771681	-0.266300
28	-9.473156	6.771681	-0.271840
29	-9.473156	7.771681	-0.271840
30	-8.473156	4.771681	-0.266300
31	-7.473156	3.771681	-0.289160
32	-7.473156	4.771681	-0.266300
33	-6.473156	3.771681	-0.289160
34	-6.473156	4.771681	-0.266300
35	-6.473156	5.771681	-0.266300
36	-6.473156	6.771681	-0.218360
37	-6.473156	7.771681	-0.218360
38	-6.473156	8.771681	-0.218360
39	-6.473156	9.771681	-0.218360
40	-5.473156	3.771681	-0.289160
41	-5.473156	4.771681	-0.266300
42	-5.473156	5.771681	-0.266300
43	-5.473156	6.771681	-0.218360
44	-5.473156	7.771681	-0.218360
45	-5.473156	8.771681	-0.218360
46	-5.473156	9.771681	-0.218360
47	-4.473156	4.771681	-0.266300
48	-4.473156	5.771681	-0.218360
49	-4.473156	6.771681	-0.218360
50	-4.473156	7.771681	-0.218360
51	-4.473156	8.771681	-0.218360
52	-4.473156	9.771681	-0.218360
53	-19.473156	-5.228319	1.482233
54	-19.473156	-4.228319	1.482233
55	-19.473156	-3.228319	1.482233
56	-19.473156	-2.228319	1.482233
57	-18.473156	-9.228319	1.482233
58	-18.473156	-8.228319	1.482233
59	-18.473156	-7.228319	1.482233
60	-18.473156	-6.228319	1.482233
61	-18.473156	-5.228319	1.482233
62	-18.473156	-4.228319	1.482233
63	-18.473156	-3.228319	1.482233
64	-18.473156	-2.228319	1.482233
65	-18.473156	-1.228319	1.482233
66	-18.473156	-0.228319	1.482233
67	-18.473156	0.771681	1.482233
68	-18.473156	1.771681	1.482233
69	-18.473156	2.771681	1.482233
70	-18.473156	3.771681	1.482233
71	-18.473156	4.771681	1.482233
72	-17.473156	-11.228319	1.482233
73	-17.473156	-10.228319	1.482233
74	-17.473156	-9.228319	1.482233
75	-17.473156	-8.228319	1.482233
76	-17.473156	-7.228319	1.482233
77	-17.473156	-6.228319	1.482233
78	-17.473156	-5.228319	1.482233
79	-17.473156	-4.228319	1.482233
80	-17.473156	-3.228319	1.482233
81	-17.473156	-2.228319	1.482233
82	-17.473156	-1.228319	1.482233
83	-17.473156	-0.228319	1.482233
84	-17.473156	0.771681	1.482233
85	-17.473156	1.771681	1.482233
86	-17.473156	2.771681	1.482233
87	-17.473156	3.771681	1.482233
88	-17.473156	4.771681	1.482233
89	-17.473156	5.771681	1.482233
90	-17.473156	6.771681	1.482233
91	-16.473156	-11.228319	1.488877
92	-16.473156	-7.228319	1.488877
93	-16.473156	-6.228319	1.488877
94	-16.473156	-5.228319	1.488877
95	-16.473156	-4.228319	1.482233
96	-16.473156	-3.228319	1.482233
97	-16.473156	-2.228319	1.482233
98	-16.473156	-1.228319	1.482233
99	-16.473156	-0.228319	1.482233
100	-16.473156	0.771681	1.482233
101	-16.473156	1.771681	1.482233
102	-16.473156	2.771681	1.482233
103	-16.473156	3.771681	1.482233
104	-16.473156	4.771681	1.482233
105	-16.473156	5.771681	1.482233
106	-16.473156	6.771681	1.482233
107	-15.473156	-16.228319	1.504362
108	-15.473156	-11.228319	1.504362
109	-15.473156	-10.228319	1.488877
110	-15.473156	-9.228319	1.488877
111	-15.473156	-8.228319	1.488877
112	-15.473156	-7.228319	1.488877
113	-15.473156	-6.228319	1.488877
114	-15.473156	-5.228319	1.488877
115	-15.473156	-4.228319	1.488877
116	-15.473156	-3.228319	1.480119
117	-15.473156	-2.228319	1.480119
118	-15.473156	-1.228319	1.480119
119	-15.473156	-0.228319	1.480119
120	-15.473156	0.771681	1.480119
121	-15.473156	2.771681	1.482233
122	-15.473156	3.771681	1.482233
123	-15.473156	4.771681	1.482233
124	-15.473156	5.771681	1.482233
125	-15.473156	6.771681	1.482233
126	-15.473156	8.771681	2.868690
127	-15.473156	9.771681	2.868690
128	-15.473156	10.771681	2.868690
129	-15.473156	11.771681	2.868690
130	-14.473156	-16.228319	1.504362
131	-14.473156	-15.228319	1.504362
132	-14.473156	-14.228319	1.504362
133	-14.473156	-13.228319	1.504362
134	-14.473156	-12.228319	1.504362
135	-14.473156	-11.228319	1.504362
136	-14.473156	-10.228319	1.488877
137	-14.473156	-9.228319	1.488877
138	-14.473156	-8.228319	1.488877
139	-14.473156	-7.228319	1.488877
140	-14.473156	-6.228319	1.488877
141	-14.473156	-5.228319	1.488877
142	-14.473156	-4.228319	1.488877
143	-14.473156	-3.228319	1.480119
144	-14.473156	-2.228319	1.480119
145	-14.473156	-1.228319	1.480119
146	-14.473156	-0.228319	1.480119
147	-14.473156	0.771681	1.480119
148	-14.473156	1.771681	1.480119
149	-14.473156	2.771681	1.480119
150	-14.473156	3.771681	1.480119
151	-14.473156	5.771681	2.760350
152	-14.473156	8.771681	2.868690
153	-14.473156	9.771681	2.868690
154	-14.473156	10.771681	2.868690
155	-14.473156	11.771681	2.868690
156	-13.473156	-16.228319	1.504362
157	-13.473156	-15.228319	1.504362
158	-13.473156	-14.228319	1.504362
159	-13.473156	-13.228319	1.504362
160	-13.473156	-12.228319	1.504362
161	-13.473156	-11.228319	1.504362
162	-13.473156	-10.228319	1.488877
163	-13.473156	-9.228319	1.488877
164	-13.473156	-8.228319	1.488877
165	-13.473156	-7.228319	1.488877
166	-13.473156	-6.228319	1.488877
167	-13.473156	-5.228319	1.488877
168	-13.473156	-4.228319	1.488877
169	-13.473156	-3.228319	1.480119
170	-13.473156	-2.228319	1.480119
171	-13.473156	-1.228319	1.480119
172	-13.473156	-0.228319	1.480119
173	-13.473156	0.771681	1.480119
174	-13.473156	1.771681	1.480119
175	-13.473156	3.771681	1.480119
176	-13.473156	4.771681	2.760350
177	-13.473156	5.771681	2.760350
178	-13.473156	6.771681	2.760350
179	-13.473156	7.771681	2.760350
180	-13.473156	8.771681	2.760350
181	-13.473156	9.771681	2.760350
182	-13.473156	11.771681	2.760350
183	-12.473156	-16.228319	1.504362
184	-12.473156	-15.228319	1.504362
185	-12.473156	-14.228319	1.504362
186	-12.473156	-13.228319	1.504362
187	-12.473156	-12.228319	1.504362
188	-12.473156	-9.228319	1.488877
189	-12.473156	-8.228319	1.488877
190	-12.473156	-7.228319	1.488877
191	-12.473156	-6.228319	1.488877
192	-12.473156	-5.228319	1.488877
193	-12.473156	-3.228319	1.480119
194	-12.473156	-2.228319	1.480119
195	-12.473156	-1.228319	1.480119
196	-12.473156	-0.228319	1.480119
197	-12.473156	0.771681	1.480119
198	-12.473156	1.771681	1.480119
199	-12.473156	3.771681	1.480119
200	-12.473156	4.771681	2.760350
201	-12.473156	5.771681	2.760350
202	-12.473156	6.771681	2.760350
203	-12.473156	7.771681	2.760350
204	-12.473156	8.771681	2.760350
205	-12.473156	9.771681	2.760350
206	-12.473156	10.771681	2.760350
207	-11.473156	-11.228319	1.504362
208	-11.473156	-9.228319	1.488877
209	-11.473156	-8.228319	1.488877
210	-11.473156	-7.228319	1.488877
211	-11.473156	-6.228319	1.488877
212	-11.473156	-5.228319	1.488877
213	-11.473156	-3.228319	1.480119
214	-11.473156	-2.228319	1.480119
215	-11.473156	-1.228319	1.480119
216	-11.473156	-0.228319	1.480119
217	-11.473156	0.771681	1.480119
218	-11.473156	1.771681	1.480119
219	-11.473156	3.771681	1.480119
220	-11.473156	4.771681	2.760350
221	-11.473156	5.771681	2.760350
222	-11.473156	6.771681	2.760350
223	-11.473156	7.771681	2.760350
224	-11.473156	8.771681	2.760350
225	-11.473156	9.771681	2.760350
226	-11.473156	10.771681	2.760350
227	-10.473156	-11.228319	1.485613
228	-10.473156	-5.228319	1.488877
229	-10.473156	-2.228319	1.480119
230	-10.473156	-1.228319	1.480119
231	-10.473156	-0.228319	1.480119
232	-10.473156	0.771681	1.480119
233	-10.473156	1.771681	1.480119
234	-10.473156	2.771681	1.480119
235	-10.473156	3.771681	1.480119
236	-10.473156	4.771681	2.760350
237	-10.473156	5.771681	2.760350
238	-10.473156	6.771681	2.760350
239	-10.473156	7.771681	2.760350
240	-10.473156	8.771681	2.760350
241	-10.473156	9.771681	2.760350
242	-10.473156	10.771681	2.760350
243	-9.473156	-11.228319	1.485613
244	-9.473156	-5.228319	1.485613
245	-9.473156	-2.228319	1.485613
246	-9.473156	-1.228319	1.485613
247	-9.473156	-0.228319	2.130260
248	-9.473156	0.771681	2.130260
249	-9.473156	1.771681	2.130260
250	-9.473156	2.771681	2.130260
251	-9.473156	3.771681	2.130260
252	-9.473156	4.771681	2.760350
253	-9.473156	5.771681	2.760350
254	-9.473156	6.771681	2.760350
255	-9.473156	7.771681	2.760350
256	-9.473156	8.771681	2.760350
257	-9.473156	9.771681	2.760350
258	-9.473156	10.771681	2.760350
259	-8.473156	-2.228319	1.485613
260	-8.473156	-1.228319	1.485613
261	-8.473156	-0.228319	2.130260
262	-8.473156	0.771681	2.130260
263	-8.473156	1.771681	2.130260
264	-8.473156	2.771681	2.130260
265	-8.473156	3.771681	2.130260
266	-8.473156	4.771681	2.130260
267	-8.473156	5.771681	2.733470
268	-8.473156	6.771681	2.733470
269	-8.473156	8.771681	2.733470
270	-7.473156	-2.228319	1.799193
271	-7.473156	-1.228319	1.475516
272	-7.473156	-0.228319	1.475516
273	-7.473156	0.771681	1.475516
274	-7.473156	1.771681	1.475516
275	-7.473156	3.771681	2.130260
276	-7.473156	4.771681	2.130260
277	-7.473156	5.771681	2.733470
278	-7.473156	6.771681	2.733470
279	-7.473156	7.771681	2.733470
280	-7.473156	8.771681	2.733470
281	-7.473156	9.771681	2.733470
282	-7.473156	10.771681	2.733470
283	-6.473156	-2.228319	1.799193
284	-6.473156	-0.228319	1.475516
285	-6.473156	0.771681	1.475516
286	-6.473156	1.771681	1.475516
287	-6.473156	2.771681	2.130260
288	-6.473156	4.771681	2.130260
289	-6.473156	5.771681	2.733470
290	-6.473156	6.771681	2.733470
291	-6.473156	9.771681	2.733470
292	-5.473156	-2.228319	1.799193
293	-5.473156	-1.228319	1.475516
294	-5.473156	-0.228319	1.475516
295	-5.473156	0.771681	1.475516
296	-5.473156	1.771681	1.475516
297	-5.473156	2.771681	2.130260
298	-5.473156	4.771681	2.130260
299	-5.473156	9.771681	2.733470
300	-5.473156	10.771681	2.733470
301	-4.473156	-2.228319	1.799193
302	-4.473156	-1.228319	1.475516
303	-4.473156	-0.228319	1.475516
304	-4.473156	0.771681	1.475516
305	-4.473156	1.771681	2.130260
306	-4.473156	2.771681	2.130260
307	-4.473156	3.771681	2.130260
308	-4.473156	4.771681	2.130260
309	-4.473156	6.771681	2.725710
310	-4.473156	7.771681	2.725710
311	-4.473156	10.771681	2.744210
312	-3.473156	-2.228319	1.799193
313	-3.473156	-1.228319	1.799193
314	-3.473156	-0.228319	1.799193
315	-3.473156	0.771681	1.799193
316	-3.473156	1.771681	1.799193
317	-3.473156	2.771681	2.130260
318	-3.473156	4.771681	2.130260
319	-3.473156	5.771681	2.725710
320	-3.473156	6.771681	2.725710
321	-3.473156	7.771681	2.725710
322	-3.473156	9.771681	2.744210
323	-3.473156	10.771681	2.744210
324	-2.473156	-2.228319	1.799193
325	-2.473156	-1.228319	1.799193
326	-2.473156	-0.228319	1.799193
327	-2.473156	0.771681	1.799193
328	-2.473156	1.771681	1.799193
329	-2.473156	2.771681	1.799193
330	-2.473156	3.771681	2.130260
331	-2.473156	4.771681	2.130260
332	-2.473156	9.771681	2.262221
333	-2.473156	10.771681	2.262221
334	-2.473156	11.771681	2.262221
335	-1.473156	-2.228319	1.799193
336	-1.473156	-1.228319	1.799193
337	-1.473156	4.771681	2.130260
338	-1.473156	8.771681	2.262221
339	-1.473156	9.771681	2.262221
340	-1.473156	10.771681	2.262221
341	-1.473156	11.771681	2.262221
342	-0.473156	-2.228319	1.799193
343	-0.473156	-1.228319	1.799193
344	-0.473156	-0.228319	1.799193
345	-0.473156	0.771681	1.799193
346	-0.473156	1.771681	1.799193
347	-0.473156	2.771681	1.799193
348	-0.473156	3.771681	2.130260
349	-0.473156	4.771681	2.262221
350	-0.473156	5.771681	2.262221
351	-0.473156	6.771681	2.262221
352	-0.473156	7.771681	2.262221
353	-0.473156	8.771681	2.262221
354	-0.473156	9.771681	2.262221
355	-0.473156	10.771681	2.262221
356	0.526844	2.771681	1.799193
357	0.526844	3.771681	2.130260
358	0.526844	4.771681	2.262221
359	0.526844	6.771681	2.262221
360	0.526844	7.771681	2.262221
361	0.526844	8.771681	2.262221
362	0.526844	9.771681	2.262221
363	1.526844	-2.228319	1.799193
364	1.526844	-1.228319	1.799193
365	1.526844	-0.228319	1.799193
366	1.526844	0.771681	1.799193
367	1.526844	1.771681	1.799193
368	1.526844	2.771681	1.799193
369	1.526844	3.771681	1.637534
370	1.526844	4.771681	2.262221
371	1.526844	5.771681	2.262221
372	1.526844	6.771681	2.262221
373	1.526844	7.771681	2.262221
374	1.526844	8.771681	2.262221
375	2.526844	-2.228319	1.799193
376	2.526844	-1.228319	1.799193
377	2.526844	-0.228319	1.799193
378	2.526844	0.771681	1.799193
379	2.526844	1.771681	1.799193
380	2.526844	2.771681	1.799193
381	2.526844	3.771681	1.637534
382	2.526844	4.771681	2.262221
383	2.526844	5.771681	2.262221
384	2.526844	6.771681	2.262221
385	2.526844	7.771681	2.262221
386	3.526844	-2.228319	1.799193
387	3.526844	-1.228319	1.799193
388	3.526844	-0.228319	1.637534
389	3.526844	0.771681	1.637534
390	3.526844	1.771681	1.637534
391	3.526844	2.771681	1.637534
392	3.526844	3.771681	1.637534
393	3.526844	6.771681	2.262221
394	3.526844	7.771681	2.262221
395	3.526844	8.771681	2.262221
396	3.526844	9.771681	2.262221
397	4.526844	-2.228319	1.637534
398	4.526844	-1.228319	1.637534
399	4.526844	-0.228319	1.637534
400	4.526844	0.771681	1.637534
401	4.526844	1.771681	1.637534
402	4.526844	2.771681	1.458451
403	4.526844	3.771681	1.637534
404	4.526844	4.771681	1.637534
405	4.526844	5.771681	1.637534
406	4.526844	6.771681	1.637534
407	4.526844	7.771681	1.637534
408	4.526844	8.771681	1.637534
409	5.526844	-0.228319	1.637534
410	5.526844	0.771681	1.637534
411	5.526844	1.771681	1.637534
412	5.526844	2.771681	1.637534
413	5.526844	3.771681	1.637534
414	5.526844	4.771681	1.637534
415	5.526844	5.771681	1.637534
416	5.526844	6.771681	1.637534
417	5.526844	7.771681	1.637534
418	6.526844	1.771681	1.637534
419	6.526844	2.771681	1.637534
420	6.526844	3.771681	1.637534
421	6.526844	4.771681	1.637534
422	6.526844	5.771681	1.637534
423	-9.473156	-16.228319	1.574706
424	-9.473156	-15.228319	1.574706
425	-9.473156	-14.228319	1.574706
426	-9.473156	-13.228319	1.574706
427	-8.473156	-16.228319	1.574706
428	-8.473156	-15.228319	1.574706
429	-8.473156	-14.228319	1.574706
430	-7.473156	-16.228319	1.574706
431	-7.473156	-15.228319	1.574706
432	-7.473156	-14.228319	1.574706
433	-7.473156	-13.228319	1.535771
434	-7.473156	-12.228319	1.535771
435	-6.473156	-16.228319	1.574706
436	-6.473156	-15.228319	1.574706
437	-6.473156	-14.228319	1.574706
438	-6.473156	-12.228319	1.535771
