0	-3.109645	-1.183166	0.009409
1	-3.109645	-0.683166	0.009409
2	-2.609645	-5.183166	0.009409
3	-2.609645	-4.683166	0.009409
4	-2.609645	-4.183166	0.009409
5	-2.609645	-3.683166	0.009409
6	-2.609645	-3.183166	0.009409
7	-2.609645	-2.683166	0.009409
8	-2.609645	-2.183166	0.009409
9	-2.609645	-1.683166	0.009409
10	-2.609645	-1.183166	0.009409
11	-2.609645	-0.683166	0.009409
12	-2.109645	-9.183166	0.009409
13	-2.109645	-7.183166	0.009409
14	-2.109645	-6.683166	0.009409
15	-2.109645	-6.183166	0.009409
16	-2.109645	-5.683166	0.009409
17	-2.109645	-5.183166	0.009409
18	-2.109645	-4.683166	0.009409
19	-2.109645	-4.183166	0.009409
20	-2.109645	-3.683166	0.009409
21	-2.109645	-3.183166	0.009409
22	-2.109645	-2.683166	0.009409
23	-2.109645	-2.183166	0.009409
24	-2.109645	-1.683166	0.009409
25	-2.109645	-1.183166	0.009409
26	-2.109645	-0.683166	0.009409
27	-1.609645	-9.683166	0.009409
28	-1.609645	-9.183166	0.009409
29	-1.609645	-8.683166	0.009409
30	-1.609645	-8.183166	0.009409
31	-1.609645	-7.683166	0.009409
32	-1.609645	-7.183166	0.009409
33	-1.609645	-6.683166	0.009409
34	-1.609645	-6.183166	0.009409
35	-1.609645	-5.683166	0.009409
36	-1.609645	-5.183166	0.009409
37	-1.609645	-4.683166	0.009409
38	-1.609645	-4.183166	0.009409
39	-1.609645	-3.683166	0.009409
40	-1.609645	-3.183166	0.009409
41	-1.609645	-2.683166	0.009409
42	-1.609645	-2.183166	0.009409
43	-1.609645	-1.683166	0.009409
44	-1.609645	-1.183166	0.009409
45	-1.609645	-0.683166	0.009409
46	-1.109645	-9.183166	0.009409
47	-1.109645	-8.683166	0.009409
48	-1.109645	-8.183166	0.009409
49	-1.109645	-7.683166	0.009409
50	-1.109645	-7.183166	0.009409
51	-1.109645	-6.683166	0.009409
52	-1.109645	-6.183166	0.009409
53	-1.109645	-5.683166	0.009409
54	-1.109645	-5.183166	0.009409
55	-1.109645	-4.683166	0.009409
56	-1.109645	-4.183166	0.009409
57	-1.109645	-3.683166	0.009409
58	-1.109645	-3.183166	0.009409
59	-1.109645	-2.683166	0.009409
60	-1.109645	-2.183166	0.009409
61	-1.109645	-1.683166	0.009409
62	-1.109645	-1.183166	0.009409
63	-1.109645	-0.683166	0.009409
64	-1.109645	1.316834	0.009409
65	-0.609645	-9.183166	0.009409
66	-0.609645	-8.683166	0.009409
67	-0.609645	-8.183166	0.009409
68	-0.609645	-7.683166	0.009409
69	-0.609645	-7.183166	0.009409
70	-0.609645	-6.683166	0.009409
71	-0.609645	-6.183166	0.009409
72	-0.609645	-5.683166	0.009409
73	-0.609645	-5.183166	0.009409
74	-0.609645	-4.683166	0.009409
75	-0.609645	-4.183166	0.009409
76	-0.609645	-3.683166	0.009409
77	-0.609645	-3.183166	0.009409
78	-0.609645	-2.683166	0.009409
79	-0.609645	-2.183166	0.009409
80	-0.609645	-1.683166	0.009409
81	-0.609645	-1.183166	0.009409
82	-0.609645	-0.683166	0.009409
83	-0.609645	-0.183166	0.009409
84	-0.609645	0.316834	0.009409
85	-0.609645	0.816834	0.009409
86	-0.609645	1.316834	0.009409
87	-0.609645	1.816834	0.009409
88	-0.109645	-9.183166	0.009409
89	-0.109645	-8.683166	0.009409
90	-0.109645	-8.183166	0.009409
91	-0.109645	-7.683166	0.009409
92	-0.109645	-7.183166	0.009409
93	-0.109645	-6.683166	0.009409
94	-0.109645	-6.183166	0.009409
95	-0.109645	-5.683166	0.009409
96	-0.109645	-5.183166	0.009409
97	-0.109645	-4.683166	0.009409
98	-0.109645	-4.183166	0.009409
99	-0.109645	-3.683166	0.009409
100	-0.109645	-3.183166	0.009409
101	-0.109645	-2.683166	0.009409
102	-0.109645	-2.183166	0.009409
103	-0.109645	-1.683166	0.009409
104	-0.109645	-1.183166	0.009409
105	-0.109645	-0.683166	0.009409
106	-0.109645	-0.183166	0.009409
107	-0.109645	0.316834	0.009409
108	-0.109645	0.816834	0.009409
109	-0.109645	1.316834	0.009409
110	-0.109645	1.816834	0.009409
111	-0.109645	2.316834	0.009409
112	0.390355	-9.183166	0.009409
113	0.390355	-8.683166	0.009409
114	0.390355	-8.183166	0.009409
115	0.390355	-7.683166	0.009409
116	0.390355	-7.183166	0.009409
117	0.390355	-6.683166	0.009409
118	0.390355	-6.183166	0.009409
119	0.390355	-5.683166	0.009409
120	0.390355	-5.183166	0.009409
121	0.390355	-4.683166	0.009409
122	0.390355	-4.183166	0.009409
123	0.390355	-3.683166	0.009409
124	0.390355	-3.183166	0.009409
125	0.390355	-2.683166	0.009409
126	0.390355	-2.183166	0.009409
127	0.390355	-1.683166	0.009409
128	0.390355	-1.183166	0.009409
129	0.390355	-0.683166	0.009409
130	0.390355	-0.183166	0.009409
131	0.390355	0.316834	0.009409
132	0.390355	0.816834	0.009409
133	0.390355	1.316834	0.009409
134	0.390355	1.816834	0.009409
135	0.390355	2.316834	0.009409
136	0.890355	-9.183166	0.009409
137	0.890355	-8.683166	0.009409
138	0.890355	-8.183166	0.009409
139	0.890355	-7.683166	0.009409
140	0.890355	-7.183166	0.009409
141	0.890355	-6.683166	0.009409
142	0.890355	-6.183166	0.009409
143	0.890355	-5.683166	0.009409
144	0.890355	-5.183166	0.009409
145	0.890355	-4.683166	0.009409
146	0.890355	-4.183166	0.009409
147	0.890355	-3.683166	0.009409
148	0.890355	-3.183166	0.009409
149	0.890355	-2.683166	0.009409
150	0.890355	-2.183166	0.009409
151	0.890355	-1.683166	0.009409
152	0.890355	-1.183166	0.009409
153	0.890355	-0.683166	0.009409
154	0.890355	-0.183166	0.009409
155	0.890355	0.316834	0.009409
156	0.890355	0.816834	0.009409
157	0.890355	1.316834	0.009409
158	0.890355	1.816834	0.009409
159	1.390355	-9.183166	0.009409
160	1.390355	-8.683166	0.009409
161	1.390355	-8.183166	0.009409
162	1.390355	-7.683166	0.009409
163	1.390355	-7.183166	0.009409
164	1.390355	-6.683166	0.009409
165	1.390355	-6.183166	0.009409
166	1.390355	-5.683166	0.009409
167	1.390355	-5.183166	0.009409
168	1.390355	-4.683166	0.009409
169	1.390355	-4.183166	0.009409
170	1.390355	-3.683166	0.009409
171	1.390355	-3.183166	0.009409
172	1.390355	-2.683166	0.009409
173	1.390355	-2.183166	0.009409
174	1.390355	-1.683166	0.009409
175	1.390355	-1.183166	0.009409
176	1.390355	-0.683166	0.009409
177	1.390355	-0.183166	0.009409
178	1.390355	0.316834	0.009409
179	1.390355	0.816834	0.009409
180	1.390355	1.316834	0.009409
181	1.390355	1.816834	0.009409
182	1.890355	-9.183166	0.009409
183	1.890355	-8.683166	0.009409
184	1.890355	-8.183166	0.009409
185	1.890355	-7.683166	0.009409
186	1.890355	-7.183166	0.009409
187	1.890355	-6.683166	0.009409
188	1.890355	-6.183166	0.009409
189	1.890355	-5.683166	0.009409
190	1.890355	-4.183166	0.009409
191	1.890355	-3.683166	0.009409
192	1.890355	-3.183166	0.009409
193	1.890355	-2.683166	0.009409
194	1.890355	-2.183166	0.009409
195	1.890355	-0.683166	0.009409
196	1.890355	0.816834	0.009409
197	1.890355	1.316834	0.009409
198	1.890355	1.816834	0.009409
199	1.890355	2.316834	0.009409
200	1.890355	2.816834	0.009409
201	1.890355	3.316834	0.009409
202	1.890355	3.816834	0.009409
203	1.890355	4.316834	0.009409
204	2.390355	-8.183166	0.009409
205	2.390355	-7.683166	0.009409
206	2.390355	-7.183166	0.009409
207	2.390355	-6.683166	0.009409
208	2.390355	-6.183166	0.009409
209	2.390355	-4.183166	0.009409
210	2.390355	-3.683166	0.009409
211	2.390355	-3.183166	0.009409
212	2.390355	-2.683166	0.009409
213	2.390355	-2.183166	0.009409
214	2.390355	-1.683166	0.009409
215	2.390355	1.316834	0.009409
216	2.390355	1.816834	0.009409
217	2.390355	2.316834	0.009409
218	2.390355	2.816834	0.009409
219	2.390355	3.316834	0.009409
220	2.390355	3.816834	0.009409
221	2.390355	4.316834	0.009409
222	2.890355	-8.683166	0.009409
223	2.890355	-8.183166	0.009409
224	2.890355	-7.683166	0.009409
225	2.890355	-7.183166	0.009409
226	2.890355	-6.683166	0.009409
227	2.890355	-6.183166	0.009409
228	2.890355	-4.183166	0.009409
229	2.890355	-3.683166	0.009409
230	2.890355	-3.183166	0.009409
231	2.890355	-2.683166	0.009409
232	2.890355	-2.183166	0.009409
233	2.890355	-1.683166	0.009409
234	2.890355	-1.183166	0.009409
235	2.890355	-0.183166	0.009409
236	2.890355	0.316834	0.009409
237	2.890355	1.316834	0.009409
238	2.890355	1.816834	0.009409
239	2.890355	2.316834	0.009409
240	2.890355	2.816834	0.009409
241	2.890355	3.316834	0.009409
242	2.890355	3.816834	0.009409
243	2.890355	4.316834	0.009409
244	3.390355	-8.683166	0.009409
245	3.390355	-8.183166	0.009409
246	3.390355	-7.683166	0.009409
247	3.390355	-7.183166	0.009409
248	3.390355	-6.683166	0.009409
249	3.390355	-6.183166	0.009409
250	3.390355	-4.183166	0.009409
251	3.390355	-3.683166	0.009409
252	3.390355	-3.183166	0.009409
253	3.390355	-2.683166	0.009409
254	3.390355	-2.183166	0.009409
255	3.390355	-1.683166	0.009409
256	3.390355	-1.183166	0.009409
257	3.390355	-0.683166	0.009409
258	3.390355	-0.183166	0.009409
259	3.390355	0.316834	0.009409
260	3.390355	0.816834	0.009409
261	3.390355	1.316834	0.009409
262	3.390355	1.816834	0.009409
263	3.390355	2.316834	0.009409
264	3.390355	2.816834	0.009409
265	3.390355	3.316834	0.009409
266	3.390355	3.816834	0.009409
267	3.390355	4.316834	0.009409
268	3.890355	-8.683166	0.009409
269	3.890355	-8.183166	0.009409
270	3.890355	-7.683166	0.009409
271	3.890355	-7.183166	0.009409
272	3.890355	-6.683166	0.009409
273	3.890355	-6.183166	0.009409
274	3.890355	-5.683166	0.009409
275	3.890355	-4.183166	0.009409
276	3.890355	-3.683166	0.009409
277	3.890355	-3.183166	0.009409
278	3.890355	-2.683166	0.009409
279	3.890355	-2.183166	0.009409
280	3.890355	-1.683166	0.009409
281	3.890355	-1.183166	0.009409
282	3.890355	-0.683166	0.009409
283	3.890355	-0.183166	0.009409
284	3.890355	0.316834	0.009409
285	3.890355	0.816834	0.009409
286	3.890355	3.316834	0.009409
287	3.890355	3.816834	0.009409
288	3.890355	4.316834	0.009409
289	3.890355	4.816834	0.009409
290	4.390355	-8.683166	0.009409
291	4.390355	-8.183166	0.009409
292	4.390355	-7.683166	0.009409
293	4.390355	-7.183166	0.009409
294	4.390355	-6.683166	0.009409
295	4.390355	-6.183166	0.009409
296	4.390355	-5.683166	0.009409
297	4.390355	-5.183166	0.009409
298	4.390355	-4.683166	0.009409
299	4.390355	-4.183166	0.009409
300	4.390355	-3.683166	0.009409
301	4.390355	-3.183166	0.009409
302	4.390355	-2.683166	0.009409
303	4.390355	-2.183166	0.009409
304	4.390355	-1.683166	0.009409
305	4.390355	-1.183166	0.009409
306	4.390355	-0.683166	0.009409
307	4.390355	-0.183166	0.009409
308	4.390355	0.316834	0.009409
309	4.390355	0.816834	0.009409
310	4.390355	3.316834	0.009409
311	4.390355	3.816834	0.009409
312	4.390355	4.316834	0.009409
313	4.890355	-8.683166	0.009409
314	4.890355	-8.183166	0.009409
315	4.890355	-7.683166	0.009409
316	4.890355	-7.183166	0.009409
317	4.890355	-6.683166	0.009409
318	4.890355	-6.183166	0.009409
319	4.890355	-5.683166	0.009409
320	4.890355	-5.183166	0.009409
321	4.890355	-4.683166	0.009409
322	4.890355	-3.683166	0.009409
323	4.890355	-3.183166	0.009409
324	4.890355	-2.683166	0.009409
325	4.890355	-2.183166	0.009409
326	4.890355	-1.683166	0.009409
327	4.890355	-1.183166	0.009409
328	4.890355	-0.683166	0.009409
329	4.890355	-0.183166	0.009409
330	5.390355	-8.683166	0.009409
331	5.390355	-8.183166	0.009409
332	5.390355	-7.683166	0.009409
333	5.390355	-7.183166	0.009409
334	5.390355	-6.683166	0.009409
335	5.390355	-6.183166	0.009409
336	5.390355	-5.683166	0.009409
337	5.390355	-5.183166	0.009409
338	5.390355	-4.683166	0.009409
339	5.890355	-8.683166	0.009409
340	5.890355	-8.183166	0.009409
341	-2.609645	-5.183166	2.709409
342	-2.609645	-4.683166	2.709409
343	-2.609645	-4.183166	2.709409
344	-2.609645	-3.683166	2.709409
345	-2.609645	-3.183166	2.709409
346	-2.109645	-6.183166	2.709409
347	-2.109645	-5.683166	2.709409
348	-2.109645	-5.183166	2.709409
349	-2.109645	-4.683166	2.709409
350	-2.109645	-4.183166	2.709409
351	-2.109645	-3.683166	2.709409
352	-2.109645	-3.183166	2.709409
353	-2.109645	-2.683166	2.709409
354	-2.109645	-2.183166	2.709409
355	-1.609645	-6.183166	2.709409
356	-1.609645	-5.683166	2.709409
357	-1.609645	-5.183166	2.709409
358	-1.609645	-4.683166	2.709409
359	-1.609645	-4.183166	2.709409
360	-1.609645	-3.683166	2.709409
361	-1.609645	-3.183166	2.709409
362	-1.609645	-2.683166	2.709409
363	-1.609645	-2.183166	2.709409
364	-1.109645	-6.183166	2.709409
365	-1.109645	-5.683166	2.709409
366	-1.109645	-5.183166	2.709409
367	-1.109645	-4.683166	2.709409
368	-1.109645	-4.183166	2.709409
369	-1.109645	-3.683166	2.709409
370	-1.109645	-3.183166	2.709409
371	-1.109645	-2.683166	2.709409
372	-1.109645	-2.183166	2.709409
373	-1.109645	1.816834	2.709409
374	-0.609645	-6.183166	2.709409
375	-0.609645	-5.683166	2.709409
376	-0.609645	-5.183166	2.709409
377	-0.609645	-4.683166	2.709409
378	-0.609645	-4.183166	2.709409
379	-0.609645	-3.683166	2.709409
380	-0.609645	-3.183166	2.709409
381	-0.609645	-2.683166	2.709409
382	-0.609645	-2.183166	2.709409
383	-0.609645	-1.683166	2.709409
384	-0.609645	-1.183166	2.709409
385	-0.609645	-0.683166	2.709409
386	-0.609645	-0.183166	2.709409
387	-0.609645	0.316834	2.709409
388	-0.609645	0.816834	2.709409
389	-0.609645	1.316834	2.709409
390	-0.609645	1.816834	2.709409
391	-0.109645	-6.683166	2.709409
392	-0.109645	-6.183166	2.709409
393	-0.109645	-5.683166	2.709409
394	-0.109645	-5.183166	2.709409
395	-0.109645	-4.683166	2.709409
396	-0.109645	-4.183166	2.709409
397	-0.109645	-3.683166	2.709409
398	-0.109645	-3.183166	2.709409
399	-0.109645	-2.683166	2.709409
400	-0.109645	-2.183166	2.709409
401	-0.109645	-1.683166	2.709409
402	-0.109645	-1.183166	2.709409
403	-0.109645	-0.683166	2.709409
404	-0.109645	-0.183166	2.709409
405	-0.109645	0.316834	2.709409
406	-0.109645	0.816834	2.709409
407	-0.109645	1.316834	2.709409
408	-0.109645	1.816834	2.709409
409	-0.109645	2.316834	2.709409
410	0.390355	-9.183166	2.709409
411	0.390355	-8.683166	2.709409
412	0.390355	-8.183166	2.709409
413	0.390355	-7.683166	2.709409
414	0.390355	-7.183166	2.709409
415	0.390355	-6.683166	2.709409
416	0.390355	-5.683166	2.709409
417	0.390355	-5.183166	2.709409
418	0.390355	-4.683166	2.709409
419	0.390355	-4.183166	2.709409
420	0.390355	-2.683166	2.709409
421	0.390355	-2.183166	2.709409
422	0.390355	-1.683166	2.709409
423	0.390355	-1.183166	2.709409
424	0.390355	-0.683166	2.709409
425	0.390355	-0.183166	2.709409
426	0.390355	0.316834	2.709409
427	0.390355	0.816834	2.709409
428	0.390355	1.316834	2.709409
429	0.390355	1.816834	2.709409
430	0.390355	2.316834	2.709409
431	0.890355	-9.183166	2.709409
432	0.890355	-8.683166	2.709409
433	0.890355	-8.183166	2.709409
434	0.890355	-7.683166	2.709409
435	0.890355	-7.183166	2.709409
436	0.890355	-6.683166	2.709409
437	0.890355	-6.183166	2.709409
438	0.890355	-5.683166	2.709409
439	0.890355	-5.183166	2.709409
440	0.890355	-4.683166	2.709409
441	0.890355	-4.183166	2.709409
442	0.890355	-3.683166	2.709409
443	0.890355	-3.183166	2.709409
444	0.890355	-2.683166	2.709409
445	0.890355	-2.183166	2.709409
446	0.890355	-1.683166	2.709409
447	0.890355	-1.183166	2.709409
448	0.890355	-0.683166	2.709409
449	0.890355	-0.183166	2.709409
450	0.890355	0.316834	2.709409
451	0.890355	0.816834	2.709409
452	0.890355	1.316834	2.709409
453	0.890355	1.816834	2.709409
454	0.890355	2.316834	2.709409
455	1.390355	-9.183166	2.709409
456	1.390355	-8.683166	2.709409
457	1.390355	-8.183166	2.709409
458	1.390355	-7.683166	2.709409
459	1.390355	-7.183166	2.709409
460	1.390355	-6.683166	2.709409
461	1.390355	-6.183166	2.709409
462	1.390355	-5.683166	2.709409
463	1.390355	-5.183166	2.709409
464	1.390355	-4.683166	2.709409
465	1.390355	-4.183166	2.709409
466	1.390355	-3.683166	2.709409
467	1.390355	-3.183166	2.709409
468	1.390355	-2.683166	2.709409
469	1.390355	-2.183166	2.709409
470	1.390355	-1.683166	2.709409
471	1.390355	-1.183166	2.709409
472	1.390355	-0.683166	2.709409
473	1.390355	-0.183166	2.709409
474	1.390355	0.316834	2.709409
475	1.390355	0.816834	2.709409
476	1.390355	1.316834	2.709409
477	1.390355	1.816834	2.709409
478	1.390355	2.316834	2.709409
479	1.890355	-9.183166	2.709409
480	1.890355	-8.683166	2.709409
481	1.890355	-8.183166	2.709409
482	1.890355	-7.683166	2.709409
483	1.890355	-7.183166	2.709409
484	1.890355	-6.683166	2.709409
485	1.890355	-6.183166	2.709409
486	1.890355	-5.683166	2.709409
487	1.890355	-5.183166	2.709409
488	1.890355	-4.683166	2.709409
489	1.890355	-4.183166	2.709409
490	1.890355	-3.683166	2.709409
491	1.890355	-3.183166	2.709409
492	1.890355	-2.183166	2.709409
493	1.890355	-0.683166	2.709409
494	1.890355	-0.183166	2.709409
495	1.890355	0.316834	2.709409
496	1.890355	0.816834	2.709409
497	1.890355	1.316834	2.709409
498	1.890355	1.816834	2.709409
499	1.890355	2.316834	2.709409
500	2.390355	-9.183166	2.709409
501	2.390355	-8.683166	2.709409
502	2.390355	-8.183166	2.709409
503	2.390355	-7.683166	2.709409
504	2.390355	-7.183166	2.709409
505	2.390355	-6.683166	2.709409
506	2.390355	-6.183166	2.709409
507	2.390355	-5.183166	2.709409
508	2.390355	-4.683166	2.709409
509	2.390355	-4.183166	2.709409
510	2.390355	-3.683166	2.709409
511	2.390355	-3.183166	2.709409
512	2.390355	-2.683166	2.709409
513	2.390355	-2.183166	2.709409
514	2.390355	-1.683166	2.709409
515	2.390355	-1.183166	2.709409
516	2.390355	-0.683166	2.709409
517	2.390355	-0.183166	2.709409
518	2.390355	0.316834	2.709409
519	2.390355	0.816834	2.709409
520	2.390355	1.316834	2.709409
521	2.390355	1.816834	2.709409
522	2.890355	-8.683166	2.709409
523	2.890355	-8.183166	2.709409
524	2.890355	-7.683166	2.709409
525	2.890355	-7.183166	2.709409
526	2.890355	-6.683166	2.709409
527	2.890355	-6.183166	2.709409
528	2.890355	-5.183166	2.709409
529	2.890355	-4.683166	2.709409
530	2.890355	-4.183166	2.709409
531	2.890355	-3.683166	2.709409
532	2.890355	-3.183166	2.709409
533	2.890355	-2.683166	2.709409
534	2.890355	-2.183166	2.709409
535	2.890355	-1.683166	2.709409
536	2.890355	-1.183166	2.709409
537	3.390355	-8.683166	2.709409
538	3.390355	-8.183166	2.709409
539	3.390355	-7.683166	2.709409
540	3.390355	-7.183166	2.709409
541	3.390355	-6.683166	2.709409
542	3.390355	-6.183166	2.709409
543	3.390355	-5.183166	2.709409
544	3.390355	-4.683166	2.709409
545	3.390355	-3.683166	2.709409
546	3.390355	-3.183166	2.709409
547	3.390355	-2.683166	2.709409
548	3.390355	-2.183166	2.709409
549	3.390355	-1.683166	2.709409
550	3.390355	-1.183166	2.709409
551	3.890355	-5.183166	2.709409
552	3.890355	-4.683166	2.709409
553	3.890355	-3.183166	2.709409
554	3.890355	-2.683166	2.709409
555	3.890355	-2.183166	2.709409
556	3.890355	-1.683166	2.709409
557	4.390355	-5.183166	2.709409
558	4.390355	-4.683166	2.709409
559	4.390355	-3.183166	2.709409
560	4.390355	-2.683166	2.709409
561	4.390355	-2.183166	2.709409
562	4.390355	-1.683166	2.709409
563	4.890355	-6.183166	2.709409
564	4.890355	-2.683166	2.709409
565	4.890355	-1.683166	2.709409
