0	-12.434145	14.295223	-1.565120
1	-12.434145	15.295223	-1.565120
2	-12.434145	16.295223	-1.565120
3	-11.434145	10.295223	-1.729460
4	-11.434145	11.295223	-1.729460
5	-11.434145	12.295223	-1.729460
6	-11.434145	13.295223	-1.729460
7	-11.434145	14.295223	-1.565120
8	-11.434145	15.295223	-1.565120
9	-11.434145	16.295223	-1.565120
10	-10.434145	10.295223	-1.729460
11	-10.434145	11.295223	-1.729460
12	-10.434145	12.295223	-1.729460
13	-10.434145	13.295223	-1.729460
14	-10.434145	14.295223	-1.565120
15	-10.434145	15.295223	-1.565120
16	-10.434145	16.295223	-1.565120
17	-10.434145	17.295223	-1.565120
18	-10.434145	18.295223	-1.565120
19	-10.434145	19.295223	-1.565120
20	-10.434145	20.295223	-1.565120
21	-10.434145	21.295223	-1.565120
22	-10.434145	22.295223	-1.565120
23	-10.434145	23.295223	-1.565120
24	-10.434145	24.295223	-1.565120
25	-10.434145	25.295223	-1.565120
26	-9.434145	11.295223	-1.805130
27	-9.434145	14.295223	-1.565120
28	-9.434145	15.295223	-1.565120
29	-9.434145	16.295223	-1.565120
30	-9.434145	17.295223	-1.565120
31	-9.434145	18.295223	-1.565120
32	-9.434145	19.295223	-1.565120
33	-9.434145	20.295223	-1.565120
34	-9.434145	21.295223	-1.565120
35	-9.434145	22.295223	-1.565120
36	-9.434145	23.295223	-1.565120
37	-9.434145	24.295223	-1.565120
38	-9.434145	25.295223	-1.565120
39	-8.434145	11.295223	-1.805130
40	-8.434145	12.295223	-1.805130
41	-8.434145	14.295223	-1.565120
42	-8.434145	15.295223	-1.565120
43	-8.434145	16.295223	-1.565120
44	-8.434145	17.295223	-1.565120
45	-8.434145	18.295223	-1.565120
46	-8.434145	19.295223	-1.565120
47	-8.434145	20.295223	-1.565120
48	-8.434145	21.295223	-1.565120
49	-8.434145	22.295223	-1.565120
50	-8.434145	23.295223	-1.565120
51	-8.434145	24.295223	-1.565120
52	-8.434145	25.295223	-1.565120
53	-7.434145	11.295223	-1.805130
54	-7.434145	12.295223	-1.805130
55	-7.434145	14.295223	-1.565120
56	-7.434145	15.295223	-1.565120
57	-7.434145	16.295223	-1.565120
58	-7.434145	17.295223	-1.565120
59	-7.434145	18.295223	-1.565120
60	-7.434145	19.295223	-1.565120
61	-7.434145	20.295223	-1.565120
62	-7.434145	21.295223	-1.565120
63	-7.434145	22.295223	-1.565120
64	-7.434145	23.295223	-1.565120
65	-7.434145	24.295223	-1.565120
66	-7.434145	25.295223	-1.565120
67	-6.434145	11.295223	-1.805130
68	-6.434145	14.295223	-1.565120
69	-6.434145	15.295223	-1.565120
70	-6.434145	16.295223	-1.565120
71	-6.434145	17.295223	-1.565120
72	-6.434145	18.295223	-1.565120
73	-6.434145	19.295223	-1.565120
74	-6.434145	20.295223	-1.565120
75	-6.434145	21.295223	-1.565120
76	-6.434145	22.295223	-1.565120
77	-6.434145	23.295223	-1.565120
78	-6.434145	24.295223	-1.565120
79	-6.434145	25.295223	-1.565120
80	-5.434145	11.295223	-1.805130
81	-5.434145	12.295223	-1.805130
82	-5.434145	14.295223	-1.565120
83	-5.434145	15.295223	-1.565120
84	-5.434145	16.295223	-1.565120
85	-5.434145	17.295223	-1.565120
86	-5.434145	18.295223	-1.565120
87	-5.434145	19.295223	-1.565120
88	-5.434145	20.295223	-1.565120
89	-5.434145	21.295223	-1.565120
90	-5.434145	22.295223	-1.565120
91	-5.434145	23.295223	-1.565120
92	-5.434145	24.295223	-1.565120
93	-5.434145	25.295223	-1.565120
94	-4.434145	11.295223	-1.805130
95	-4.434145	14.295223	-1.565120
96	-4.434145	15.295223	-1.565120
97	-4.434145	16.295223	-1.565120
98	-4.434145	17.295223	-1.565120
99	-4.434145	18.295223	-1.565120
100	-4.434145	19.295223	-1.565120
101	-4.434145	20.295223	-1.565120
102	-4.434145	21.295223	-1.565120
103	-4.434145	22.295223	-1.565120
104	-4.434145	23.295223	-1.565120
105	-4.434145	24.295223	-1.565120
106	-4.434145	25.295223	-1.565120
107	-3.434145	11.295223	-1.805130
108	-3.434145	13.295223	-1.565120
109	-3.434145	14.295223	-1.565120
110	-3.434145	15.295223	-1.565120
111	-3.434145	16.295223	-1.565120
112	-3.434145	17.295223	-1.565120
113	-3.434145	18.295223	-1.565120
114	-3.434145	19.295223	-1.565120
115	-3.434145	20.295223	-1.565120
116	-3.434145	21.295223	-1.565120
117	-3.434145	22.295223	-1.565120
118	-3.434145	23.295223	-1.565120
119	-3.434145	24.295223	-1.565120
120	-3.434145	25.295223	-1.565120
121	-2.434145	11.295223	-1.805130
122	-2.434145	12.295223	-1.805130
123	-2.434145	13.295223	-1.565120
124	-2.434145	14.295223	-1.565120
125	-2.434145	15.295223	-1.565120
126	-2.434145	16.295223	-1.565120
127	-2.434145	17.295223	-1.565120
128	-2.434145	18.295223	-1.565120
129	-2.434145	19.295223	-1.565120
130	-2.434145	20.295223	-1.565120
131	-2.434145	21.295223	-1.565120
132	-2.434145	22.295223	-1.565120
133	-2.434145	23.295223	-1.565120
134	-2.434145	24.295223	-1.565120
135	-2.434145	25.295223	-1.565120
136	-1.434145	13.295223	-1.565120
137	-1.434145	14.295223	-1.565120
138	-1.434145	15.295223	-1.565120
139	-1.434145	16.295223	-1.565120
140	-1.434145	17.295223	-1.565120
141	-1.434145	18.295223	-1.565120
142	-1.434145	19.295223	-1.565120
143	-1.434145	20.295223	-1.565120
144	-1.434145	21.295223	-1.565120
145	-1.434145	22.295223	-1.565120
146	-1.434145	23.295223	-1.565120
147	-1.434145	24.295223	-1.565120
148	-1.434145	25.295223	-1.565120
149	-0.434145	10.295223	-1.845750
150	-0.434145	11.295223	-1.845750
151	-0.434145	12.295223	-1.845750
152	-0.434145	13.295223	-1.845750
153	-0.434145	15.295223	-1.565120
154	-0.434145	16.295223	-1.565120
155	-0.434145	17.295223	-1.565120
156	-0.434145	18.295223	-1.565120
157	-0.434145	19.295223	-1.565120
158	-0.434145	20.295223	-1.565120
159	-0.434145	21.295223	-1.565120
160	-0.434145	22.295223	-1.565120
161	-0.434145	23.295223	-1.565120
162	-0.434145	24.295223	-1.565120
163	0.565855	9.295223	-1.845750
164	0.565855	10.295223	-1.845750
165	0.565855	11.295223	-1.845750
166	0.565855	12.295223	-1.845750
167	0.565855	13.295223	-1.845750
168	0.565855	14.295223	-1.845750
169	0.565855	15.295223	-1.565120
170	0.565855	16.295223	-1.565120
171	0.565855	17.295223	-1.565120
172	0.565855	18.295223	-1.565120
173	0.565855	19.295223	-1.565120
174	0.565855	21.295223	-1.565120
175	0.565855	22.295223	-1.565120
176	0.565855	23.295223	-1.565120
177	1.565855	15.295223	-1.565120
178	1.565855	16.295223	-1.565120
179	1.565855	17.295223	-1.565120
180	1.565855	18.295223	-1.565120
181	1.565855	19.295223	-1.565120
182	1.565855	20.295223	-1.565120
183	1.565855	21.295223	-1.565120
184	1.565855	22.295223	-1.565120
185	2.565855	15.295223	-1.565120
186	2.565855	16.295223	-1.565120
187	2.565855	17.295223	-1.565120
188	2.565855	18.295223	-1.565120
189	2.565855	19.295223	-1.565120
190	2.565855	20.295223	-1.565120
191	2.565855	21.295223	-1.565120
192	3.565855	20.295223	-1.565120
193	-15.434145	11.295223	1.471249
194	-14.434145	10.295223	1.471249
195	-14.434145	11.295223	1.471249
196	-14.434145	12.295223	1.471249
197	-13.434145	10.295223	1.471249
198	-13.434145	11.295223	1.471249
199	-13.434145	12.295223	1.471249
200	-13.434145	13.295223	1.471249
201	-12.434145	10.295223	1.471249
202	-12.434145	11.295223	1.471249
203	-12.434145	12.295223	1.471249
204	-12.434145	13.295223	1.471249
205	-12.434145	14.295223	1.474871
206	-12.434145	15.295223	1.474871
207	-12.434145	16.295223	1.474871
208	-11.434145	10.295223	1.471249
209	-11.434145	11.295223	1.471249
210	-11.434145	12.295223	1.471249
211	-11.434145	13.295223	1.471249
212	-11.434145	14.295223	1.474871
213	-11.434145	15.295223	1.474871
214	-11.434145	16.295223	1.474871
215	-11.434145	17.295223	1.474871
216	-10.434145	-7.704777	1.570062
217	-10.434145	-6.704777	1.570062
218	-10.434145	-5.704777	1.570062
219	-10.434145	10.295223	1.471249
220	-10.434145	11.295223	1.471249
221	-10.434145	12.295223	1.471249
222	-10.434145	13.295223	1.471249
223	-10.434145	14.295223	1.474871
224	-10.434145	15.295223	1.474871
225	-10.434145	16.295223	1.474871
226	-10.434145	17.295223	1.474871
227	-10.434145	18.295223	1.513870
228	-10.434145	19.295223	1.513870
229	-10.434145	20.295223	1.513870
230	-10.434145	21.295223	1.513870
231	-10.434145	22.295223	1.513870
232	-10.434145	23.295223	1.513870
233	-10.434145	24.295223	1.513870
234	-10.434145	25.295223	1.513870
235	-9.434145	-6.704777	1.472923
236	-9.434145	-5.704777	1.472923
237	-9.434145	11.295223	1.447837
238	-9.434145	12.295223	1.447837
239	-9.434145	15.295223	1.447837
240	-9.434145	16.295223	1.447837
241	-9.434145	17.295223	1.447837
242	-9.434145	18.295223	1.513870
243	-9.434145	19.295223	1.513870
244	-9.434145	20.295223	1.513870
245	-9.434145	21.295223	1.513870
246	-9.434145	22.295223	1.513870
247	-9.434145	23.295223	1.513870
248	-9.434145	24.295223	1.513870
249	-9.434145	25.295223	1.513870
250	-8.434145	-6.704777	1.472923
251	-8.434145	-5.704777	1.472923
252	-8.434145	11.295223	1.447837
253	-8.434145	12.295223	1.447837
254	-8.434145	13.295223	1.447837
255	-8.434145	14.295223	1.447837
256	-8.434145	15.295223	1.447837
257	-8.434145	16.295223	1.447837
258	-8.434145	17.295223	1.447837
259	-8.434145	18.295223	1.513870
260	-8.434145	19.295223	1.513870
261	-8.434145	20.295223	1.513870
262	-8.434145	21.295223	1.513870
263	-8.434145	22.295223	1.513870
264	-8.434145	23.295223	1.513870
265	-8.434145	24.295223	1.513870
266	-8.434145	25.295223	1.513870
267	-7.434145	-15.704777	1.655204
268	-7.434145	-14.704777	1.655204
269	-7.434145	-13.704777	1.655204
270	-7.434145	-12.704777	1.655204
271	-7.434145	-6.704777	1.472923
272	-7.434145	-5.704777	1.472923
273	-7.434145	11.295223	1.470248
274	-7.434145	12.295223	1.470248
275	-7.434145	15.295223	1.456614
276	-7.434145	16.295223	1.456614
277	-7.434145	18.295223	1.456614
278	-7.434145	19.295223	1.513870
279	-7.434145	20.295223	1.513870
280	-7.434145	21.295223	1.513870
281	-7.434145	22.295223	1.513870
282	-7.434145	23.295223	1.513870
283	-7.434145	24.295223	1.513870
284	-7.434145	25.295223	1.513870
285	-6.434145	-15.704777	1.655204
286	-6.434145	-14.704777	1.655204
287	-6.434145	-13.704777	1.655204
288	-6.434145	-12.704777	1.655204
289	-6.434145	-6.704777	1.472923
290	-6.434145	-5.704777	1.472923
291	-6.434145	11.295223	1.470248
292	-6.434145	12.295223	1.470248
293	-6.434145	13.295223	1.456614
294	-6.434145	14.295223	1.456614
295	-6.434145	15.295223	1.456614
296	-6.434145	16.295223	1.456614
297	-6.434145	17.295223	1.456614
298	-6.434145	18.295223	1.456614
299	-6.434145	19.295223	1.513870
300	-6.434145	20.295223	1.513870
301	-6.434145	21.295223	1.513870
302	-6.434145	22.295223	1.513870
303	-6.434145	23.295223	1.513870
304	-6.434145	24.295223	1.513870
305	-5.434145	-15.704777	1.655204
306	-5.434145	-14.704777	1.655204
307	-5.434145	-13.704777	1.655204
308	-5.434145	-12.704777	1.655204
309	-5.434145	-6.704777	1.472923
310	-5.434145	-5.704777	1.472923
311	-5.434145	11.295223	1.470248
312	-5.434145	12.295223	1.470248
313	-5.434145	14.295223	1.456614
314	-5.434145	15.295223	1.456614
315	-5.434145	16.295223	1.456614
316	-5.434145	17.295223	1.456614
317	-5.434145	21.295223	1.546072
318	-5.434145	22.295223	1.546072
319	-5.434145	23.295223	1.546072
320	-4.434145	-15.704777	1.655204
321	-4.434145	-14.704777	1.655204
322	-4.434145	-13.704777	1.655204
323	-4.434145	-12.704777	1.655204
324	-4.434145	-10.704777	1.515517
325	-4.434145	-9.704777	1.515517
326	-4.434145	-8.704777	1.515517
327	-4.434145	-6.704777	1.472923
328	-4.434145	-5.704777	1.472923
329	-4.434145	11.295223	1.470248
330	-4.434145	12.295223	1.470248
331	-4.434145	13.295223	1.456614
332	-4.434145	14.295223	1.456614
333	-4.434145	15.295223	1.456614
334	-4.434145	16.295223	1.456614
335	-4.434145	17.295223	1.456614
336	-4.434145	21.295223	1.546072
337	-4.434145	22.295223	1.546072
338	-4.434145	23.295223	1.546072
339	-4.434145	24.295223	1.546072
340	-4.434145	25.295223	1.546072
341	-3.434145	-17.704777	1.823080
342	-3.434145	-16.704777	1.823080
343	-3.434145	-15.704777	1.823080
344	-3.434145	-9.704777	1.532200
345	-3.434145	-6.704777	1.532200
346	-3.434145	11.295223	1.470248
347	-3.434145	12.295223	1.470248
348	-3.434145	13.295223	1.456614
349	-3.434145	14.295223	1.456614
350	-3.434145	15.295223	1.456614
351	-3.434145	16.295223	1.456614
352	-3.434145	17.295223	1.456614
353	-3.434145	21.295223	1.546072
354	-3.434145	22.295223	1.546072
355	-3.434145	23.295223	1.546072
356	-3.434145	24.295223	1.546072
357	-3.434145	25.295223	1.546072
358	-2.434145	-17.704777	1.823080
359	-2.434145	-16.704777	1.823080
360	-2.434145	-15.704777	1.823080
361	-2.434145	-11.704777	1.532200
362	-2.434145	-10.704777	1.532200
363	-2.434145	-9.704777	1.532200
364	-2.434145	-8.704777	1.532200
365	-2.434145	-7.704777	1.532200
366	-2.434145	-6.704777	1.532200
367	-2.434145	11.295223	1.470248
368	-2.434145	12.295223	1.470248
369	-2.434145	13.295223	1.456614
370	-2.434145	14.295223	1.456614
371	-2.434145	15.295223	1.456614
372	-2.434145	16.295223	1.456614
373	-2.434145	18.295223	1.456614
374	-2.434145	21.295223	1.546072
375	-2.434145	22.295223	1.546072
376	-2.434145	23.295223	1.546072
377	-2.434145	24.295223	1.546072
378	-2.434145	25.295223	1.546072
379	-1.434145	-9.704777	1.532200
380	-1.434145	-6.704777	1.532200
381	-1.434145	11.295223	1.470248
382	-1.434145	12.295223	1.470248
383	-1.434145	17.295223	1.456614
384	-1.434145	21.295223	1.546072
385	-1.434145	22.295223	1.546072
386	-1.434145	23.295223	1.546072
387	-1.434145	24.295223	1.546072
388	-1.434145	25.295223	1.546072
389	-0.434145	-15.704777	1.705576
390	-0.434145	-14.704777	1.705576
391	-0.434145	-13.704777	1.705576
392	-0.434145	-12.704777	1.705576
393	-0.434145	-8.704777	1.540677
394	-0.434145	-6.704777	1.483251
395	-0.434145	-5.704777	1.483251
396	-0.434145	-4.704777	1.483251
397	-0.434145	-3.704777	1.483251
398	-0.434145	-2.704777	1.483251
399	-0.434145	-1.704777	1.483251
400	-0.434145	-0.704777	1.483251
401	-0.434145	0.295223	1.483251
402	-0.434145	1.295223	1.483251
403	-0.434145	2.295223	1.483251
404	-0.434145	3.295223	1.483251
405	-0.434145	4.295223	1.483251
406	-0.434145	5.295223	1.483251
407	-0.434145	6.295223	1.483251
408	-0.434145	7.295223	1.483251
409	-0.434145	8.295223	1.483251
410	-0.434145	9.295223	1.483251
411	-0.434145	10.295223	1.483251
412	-0.434145	11.295223	1.483251
413	-0.434145	12.295223	1.483251
414	-0.434145	18.295223	1.514695
415	-0.434145	19.295223	1.514695
416	-0.434145	20.295223	1.514695
417	-0.434145	21.295223	1.546072
418	-0.434145	22.295223	1.546072
419	-0.434145	23.295223	1.546072
420	-0.434145	24.295223	1.546072
421	-0.434145	25.295223	1.546072
422	0.565855	-15.704777	1.705576
423	0.565855	-14.704777	1.705576
424	0.565855	-13.704777	1.705576
425	0.565855	-12.704777	1.705576
426	0.565855	-8.704777	1.540677
427	0.565855	-6.704777	1.483251
428	0.565855	-5.704777	1.483251
429	0.565855	-4.704777	1.483251
430	0.565855	-3.704777	1.483251
431	0.565855	-2.704777	1.483251
432	0.565855	-1.704777	1.483251
433	0.565855	-0.704777	1.483251
434	0.565855	0.295223	1.483251
435	0.565855	1.295223	1.483251
436	0.565855	2.295223	1.483251
437	0.565855	3.295223	1.483251
438	0.565855	4.295223	1.483251
439	0.565855	5.295223	1.483251
440	0.565855	6.295223	1.483251
441	0.565855	7.295223	1.483251
442	0.565855	8.295223	1.483251
443	0.565855	9.295223	1.483251
444	0.565855	10.295223	1.483251
445	0.565855	11.295223	1.483251
446	0.565855	12.295223	1.483251
447	0.565855	13.295223	1.486680
448	0.565855	14.295223	1.486680
449	0.565855	19.295223	1.514695
450	1.565855	-15.704777	1.705576
451	1.565855	-14.704777	1.705576
452	1.565855	-13.704777	1.705576
453	1.565855	-12.704777	1.705576
454	1.565855	-10.704777	1.637950
455	1.565855	-6.704777	1.483251
456	1.565855	-4.704777	1.495451
457	1.565855	-3.704777	1.483251
458	1.565855	-2.704777	1.483251
459	1.565855	-1.704777	1.483251
460	1.565855	-0.704777	1.483251
461	1.565855	0.295223	1.483251
462	1.565855	1.295223	1.483251
463	1.565855	2.295223	1.483251
464	1.565855	3.295223	1.483251
465	1.565855	4.295223	1.483251
466	1.565855	5.295223	1.483251
467	1.565855	6.295223	1.483251
468	1.565855	7.295223	1.483251
469	1.565855	9.295223	1.483251
470	1.565855	12.295223	1.500214
471	2.565855	-15.704777	1.705576
472	2.565855	-14.704777	1.705576
473	2.565855	-13.704777	1.705576
474	2.565855	-12.704777	1.705576
475	2.565855	-10.704777	1.637950
476	2.565855	-6.704777	1.483251
477	2.565855	-5.704777	1.483251
478	2.565855	-4.704777	1.495451
479	2.565855	-2.704777	1.483251
480	2.565855	-1.704777	1.483251
481	2.565855	-0.704777	1.483251
482	2.565855	0.295223	1.483251
483	2.565855	1.295223	1.483251
484	2.565855	2.295223	1.483251
485	2.565855	3.295223	1.483251
486	2.565855	4.295223	1.515150
487	2.565855	5.295223	1.515150
488	2.565855	6.295223	1.515150
489	2.565855	7.295223	1.515150
490	2.565855	8.295223	1.515150
491	2.565855	9.295223	1.483251
492	2.565855	12.295223	1.500214
493	3.565855	-10.704777	1.637950
494	3.565855	-6.704777	1.483251
495	3.565855	-4.704777	1.495451
496	3.565855	-3.704777	1.483251
497	3.565855	-2.704777	1.483251
498	3.565855	-1.704777	1.483251
499	3.565855	-0.704777	1.483251
500	3.565855	0.295223	1.483251
501	3.565855	1.295223	1.483251
502	3.565855	2.295223	1.483251
503	3.565855	3.295223	1.483251
504	3.565855	4.295223	1.515150
505	3.565855	5.295223	1.515150
506	3.565855	6.295223	1.515150
507	3.565855	7.295223	1.515150
508	3.565855	9.295223	1.483251
509	3.565855	10.295223	1.483251
510	3.565855	12.295223	1.500214
511	4.565855	-10.704777	1.637950
512	4.565855	-9.704777	1.637950
513	4.565855	-7.704777	1.625066
514	4.565855	-6.704777	1.625066
515	4.565855	-4.704777	1.625066
516	4.565855	-3.704777	1.625066
517	4.565855	4.295223	1.515150
518	4.565855	5.295223	1.515150
519	4.565855	6.295223	1.515150
520	4.565855	7.295223	1.515150
521	4.565855	12.295223	1.500214
522	5.565855	-10.704777	1.637950
523	5.565855	-7.704777	1.625066
524	5.565855	-6.704777	1.625066
525	5.565855	-5.704777	1.625066
526	5.565855	-4.704777	1.625066
527	5.565855	4.295223	1.515150
528	5.565855	5.295223	1.515150
529	5.565855	6.295223	1.515150
530	5.565855	7.295223	1.515150
531	5.565855	8.295223	1.515150
532	6.565855	-7.704777	1.625066
533	6.565855	-6.704777	1.625066
534	6.565855	-5.704777	1.625066
535	6.565855	-4.704777	1.625066
536	6.565855	-3.704777	1.625066
537	7.565855	-7.704777	1.625066
538	7.565855	-6.704777	1.625066
539	7.565855	-5.704777	1.625066
540	7.565855	-4.704777	1.625066
541	8.565855	-6.704777	1.625066
542	8.565855	-5.704777	1.625066
543	-16.434145	-11.704777	1.619849
544	-16.434145	-10.704777	1.619849
545	-16.434145	-9.704777	1.619849
546	-16.434145	-8.704777	1.619849
547	-15.434145	-11.704777	1.619849
548	-15.434145	-10.704777	1.619849
549	-15.434145	-9.704777	1.619849
550	-15.434145	-8.704777	1.619849
551	-15.434145	-7.704777	1.619849
552	-14.434145	-11.704777	1.619849
553	-14.434145	-10.704777	1.619849
554	-14.434145	-9.704777	1.619849
555	-14.434145	-8.704777	1.619849
556	-14.434145	-7.704777	1.619849
557	-13.434145	-15.704777	1.746391
558	-13.434145	-13.704777	1.699290
559	-13.434145	-11.704777	1.619849
560	-13.434145	-10.704777	1.619849
561	-13.434145	-9.704777	1.619849
562	-13.434145	-8.704777	1.619849
563	-12.434145	-11.704777	1.619849
564	-12.434145	-10.704777	1.619849
565	-12.434145	-9.704777	1.619849
566	-12.434145	-8.704777	1.619849
567	-11.434145	-15.704777	1.658424
568	-11.434145	-14.704777	1.658424
569	-11.434145	-13.704777	1.658424
570	-11.434145	-12.704777	1.658424
571	-11.434145	-10.704777	1.570062
572	-11.434145	-9.704777	1.570062
573	-10.434145	-15.704777	1.658424
574	-10.434145	-14.704777	1.658424
575	-10.434145	-13.704777	1.658424
576	-10.434145	-12.704777	1.658424
577	-10.434145	-11.704777	1.570062
578	-10.434145	-10.704777	1.570062
579	-10.434145	-9.704777	1.570062
580	-10.434145	-8.704777	1.570062
581	-9.434145	-16.704777	1.658424
582	-9.434145	-15.704777	1.658424
583	-9.434145	-14.704777	1.658424
584	-9.434145	-13.704777	1.658424
585	-9.434145	-10.704777	1.532210
586	-8.434145	-10.704777	1.532210
587	-8.434145	-9.704777	1.532210
588	-8.434145	-8.704777	1.532210
589	-7.434145	-10.704777	1.532210
590	-7.434145	-9.704777	1.532210
591	-7.434145	-8.704777	1.532210
592	-6.434145	-10.704777	1.532210
593	-6.434145	-9.704777	1.532210
594	-6.434145	-8.704777	1.532210
595	5.565855	12.295223	1.549785
596	6.565855	12.295223	1.549785
597	7.565855	7.295223	1.549785
598	7.565855	8.295223	1.549785
599	7.565855	9.295223	1.549785
600	7.565855	10.295223	1.549785
601	7.565855	11.295223	1.549785
602	8.565855	7.295223	1.549785
603	8.565855	8.295223	1.549785
604	8.565855	9.295223	1.549785
605	8.565855	10.295223	1.549785
606	8.565855	11.295223	1.549785
607	8.565855	12.295223	1.549785
608	9.565855	7.295223	1.549785
609	9.565855	8.295223	1.549785
610	9.565855	9.295223	1.549785
611	9.565855	10.295223	1.549785
612	9.565855	11.295223	1.549785
613	9.565855	12.295223	1.549785
614	10.565855	7.295223	1.549785
615	10.565855	8.295223	1.549785
616	10.565855	9.295223	1.549785
617	10.565855	10.295223	1.549785
618	10.565855	11.295223	1.549785
