0	-14.996468	9.839441	-2.112020
1	-14.996468	10.839441	-2.112020
2	-14.996468	11.839441	-2.112020
3	-14.996468	12.839441	-2.112020
4	-14.996468	13.839441	-2.112020
5	-14.996468	14.839441	-2.112020
6	-14.996468	15.839441	-2.112020
7	-14.996468	16.839441	-2.112020
8	-14.996468	17.839441	-2.112020
9	-14.996468	18.839441	-2.112020
10	-14.996468	19.839441	-2.112020
11	-14.996468	20.839441	-2.112020
12	-13.996468	0.839441	-2.112020
13	-13.996468	1.839441	-2.112020
14	-13.996468	2.839441	-2.112020
15	-13.996468	3.839441	-2.112020
16	-13.996468	4.839441	-2.112020
17	-13.996468	5.839441	-2.112020
18	-13.996468	6.839441	-2.112020
19	-13.996468	7.839441	-2.112020
20	-13.996468	8.839441	-2.112020
21	-13.996468	9.839441	-2.112020
22	-13.996468	10.839441	-2.112020
23	-13.996468	11.839441	-2.112020
24	-13.996468	12.839441	-2.112020
25	-13.996468	13.839441	-2.112020
26	-13.996468	14.839441	-2.112020
27	-13.996468	15.839441	-2.112020
28	-13.996468	16.839441	-2.112020
29	-13.996468	17.839441	-2.112020
30	-13.996468	18.839441	-2.112020
31	-13.996468	20.839441	-1.924800
32	-12.996468	-3.160559	-2.048270
33	-12.996468	-2.160559	-2.112020
34	-12.996468	-1.160559	-2.112020
35	-12.996468	0.839441	-2.112020
36	-12.996468	1.839441	-2.112020
37	-12.996468	2.839441	-2.112020
38	-12.996468	3.839441	-2.112020
39	-12.996468	4.839441	-2.112020
40	-12.996468	5.839441	-2.112020
41	-12.996468	6.839441	-2.112020
42	-12.996468	7.839441	-2.112020
43	-12.996468	8.839441	-2.112020
44	-12.996468	9.839441	-2.112020
45	-12.996468	10.839441	-2.112020
46	-12.996468	11.839441	-2.112020
47	-12.996468	12.839441	-2.112020
48	-12.996468	13.839441	-2.112020
49	-12.996468	14.839441	-2.112020
50	-12.996468	15.839441	-2.112020
51	-12.996468	16.839441	-2.112020
52	-12.996468	17.839441	-2.112020
53	-12.996468	18.839441	-2.112020
54	-12.996468	20.839441	-1.924800
55	-11.996468	-6.160559	-2.048270
56	-11.996468	-5.160559	-2.048270
57	-11.996468	-4.160559	-2.048270
58	-11.996468	-3.160559	-2.048270
59	-11.996468	-2.160559	-2.112020
60	-11.996468	-1.160559	-2.112020
61	-11.996468	-0.160559	-2.112020
62	-11.996468	0.839441	-2.112020
63	-11.996468	1.839441	-2.112020
64	-11.996468	2.839441	-2.112020
65	-11.996468	3.839441	-2.112020
66	-11.996468	4.839441	-2.112020
67	-11.996468	5.839441	-2.112020
68	-11.996468	6.839441	-2.112020
69	-11.996468	7.839441	-2.112020
70	-11.996468	8.839441	-2.112020
71	-11.996468	9.839441	-2.112020
72	-11.996468	10.839441	-2.112020
73	-11.996468	11.839441	-2.112020
74	-11.996468	12.839441	-2.112020
75	-11.996468	13.839441	-2.112020
76	-11.996468	14.839441	-2.112020
77	-11.996468	15.839441	-2.112020
78	-11.996468	16.839441	-2.112020
79	-11.996468	17.839441	-2.112020
80	-11.996468	18.839441	-2.112020
81	-11.996468	20.839441	-1.924800
82	-10.996468	-7.160559	-2.048270
83	-10.996468	-6.160559	-2.048270
84	-10.996468	-5.160559	-2.048270
85	-10.996468	-4.160559	-2.048270
86	-10.996468	-3.160559	-2.048270
87	-10.996468	-2.160559	-2.112020
88	-10.996468	-1.160559	-2.112020
89	-10.996468	-0.160559	-2.112020
90	-10.996468	0.839441	-2.112020
91	-10.996468	1.839441	-2.112020
92	-10.996468	2.839441	-2.112020
93	-10.996468	3.839441	-2.112020
94	-10.996468	4.839441	-2.112020
95	-10.996468	5.839441	-2.112020
96	-10.996468	6.839441	-2.112020
97	-10.996468	7.839441	-2.112020
98	-10.996468	8.839441	-2.112020
99	-10.996468	9.839441	-2.112020
100	-10.996468	10.839441	-2.112020
101	-10.996468	11.839441	-2.112020
102	-10.996468	12.839441	-2.112020
103	-10.996468	13.839441	-2.112020
104	-10.996468	14.839441	-2.112020
105	-10.996468	15.839441	-2.112020
106	-10.996468	16.839441	-2.112020
107	-10.996468	17.839441	-2.112020
108	-10.996468	18.839441	-2.112020
109	-10.996468	19.839441	-2.112020
110	-10.996468	20.839441	-1.924800
111	-9.996468	-2.160559	-2.112020
112	-9.996468	-1.160559	-2.112020
113	-9.996468	-0.160559	-2.112020
114	-9.996468	0.839441	-2.112020
115	-9.996468	1.839441	-2.112020
116	-9.996468	2.839441	-2.112020
117	-9.996468	3.839441	-2.112020
118	-9.996468	4.839441	-2.112020
119	-9.996468	5.839441	-2.112020
120	-9.996468	6.839441	-2.112020
121	-9.996468	7.839441	-2.112020
122	-9.996468	8.839441	-2.112020
123	-9.996468	9.839441	-2.112020
124	-9.996468	10.839441	-2.112020
125	-9.996468	11.839441	-2.112020
126	-9.996468	12.839441	-2.112020
127	-9.996468	13.839441	-2.112020
128	-9.996468	14.839441	-2.112020
129	-9.996468	15.839441	-2.112020
130	-9.996468	16.839441	-2.112020
131	-9.996468	17.839441	-2.112020
132	-9.996468	18.839441	-2.112020
133	-9.996468	19.839441	-2.112020
134	-9.996468	20.839441	-1.924800
135	-8.996468	-2.160559	-2.112020
136	-8.996468	-1.160559	-2.112020
137	-8.996468	-0.160559	-2.112020
138	-8.996468	0.839441	-2.112020
139	-8.996468	1.839441	-2.112020
140	-8.996468	2.839441	-2.112020
141	-8.996468	3.839441	-2.112020
142	-8.996468	4.839441	-2.112020
143	-8.996468	8.839441	-2.112020
144	-8.996468	9.839441	-2.112020
145	-8.996468	11.839441	-2.112020
146	-8.996468	12.839441	-2.112020
147	-8.996468	13.839441	-2.112020
148	-8.996468	14.839441	-2.112020
149	-8.996468	15.839441	-2.112020
150	-8.996468	16.839441	-2.112020
151	-8.996468	17.839441	-2.112020
152	-8.996468	18.839441	-2.112020
153	-8.996468	19.839441	-2.112020
154	-8.996468	20.839441	-1.924800
155	-7.996468	-2.160559	-2.112020
156	-7.996468	-0.160559	-2.112020
157	-7.996468	1.839441	-2.112020
158	-7.996468	6.839441	-2.114990
159	-7.996468	7.839441	-2.114990
160	-7.996468	8.839441	-2.114990
161	-7.996468	9.839441	-2.114990
162	-7.996468	10.839441	-2.114990
163	-7.996468	13.839441	-2.087630
164	-7.996468	14.839441	-2.087630
165	-7.996468	15.839441	-2.087630
166	-7.996468	18.839441	-2.112020
167	-7.996468	19.839441	-2.112020
168	-7.996468	20.839441	-2.112020
169	-6.996468	-6.160559	-2.087200
170	-6.996468	-5.160559	-2.087200
171	-6.996468	-4.160559	-2.087200
172	-6.996468	-3.160559	-2.087200
173	-6.996468	-2.160559	-2.087200
174	-6.996468	-1.160559	-2.087200
175	-6.996468	-0.160559	-2.087200
176	-6.996468	0.839441	-2.087200
177	-6.996468	1.839441	-2.087200
178	-6.996468	2.839441	-2.087200
179	-6.996468	3.839441	-2.087200
180	-6.996468	4.839441	-2.087200
181	-6.996468	5.839441	-2.087200
182	-6.996468	6.839441	-2.114990
183	-6.996468	7.839441	-2.114990
184	-6.996468	8.839441	-2.114990
185	-6.996468	9.839441	-2.114990
186	-6.996468	10.839441	-2.114990
187	-6.996468	12.839441	-2.087630
188	-6.996468	13.839441	-2.087630
189	-6.996468	14.839441	-2.087630
190	-6.996468	15.839441	-2.087630
191	-6.996468	16.839441	-2.087630
192	-5.996468	-6.160559	-2.087200
193	-5.996468	-5.160559	-2.087200
194	-5.996468	-4.160559	-2.087200
195	-5.996468	-3.160559	-2.087200
196	-5.996468	-2.160559	-2.087200
197	-5.996468	-1.160559	-2.087200
198	-5.996468	-0.160559	-2.087200
199	-5.996468	0.839441	-2.087200
200	-5.996468	1.839441	-2.087200
201	-5.996468	2.839441	-2.087200
202	-5.996468	3.839441	-2.087200
203	-5.996468	4.839441	-2.087200
204	-5.996468	5.839441	-2.087200
205	-5.996468	6.839441	-2.114990
206	-5.996468	7.839441	-2.114990
207	-5.996468	8.839441	-2.114990
208	-5.996468	9.839441	-2.114990
209	-5.996468	10.839441	-2.114990
210	-5.996468	12.839441	-2.087630
211	-5.996468	13.839441	-2.087630
212	-5.996468	14.839441	-2.087630
213	-5.996468	15.839441	-2.087630
214	-5.996468	16.839441	-2.087630
215	-4.996468	-6.160559	-2.087200
216	-4.996468	-5.160559	-2.087200
217	-4.996468	-4.160559	-2.087200
218	-4.996468	-3.160559	-2.087200
219	-4.996468	-2.160559	-2.087200
220	-4.996468	-1.160559	-2.087200
221	-4.996468	-0.160559	-2.087200
222	-4.996468	0.839441	-2.087200
223	-4.996468	1.839441	-2.087200
224	-4.996468	2.839441	-2.087200
225	-4.996468	3.839441	-2.087200
226	-4.996468	4.839441	-2.087200
227	-4.996468	5.839441	-2.087200
228	-4.996468	6.839441	-2.114990
229	-4.996468	7.839441	-2.114990
230	-4.996468	8.839441	-2.114990
231	-4.996468	9.839441	-2.114990
232	-4.996468	10.839441	-2.114990
233	-4.996468	12.839441	-2.087630
234	-4.996468	13.839441	-2.087630
235	-4.996468	14.839441	-2.087630
236	-4.996468	15.839441	-2.087630
237	-4.996468	16.839441	-2.087630
238	-3.996468	-5.160559	-2.087200
239	-3.996468	-4.160559	-2.087200
240	-3.996468	-3.160559	-2.087200
241	-3.996468	-1.160559	-2.087200
242	-3.996468	-0.160559	-2.087200
243	-3.996468	0.839441	-2.087200
244	-3.996468	2.839441	-2.087200
245	-3.996468	3.839441	-2.087200
246	-3.996468	4.839441	-2.096180
247	-3.996468	6.839441	-2.096180
248	-3.996468	7.839441	-2.096180
249	-3.996468	8.839441	-2.096180
250	-3.996468	9.839441	-2.096180
251	-3.996468	10.839441	-2.096180
252	-3.996468	12.839441	-2.087630
253	-3.996468	13.839441	-2.087630
254	-3.996468	14.839441	-2.087630
255	-3.996468	15.839441	-2.087630
256	-3.996468	16.839441	-2.087630
257	-2.996468	-5.160559	-2.095540
258	-2.996468	-4.160559	-2.095540
259	-2.996468	-3.160559	-2.095540
260	-2.996468	-2.160559	-2.095540
261	-2.996468	-1.160559	-2.095540
262	-2.996468	-0.160559	-2.095540
263	-2.996468	0.839441	-2.095540
264	-2.996468	1.839441	-2.096180
265	-2.996468	2.839441	-2.096180
266	-2.996468	3.839441	-2.096180
267	-2.996468	4.839441	-2.096180
268	-2.996468	5.839441	-2.096180
269	-2.996468	6.839441	-2.096180
270	-2.996468	7.839441	-2.096180
271	-2.996468	8.839441	-2.096180
272	-2.996468	9.839441	-2.096180
273	-2.996468	10.839441	-2.096180
274	-2.996468	12.839441	-2.087630
275	-2.996468	13.839441	-2.087630
276	-2.996468	14.839441	-2.087630
277	-2.996468	15.839441	-2.087630
278	-2.996468	16.839441	-2.087630
279	-1.996468	-5.160559	-2.095540
280	-1.996468	-4.160559	-2.095540
281	-1.996468	-3.160559	-2.095540
282	-1.996468	-2.160559	-2.095540
283	-1.996468	-1.160559	-2.095540
284	-1.996468	-0.160559	-2.095540
285	-1.996468	0.839441	-2.095540
286	-1.996468	1.839441	-2.096180
287	-1.996468	2.839441	-2.096180
288	-1.996468	3.839441	-2.096180
289	-1.996468	4.839441	-2.096180
290	-1.996468	5.839441	-2.096180
291	-1.996468	6.839441	-2.096180
292	-1.996468	7.839441	-2.096180
293	-1.996468	8.839441	-2.096180
294	-1.996468	9.839441	-2.096180
295	-1.996468	10.839441	-2.096180
296	-1.996468	12.839441	-2.087630
297	-1.996468	13.839441	-2.087630
298	-1.996468	14.839441	-2.087630
299	-1.996468	15.839441	-2.087630
300	-1.996468	16.839441	-2.087630
301	-0.996468	-5.160559	-2.095540
302	-0.996468	-4.160559	-2.095540
303	-0.996468	-3.160559	-2.095540
304	-0.996468	-2.160559	-2.095540
305	-0.996468	-1.160559	-2.095540
306	-0.996468	-0.160559	-2.095540
307	-0.996468	0.839441	-2.095540
308	-0.996468	1.839441	-2.096180
309	-0.996468	2.839441	-2.096180
310	-0.996468	3.839441	-2.096180
311	-0.996468	4.839441	-2.096180
312	-0.996468	5.839441	-2.096180
313	-0.996468	6.839441	-2.096180
314	-0.996468	7.839441	-2.096180
315	-0.996468	8.839441	-2.096180
316	-0.996468	9.839441	-2.096180
317	-0.996468	10.839441	-2.096180
318	-0.996468	13.839441	-2.087630
319	-0.996468	14.839441	-2.087630
320	-0.996468	15.839441	-2.087630
321	-0.996468	16.839441	-2.087630
322	0.003532	-5.160559	-2.095540
323	0.003532	-4.160559	-2.095540
324	0.003532	-3.160559	-2.095540
325	0.003532	-2.160559	-2.095540
326	0.003532	-1.160559	-2.095540
327	0.003532	-0.160559	-2.095540
328	0.003532	0.839441	-2.095540
329	0.003532	1.839441	-2.096180
330	0.003532	2.839441	-2.096180
331	0.003532	3.839441	-2.096180
332	0.003532	4.839441	-2.096180
333	0.003532	5.839441	-2.096180
334	0.003532	6.839441	-2.096180
335	0.003532	7.839441	-2.096180
336	0.003532	8.839441	-2.096180
337	0.003532	9.839441	-2.096180
338	0.003532	10.839441	-2.074220
339	0.003532	14.839441	-2.087630
340	0.003532	15.839441	-2.087630
341	0.003532	16.839441	-2.087630
342	1.003532	-6.160559	-2.095540
343	1.003532	-5.160559	-2.095540
344	1.003532	-4.160559	-2.095540
345	1.003532	-3.160559	-2.095540
346	1.003532	-2.160559	-2.095540
347	1.003532	-1.160559	-2.095540
348	1.003532	-0.160559	-2.095540
349	1.003532	0.839441	-2.095540
350	1.003532	1.839441	-2.096180
351	1.003532	2.839441	-2.096180
352	1.003532	3.839441	-2.096180
353	1.003532	4.839441	-2.096180
354	1.003532	6.839441	-2.096180
355	1.003532	7.839441	-2.096180
356	1.003532	8.839441	-2.096180
357	1.003532	10.839441	-2.074220
358	2.003532	-6.160559	-2.095540
359	2.003532	-5.160559	-2.095540
360	2.003532	-4.160559	-2.095540
361	2.003532	-3.160559	-2.095540
362	2.003532	-2.160559	-2.095540
363	2.003532	-1.160559	-2.095540
364	2.003532	-0.160559	-2.095540
365	-10.996468	-7.160559	0.269070
366	-10.996468	-6.160559	0.269070
367	-9.996468	-7.160559	0.269070
368	-9.996468	-6.160559	0.269070
369	-9.996468	11.839441	1.418547
370	-9.996468	12.839441	1.418547
371	-9.996468	13.839441	1.418547
372	-9.996468	14.839441	1.418547
373	-9.996468	15.839441	1.418547
374	-9.996468	16.839441	1.418547
375	-9.996468	17.839441	1.418547
376	-9.996468	18.839441	1.418547
377	-9.996468	19.839441	1.418547
378	-9.996468	20.839441	1.418547
379	-8.996468	-7.160559	0.269070
380	-8.996468	-6.160559	0.269070
381	-8.996468	11.839441	1.418547
382	-8.996468	12.839441	1.418547
383	-8.996468	13.839441	1.418547
384	-8.996468	14.839441	1.418547
385	-8.996468	15.839441	1.418547
386	-8.996468	16.839441	1.418547
387	-8.996468	17.839441	1.418547
388	-8.996468	18.839441	1.418547
389	-8.996468	19.839441	1.418547
390	-8.996468	20.839441	1.418547
391	-7.996468	-6.160559	1.437796
392	-7.996468	-5.160559	1.437796
393	-7.996468	-4.160559	1.437796
394	-7.996468	-3.160559	1.437796
395	-7.996468	-2.160559	1.437796
396	-7.996468	-1.160559	1.437796
397	-7.996468	-0.160559	1.437796
398	-7.996468	0.839441	1.437796
399	-7.996468	2.839441	1.437796
400	-7.996468	3.839441	1.437796
401	-7.996468	4.839441	1.437796
402	-7.996468	5.839441	1.437796
403	-7.996468	6.839441	1.437796
404	-7.996468	7.839441	1.437796
405	-7.996468	8.839441	1.437796
406	-7.996468	9.839441	1.437796
407	-7.996468	10.839441	1.437796
408	-7.996468	11.839441	1.418547
409	-7.996468	12.839441	1.418547
410	-7.996468	13.839441	1.418547
411	-7.996468	14.839441	1.418547
412	-7.996468	15.839441	1.418547
413	-7.996468	16.839441	1.418547
414	-7.996468	17.839441	1.418547
415	-7.996468	18.839441	1.418547
416	-7.996468	20.839441	1.418547
417	-6.996468	-6.160559	1.437796
418	-6.996468	-5.160559	1.437796
419	-6.996468	-4.160559	1.437796
420	-6.996468	-3.160559	1.437796
421	-6.996468	-2.160559	1.437796
422	-6.996468	-1.160559	1.437796
423	-6.996468	-0.160559	1.437796
424	-6.996468	0.839441	1.437796
425	-6.996468	1.839441	1.437796
426	-6.996468	2.839441	1.437796
427	-6.996468	3.839441	1.437796
428	-6.996468	4.839441	1.437796
429	-6.996468	5.839441	1.437796
430	-6.996468	6.839441	1.437796
431	-6.996468	7.839441	1.437796
432	-6.996468	8.839441	1.437796
433	-6.996468	9.839441	1.437796
434	-6.996468	10.839441	1.437796
435	-6.996468	12.839441	1.418547
436	-6.996468	13.839441	1.418547
437	-6.996468	14.839441	1.418547
438	-6.996468	15.839441	1.418547
439	-6.996468	16.839441	1.418547
440	-6.996468	18.839441	1.418547
441	-6.996468	19.839441	1.418547
442	-6.996468	20.839441	1.418547
443	-5.996468	-6.160559	1.437796
444	-5.996468	-5.160559	1.437796
445	-5.996468	-4.160559	1.437796
446	-5.996468	-3.160559	1.437796
447	-5.996468	-2.160559	1.437796
448	-5.996468	-1.160559	1.437796
449	-5.996468	-0.160559	1.437796
450	-5.996468	0.839441	1.437796
451	-5.996468	1.839441	1.437796
452	-5.996468	2.839441	1.437796
453	-5.996468	3.839441	1.437796
454	-5.996468	4.839441	1.437796
455	-5.996468	5.839441	1.437796
456	-5.996468	6.839441	1.437796
457	-5.996468	7.839441	1.437796
458	-5.996468	8.839441	1.437796
459	-5.996468	9.839441	1.437796
460	-5.996468	10.839441	1.437796
461	-5.996468	13.839441	1.418547
462	-5.996468	14.839441	1.418547
463	-5.996468	15.839441	1.418547
464	-5.996468	16.839441	1.418547
465	-5.996468	18.839441	1.418547
466	-5.996468	19.839441	1.418547
467	-5.996468	20.839441	1.418547
468	-4.996468	-6.160559	1.437796
469	-4.996468	-5.160559	1.437796
470	-4.996468	-4.160559	1.437796
471	-4.996468	-3.160559	1.437796
472	-4.996468	-2.160559	1.437796
473	-4.996468	-1.160559	1.437796
474	-4.996468	-0.160559	1.437796
475	-4.996468	0.839441	1.437796
476	-4.996468	1.839441	1.437796
477	-4.996468	2.839441	1.437796
478	-4.996468	3.839441	1.437796
479	-4.996468	4.839441	1.437796
480	-4.996468	5.839441	1.437796
481	-4.996468	6.839441	1.437796
482	-4.996468	7.839441	1.437796
483	-4.996468	8.839441	1.437796
484	-4.996468	9.839441	1.437796
485	-4.996468	10.839441	1.437796
486	-4.996468	12.839441	1.418547
487	-4.996468	13.839441	1.418547
488	-4.996468	14.839441	1.418547
489	-4.996468	15.839441	1.418547
490	-4.996468	16.839441	1.418547
491	-4.996468	17.839441	1.418547
492	-4.996468	19.839441	1.418547
493	-4.996468	20.839441	1.418547
494	-3.996468	-6.160559	1.494812
495	-3.996468	-5.160559	1.494812
496	-3.996468	-4.160559	1.494812
497	-3.996468	-3.160559	1.494812
498	-3.996468	-2.160559	1.494812
499	-3.996468	-1.160559	1.494812
500	-3.996468	-0.160559	1.494812
501	-3.996468	0.839441	1.494812
502	-3.996468	1.839441	1.494812
503	-3.996468	2.839441	1.494812
504	-3.996468	3.839441	1.494812
505	-3.996468	4.839441	1.494812
506	-3.996468	6.839441	1.487292
507	-3.996468	7.839441	1.487292
508	-3.996468	8.839441	1.487292
509	-3.996468	9.839441	1.487292
510	-3.996468	10.839441	1.487292
511	-3.996468	12.839441	1.494297
512	-3.996468	13.839441	1.494297
513	-3.996468	14.839441	1.494297
514	-3.996468	15.839441	1.494297
515	-3.996468	16.839441	1.494297
516	-3.996468	17.839441	1.494297
517	-2.996468	-6.160559	1.494812
518	-2.996468	-5.160559	1.494812
519	-2.996468	-4.160559	1.494812
520	-2.996468	-3.160559	1.494812
521	-2.996468	-2.160559	1.494812
522	-2.996468	-1.160559	1.494812
523	-2.996468	-0.160559	1.494812
524	-2.996468	0.839441	1.494812
525	-2.996468	1.839441	1.494812
526	-2.996468	2.839441	1.494812
527	-2.996468	3.839441	1.494812
528	-2.996468	4.839441	1.494812
529	-2.996468	6.839441	1.487292
530	-2.996468	7.839441	1.487292
531	-2.996468	8.839441	1.487292
532	-2.996468	9.839441	1.487292
533	-2.996468	10.839441	1.487292
534	-2.996468	12.839441	1.494297
535	-2.996468	13.839441	1.494297
536	-2.996468	14.839441	1.494297
537	-2.996468	15.839441	1.494297
538	-2.996468	16.839441	1.494297
539	-1.996468	-6.160559	1.494812
540	-1.996468	-5.160559	1.494812
541	-1.996468	-4.160559	1.494812
542	-1.996468	-3.160559	1.494812
543	-1.996468	-2.160559	1.494812
544	-1.996468	-1.160559	1.494812
545	-1.996468	-0.160559	1.494812
546	-1.996468	0.839441	1.494812
547	-1.996468	1.839441	1.494812
548	-1.996468	2.839441	1.494812
549	-1.996468	3.839441	1.494812
550	-1.996468	4.839441	1.494812
551	-1.996468	6.839441	1.487292
552	-1.996468	7.839441	1.487292
553	-1.996468	8.839441	1.487292
554	-1.996468	9.839441	1.487292
555	-1.996468	10.839441	1.487292
556	-1.996468	11.839441	1.494297
557	-1.996468	12.839441	1.494297
558	-1.996468	13.839441	1.494297
559	-1.996468	14.839441	1.494297
560	-1.996468	15.839441	1.494297
561	-1.996468	16.839441	1.494297
562	-0.996468	-6.160559	1.494812
563	-0.996468	-5.160559	1.494812
564	-0.996468	-4.160559	1.494812
565	-0.996468	-3.160559	1.494812
566	-0.996468	-2.160559	1.494812
567	-0.996468	-1.160559	1.494812
568	-0.996468	-0.160559	1.494812
569	-0.996468	0.839441	1.494812
570	-0.996468	1.839441	1.494812
571	-0.996468	2.839441	1.494812
572	-0.996468	3.839441	1.494812
573	-0.996468	4.839441	1.494812
574	-0.996468	6.839441	1.487292
575	-0.996468	7.839441	1.487292
576	-0.996468	8.839441	1.487292
577	-0.996468	9.839441	1.487292
578	-0.996468	10.839441	1.487292
579	-0.996468	12.839441	1.494297
580	-0.996468	13.839441	1.494297
581	-0.996468	14.839441	1.494297
582	-0.996468	15.839441	1.494297
583	-0.996468	16.839441	1.494297
584	0.003532	-6.160559	1.494812
585	0.003532	-5.160559	1.494812
586	0.003532	-4.160559	1.494812
587	0.003532	-3.160559	1.494812
588	0.003532	-2.160559	1.494812
589	0.003532	-1.160559	1.494812
590	0.003532	-0.160559	1.494812
591	0.003532	0.839441	1.494812
592	0.003532	1.839441	1.494812
593	0.003532	2.839441	1.494812
594	0.003532	3.839441	1.494812
595	0.003532	4.839441	1.494812
596	0.003532	6.839441	1.487292
597	0.003532	7.839441	1.487292
598	0.003532	8.839441	1.487292
599	0.003532	9.839441	1.487292
600	0.003532	10.839441	1.487292
601	0.003532	12.839441	1.494297
602	0.003532	13.839441	1.494297
603	0.003532	14.839441	1.494297
604	0.003532	15.839441	1.494297
605	0.003532	16.839441	1.494297
606	1.003532	-6.160559	1.494812
607	1.003532	-5.160559	1.494812
608	1.003532	-4.160559	1.494812
609	1.003532	-3.160559	1.494812
610	1.003532	-2.160559	1.494812
611	1.003532	-1.160559	1.494812
612	1.003532	-0.160559	1.494812
613	1.003532	0.839441	1.494812
614	1.003532	1.839441	1.494812
615	1.003532	2.839441	1.494812
616	1.003532	3.839441	1.494812
617	1.003532	4.839441	1.494812
618	1.003532	6.839441	1.481414
619	1.003532	7.839441	1.481414
620	1.003532	8.839441	1.481414
621	1.003532	9.839441	1.481414
622	1.003532	13.839441	1.494297
623	1.003532	14.839441	1.494297
624	1.003532	15.839441	1.494297
625	1.003532	16.839441	1.494297
626	1.003532	17.839441	1.494297
627	2.003532	-6.160559	1.494812
628	2.003532	-5.160559	1.494812
629	2.003532	-4.160559	1.494812
630	2.003532	-3.160559	1.494812
631	2.003532	-2.160559	1.494812
632	2.003532	-1.160559	1.494812
633	2.003532	-0.160559	1.494812
634	2.003532	0.839441	1.494812
635	2.003532	1.839441	1.494812
636	2.003532	2.839441	1.494812
637	2.003532	3.839441	1.494812
638	2.003532	4.839441	1.494812
639	2.003532	6.839441	1.481414
640	2.003532	7.839441	1.481414
641	2.003532	8.839441	1.481414
642	2.003532	9.839441	1.481414
643	2.003532	10.839441	1.481414
644	2.003532	14.839441	1.498475
645	2.003532	15.839441	1.498475
646	2.003532	16.839441	1.498475
647	2.003532	17.839441	1.498475
648	3.003532	7.839441	1.481414
649	3.003532	8.839441	1.481414
650	3.003532	9.839441	1.481414
651	3.003532	10.839441	1.481414
652	3.003532	13.839441	1.498475
653	3.003532	14.839441	1.498475
654	3.003532	15.839441	1.498475
655	3.003532	16.839441	1.498475
656	3.003532	17.839441	1.498475
657	4.003532	8.839441	1.481414
658	4.003532	9.839441	1.481414
659	4.003532	10.839441	1.481414
660	4.003532	13.839441	1.498475
661	4.003532	14.839441	1.498475
662	4.003532	15.839441	1.498475
663	4.003532	16.839441	1.498475
664	4.003532	17.839441	1.498475
665	5.003532	7.839441	1.507054
666	5.003532	8.839441	1.507054
667	5.003532	9.839441	1.507054
668	5.003532	11.839441	1.507054
669	5.003532	12.839441	1.507054
670	5.003532	13.839441	1.498475
671	5.003532	14.839441	1.498475
672	5.003532	15.839441	1.498475
673	5.003532	16.839441	1.498475
674	5.003532	17.839441	1.498475
675	6.003532	10.839441	1.507054
676	6.003532	12.839441	1.507054
677	6.003532	13.839441	1.498475
678	6.003532	14.839441	1.498475
679	6.003532	15.839441	1.498475
680	6.003532	16.839441	1.498475
681	6.003532	17.839441	1.498475
682	7.003532	7.839441	1.511272
683	7.003532	8.839441	1.511272
684	7.003532	9.839441	1.511272
685	7.003532	10.839441	1.511272
686	7.003532	12.839441	1.696869
687	7.003532	17.839441	1.498475
688	8.003532	7.839441	1.511272
689	8.003532	8.839441	1.511272
690	8.003532	9.839441	1.511272
691	8.003532	10.839441	1.511272
692	8.003532	12.839441	1.696869
693	8.003532	17.839441	1.525864
694	9.003532	7.839441	1.511272
695	9.003532	8.839441	1.511272
696	9.003532	9.839441	1.511272
697	9.003532	10.839441	1.511272
698	9.003532	15.839441	1.525864
699	9.003532	16.839441	1.525864
700	9.003532	17.839441	1.525864
701	10.003532	7.839441	1.511272
702	10.003532	8.839441	1.511272
703	10.003532	9.839441	1.511272
704	10.003532	10.839441	1.511272
705	10.003532	13.839441	1.524470
706	10.003532	14.839441	1.524470
707	10.003532	15.839441	1.525864
708	10.003532	16.839441	1.525864
709	10.003532	17.839441	1.525864
710	11.003532	7.839441	1.511272
711	11.003532	8.839441	1.511272
712	11.003532	9.839441	1.511272
713	11.003532	10.839441	1.511272
714	11.003532	12.839441	1.524470
715	11.003532	13.839441	1.524470
716	11.003532	14.839441	1.524470
717	11.003532	16.839441	1.525864
718	11.003532	17.839441	1.525864
719	12.003532	7.839441	1.511272
720	12.003532	8.839441	1.511272
721	12.003532	9.839441	1.511272
722	12.003532	10.839441	1.511272
723	12.003532	12.839441	1.524470
724	12.003532	13.839441	1.524470
725	12.003532	14.839441	1.524470
726	12.003532	16.839441	1.525864
727	12.003532	17.839441	1.525864
728	-7.996468	-11.160559	5.313880
729	-7.996468	-10.160559	5.313880
730	-7.996468	-9.160559	5.313880
731	-7.996468	-8.160559	5.313880
732	-6.996468	-12.160559	5.313880
733	-6.996468	-11.160559	5.313880
734	-6.996468	-10.160559	5.313880
735	-6.996468	-9.160559	5.313880
736	-6.996468	-8.160559	5.313880
737	-6.996468	-7.160559	5.313880
738	-6.996468	13.839441	5.302810
739	-6.996468	14.839441	5.302810
740	-6.996468	15.839441	5.302810
741	-5.996468	-12.160559	5.313880
742	-5.996468	-11.160559	5.313880
743	-5.996468	-10.160559	5.313880
744	-5.996468	-9.160559	5.313880
745	-5.996468	-8.160559	5.313880
746	-5.996468	11.839441	5.302810
747	-5.996468	12.839441	5.302810
748	-5.996468	13.839441	5.302810
749	-5.996468	14.839441	5.302810
750	-5.996468	15.839441	5.302810
751	-5.996468	16.839441	5.302810
752	-5.996468	17.839441	5.302810
753	-5.996468	18.839441	5.302810
754	-5.996468	19.839441	4.762800
755	-5.996468	20.839441	4.762800
756	-5.996468	21.839441	4.762800
757	-4.996468	-12.160559	5.313880
758	-4.996468	-11.160559	5.313880
759	-4.996468	-10.160559	5.313880
760	-4.996468	-9.160559	5.313880
761	-4.996468	-8.160559	5.313880
762	-4.996468	12.839441	5.302810
763	-4.996468	13.839441	5.302810
764	-4.996468	14.839441	5.302810
765	-4.996468	15.839441	5.302810
766	-4.996468	16.839441	5.302810
767	-4.996468	17.839441	5.302810
768	-4.996468	19.839441	4.762800
769	-4.996468	20.839441	4.762800
770	-4.996468	21.839441	4.762800
771	-3.996468	-12.160559	5.313880
772	-3.996468	-11.160559	5.313880
773	-3.996468	-10.160559	5.313880
774	-3.996468	-9.160559	5.313880
775	-3.996468	-8.160559	5.313880
776	-3.996468	-6.160559	5.335430
777	-3.996468	-5.160559	5.335430
778	-3.996468	-4.160559	5.335430
779	-3.996468	-3.160559	5.335430
780	-3.996468	-2.160559	5.335430
781	-3.996468	-1.160559	5.335430
782	-3.996468	0.839441	5.284070
783	-3.996468	1.839441	5.284070
784	-3.996468	2.839441	5.284070
785	-3.996468	3.839441	5.284070
786	-3.996468	4.839441	5.293340
787	-3.996468	5.839441	5.293340
788	-3.996468	6.839441	5.293340
789	-3.996468	7.839441	5.288310
790	-3.996468	8.839441	5.288310
791	-3.996468	9.839441	5.288310
792	-3.996468	10.839441	5.288310
793	-3.996468	12.839441	5.302810
794	-3.996468	13.839441	5.302810
795	-3.996468	14.839441	5.302810
796	-3.996468	15.839441	5.302810
797	-3.996468	16.839441	5.302810
798	-3.996468	19.839441	4.762800
799	-3.996468	20.839441	4.762800
800	-3.996468	21.839441	4.762800
801	-2.996468	-13.160559	5.320780
802	-2.996468	-12.160559	5.313880
803	-2.996468	-11.160559	5.313880
804	-2.996468	-10.160559	5.313880
805	-2.996468	-9.160559	5.313880
806	-2.996468	-8.160559	5.313880
807	-2.996468	-6.160559	5.335430
808	-2.996468	-5.160559	5.335430
809	-2.996468	-4.160559	5.335430
810	-2.996468	-3.160559	5.335430
811	-2.996468	-2.160559	5.335430
812	-2.996468	-1.160559	5.335430
813	-2.996468	0.839441	5.284070
814	-2.996468	1.839441	5.284070
815	-2.996468	2.839441	5.284070
816	-2.996468	3.839441	5.284070
817	-2.996468	7.839441	5.288310
818	-2.996468	8.839441	5.288310
819	-2.996468	9.839441	5.288310
820	-2.996468	10.839441	5.288310
821	-2.996468	12.839441	5.302810
822	-2.996468	13.839441	5.302810
823	-2.996468	14.839441	5.302810
824	-2.996468	15.839441	5.302810
825	-2.996468	16.839441	5.302810
826	-2.996468	19.839441	4.762800
827	-2.996468	20.839441	4.762800
828	-2.996468	21.839441	4.762800
829	-1.996468	-12.160559	5.304500
830	-1.996468	-11.160559	5.304500
831	-1.996468	-10.160559	5.304500
832	-1.996468	-9.160559	5.304500
833	-1.996468	-8.160559	5.304500
834	-1.996468	-6.160559	5.335430
835	-1.996468	-5.160559	5.335430
836	-1.996468	-4.160559	5.335430
837	-1.996468	-3.160559	5.335430
838	-1.996468	-2.160559	5.335430
839	-1.996468	-1.160559	5.335430
840	-1.996468	0.839441	5.284070
841	-1.996468	1.839441	5.284070
842	-1.996468	2.839441	5.284070
843	-1.996468	3.839441	5.284070
844	-1.996468	8.839441	5.288310
845	-1.996468	9.839441	5.288310
846	-1.996468	10.839441	5.288310
847	-1.996468	12.839441	5.302810
848	-1.996468	13.839441	5.302810
849	-1.996468	14.839441	5.302810
850	-1.996468	15.839441	5.302810
851	-1.996468	16.839441	5.302810
852	-1.996468	17.839441	5.302810
853	-1.996468	18.839441	5.302810
854	-1.996468	19.839441	4.762800
855	-1.996468	20.839441	4.762800
856	-1.996468	21.839441	4.762800
857	-0.996468	-12.160559	5.304500
858	-0.996468	-11.160559	5.304500
859	-0.996468	-10.160559	5.304500
860	-0.996468	-9.160559	5.304500
861	-0.996468	-8.160559	5.304500
862	-0.996468	-6.160559	5.335430
863	-0.996468	-5.160559	5.335430
864	-0.996468	-4.160559	5.335430
865	-0.996468	-3.160559	5.335430
866	-0.996468	-2.160559	5.335430
867	-0.996468	-1.160559	5.335430
868	-0.996468	0.839441	5.284070
869	-0.996468	1.839441	5.284070
870	-0.996468	2.839441	5.284070
871	-0.996468	3.839441	5.284070
872	-0.996468	7.839441	5.288310
873	-0.996468	8.839441	5.288310
874	-0.996468	9.839441	5.288310
875	-0.996468	10.839441	5.288310
876	-0.996468	12.839441	5.302810
877	-0.996468	14.839441	5.302810
878	-0.996468	15.839441	5.302810
879	-0.996468	16.839441	5.302810
880	-0.996468	17.839441	5.302810
881	-0.996468	19.839441	4.762800
882	-0.996468	20.839441	4.762800
883	-0.996468	21.839441	4.762800
884	0.003532	-12.160559	5.304500
885	0.003532	-11.160559	5.304500
886	0.003532	-9.160559	5.304500
887	0.003532	-8.160559	5.304500
888	0.003532	-6.160559	5.335430
889	0.003532	-5.160559	5.335430
890	0.003532	-4.160559	5.335430
891	0.003532	-3.160559	5.335430
892	0.003532	-2.160559	5.335430
893	0.003532	-1.160559	5.335430
894	0.003532	2.839441	5.293520
895	0.003532	12.839441	5.293520
896	0.003532	14.839441	5.282510
897	0.003532	15.839441	5.282510
898	0.003532	16.839441	5.282510
899	0.003532	17.839441	5.285070
900	0.003532	18.839441	5.285070
901	1.003532	-12.160559	5.304500
902	1.003532	-11.160559	5.304500
903	1.003532	-10.160559	5.304500
904	1.003532	-9.160559	5.304500
905	1.003532	-8.160559	5.304500
906	1.003532	-6.160559	5.335430
907	1.003532	-5.160559	5.335430
908	1.003532	-4.160559	5.335430
909	1.003532	-3.160559	5.335430
910	1.003532	-2.160559	5.335430
911	1.003532	-1.160559	5.335430
912	1.003532	0.839441	5.293520
913	1.003532	1.839441	5.293520
914	1.003532	2.839441	5.293520
915	1.003532	3.839441	5.293520
916	1.003532	4.839441	5.293520
917	1.003532	5.839441	5.293520
918	1.003532	6.839441	5.293520
919	1.003532	7.839441	5.293520
920	1.003532	8.839441	5.293520
921	1.003532	9.839441	5.293520
922	1.003532	10.839441	5.293520
923	1.003532	11.839441	5.293520
924	1.003532	12.839441	5.293520
925	1.003532	16.839441	5.282510
926	1.003532	17.839441	5.285070
927	1.003532	18.839441	5.285070
928	1.003532	19.839441	4.752200
929	1.003532	20.839441	4.752200
930	1.003532	21.839441	4.752200
931	1.003532	22.839441	4.752200
932	2.003532	-12.160559	5.304500
933	2.003532	-11.160559	5.304500
934	2.003532	-10.160559	5.304500
935	2.003532	-9.160559	5.304500
936	2.003532	-8.160559	5.304500
937	2.003532	-6.160559	5.335430
938	2.003532	-5.160559	5.335430
939	2.003532	-4.160559	5.335430
940	2.003532	-3.160559	5.335430
941	2.003532	-2.160559	5.335430
942	2.003532	0.839441	5.293520
943	2.003532	1.839441	5.293520
944	2.003532	2.839441	5.293520
945	2.003532	3.839441	5.293520
946	2.003532	4.839441	5.293520
947	2.003532	5.839441	5.293520
948	2.003532	6.839441	5.293520
949	2.003532	7.839441	5.293520
950	2.003532	8.839441	5.293520
951	2.003532	9.839441	5.293520
952	2.003532	10.839441	5.293520
953	2.003532	11.839441	5.293520
954	2.003532	12.839441	5.293520
955	2.003532	17.839441	5.285070
956	2.003532	18.839441	5.285070
957	2.003532	19.839441	4.752200
958	2.003532	20.839441	4.752200
959	2.003532	21.839441	4.752200
960	2.003532	22.839441	4.752200
961	3.003532	-5.160559	5.362040
962	3.003532	6.839441	5.293520
963	3.003532	7.839441	5.293520
964	3.003532	8.839441	5.293520
965	3.003532	9.839441	5.293520
966	3.003532	10.839441	5.293520
967	3.003532	11.839441	5.293520
968	3.003532	12.839441	5.293520
969	4.003532	-5.160559	5.362040
970	4.003532	-0.160559	5.306880
971	4.003532	0.839441	5.306880
972	4.003532	1.839441	5.306880
973	4.003532	2.839441	5.267260
974	4.003532	3.839441	5.267260
975	4.003532	4.839441	5.293520
976	4.003532	6.839441	5.293520
977	4.003532	7.839441	5.293520
978	4.003532	8.839441	5.293520
979	4.003532	9.839441	5.293520
980	4.003532	10.839441	5.293520
981	4.003532	11.839441	5.293520
982	4.003532	12.839441	5.293520
983	5.003532	-6.160559	5.362040
984	5.003532	-5.160559	5.362040
985	5.003532	-4.160559	5.340650
986	5.003532	-3.160559	5.340650
987	5.003532	-2.160559	5.340650
988	5.003532	-1.160559	5.306880
989	5.003532	-0.160559	5.306880
990	5.003532	0.839441	5.306880
991	5.003532	2.839441	5.267260
992	5.003532	3.839441	5.267260
993	5.003532	4.839441	5.267260
994	5.003532	6.839441	5.267260
995	5.003532	7.839441	5.293520
996	5.003532	8.839441	5.293520
997	5.003532	9.839441	5.293520
998	5.003532	10.839441	5.293520
999	5.003532	11.839441	5.293520
1000	5.003532	12.839441	5.293520
1001	6.003532	-2.160559	5.340650
1002	6.003532	0.839441	5.293520
1003	6.003532	1.839441	5.293520
1004	6.003532	2.839441	5.267260
1005	6.003532	3.839441	5.267260
1006	6.003532	4.839441	5.267260
1007	6.003532	7.839441	5.293520
1008	6.003532	8.839441	5.293520
1009	6.003532	9.839441	5.293520
1010	6.003532	13.839441	5.272030
1011	6.003532	14.839441	5.272030
1012	6.003532	15.839441	5.272030
1013	7.003532	0.839441	5.293520
1014	7.003532	1.839441	5.293520
1015	7.003532	2.839441	5.267260
1016	7.003532	3.839441	5.267260
1017	7.003532	4.839441	5.267260
1018	7.003532	5.839441	5.267260
1019	7.003532	6.839441	5.267260
1020	7.003532	7.839441	5.232450
1021	7.003532	8.839441	5.232450
1022	7.003532	9.839441	5.232450
1023	7.003532	10.839441	5.232450
1024	7.003532	11.839441	5.293520
1025	7.003532	12.839441	5.293520
1026	7.003532	13.839441	5.272030
1027	7.003532	16.839441	5.272030
1028	7.003532	18.839441	5.267310
1029	8.003532	2.839441	5.267260
1030	8.003532	3.839441	5.267260
1031	8.003532	4.839441	5.267260
1032	8.003532	5.839441	5.267260
1033	8.003532	7.839441	5.232450
1034	8.003532	8.839441	5.232450
1035	8.003532	9.839441	5.232450
1036	8.003532	15.839441	5.272030
1037	8.003532	16.839441	5.272030
1038	8.003532	17.839441	5.267310
1039	8.003532	18.839441	5.267310
1040	9.003532	7.839441	5.232450
1041	9.003532	8.839441	5.232450
1042	9.003532	9.839441	5.232450
1043	9.003532	15.839441	5.272030
1044	9.003532	16.839441	5.272030
1045	10.003532	7.839441	5.232450
1046	10.003532	8.839441	5.232450
1047	10.003532	9.839441	5.232450
1048	10.003532	12.839441	5.286580
1049	10.003532	13.839441	5.286580
1050	10.003532	15.839441	5.272030
1051	10.003532	16.839441	5.272030
1052	11.003532	7.839441	5.232450
1053	11.003532	8.839441	5.232450
1054	11.003532	9.839441	5.232450
1055	11.003532	12.839441	5.286580
1056	11.003532	13.839441	5.286580
1057	11.003532	16.839441	5.268060
1058	11.003532	17.839441	5.268060
1059	11.003532	18.839441	5.268060
1060	12.003532	7.839441	5.232450
1061	12.003532	8.839441	5.232450
1062	12.003532	9.839441	5.232450
1063	12.003532	12.839441	5.286580
1064	12.003532	13.839441	5.286580
1065	12.003532	15.839441	5.268060
1066	12.003532	16.839441	5.268060
1067	12.003532	17.839441	5.268060
1068	12.003532	18.839441	5.268060
1069	-2.996468	-16.160559	5.320780
1070	-2.996468	-15.160559	5.320780
1071	-2.996468	-14.160559	5.320780
1072	-1.996468	-15.160559	5.320780
1073	-1.996468	-14.160559	5.320780
1074	-0.996468	-14.160559	5.320780
1075	0.003532	-17.160559	5.290390
1076	0.003532	-16.160559	5.290390
1077	0.003532	-15.160559	5.290390
1078	0.003532	-14.160559	5.290390
1079	1.003532	-17.160559	5.290390
1080	1.003532	-16.160559	5.290390
1081	1.003532	-15.160559	5.290390
1082	1.003532	-14.160559	5.290390
1083	2.003532	-17.160559	5.290390
1084	2.003532	-16.160559	5.290390
1085	2.003532	-15.160559	5.290390
1086	2.003532	-14.160559	5.290390
