0	19.976595	-5.260990	0.621530
1	19.976595	-4.260990	0.621530
2	19.976595	-0.260990	0.977192
3	19.976595	1.739010	0.977192
4	20.976595	-8.260990	0.638223
5	20.976595	-7.260990	0.638223
6	20.976595	-6.260990	0.638223
7	20.976595	-4.260990	0.638223
8	20.976595	-3.260990	0.629742
9	20.976595	-2.260990	0.629742
10	20.976595	-1.260990	0.977192
11	20.976595	1.739010	0.977192
12	21.976595	-8.260990	0.638223
13	21.976595	-7.260990	0.638223
14	21.976595	-6.260990	0.638223
15	21.976595	-5.260990	0.638223
16	21.976595	-4.260990	0.638223
17	21.976595	-3.260990	0.629742
18	21.976595	-2.260990	0.629742
19	21.976595	-1.260990	0.629742
20	21.976595	-0.260990	0.629742
21	21.976595	0.739010	0.629742
22	21.976595	1.739010	0.629742
23	22.976595	-8.260990	0.638223
24	22.976595	-7.260990	0.638223
25	22.976595	-6.260990	0.638223
26	22.976595	-5.260990	0.638223
27	22.976595	-4.260990	0.638223
28	22.976595	-3.260990	0.638223
29	22.976595	-2.260990	0.629742
30	22.976595	-1.260990	0.629742
31	22.976595	-0.260990	0.629742
32	22.976595	0.739010	0.629742
33	22.976595	1.739010	0.629742
34	22.976595	2.739010	0.629742
35	23.976595	-8.260990	0.638223
36	23.976595	-7.260990	0.638223
37	23.976595	-6.260990	0.638223
38	23.976595	-5.260990	0.638223
39	23.976595	-4.260990	0.638223
40	23.976595	-3.260990	0.638223
41	23.976595	-2.260990	0.629742
42	23.976595	-1.260990	0.629742
43	23.976595	-0.260990	0.629742
44	23.976595	0.739010	0.629742
45	23.976595	1.739010	0.629742
46	24.976595	-2.260990	0.629742
47	24.976595	-1.260990	0.629742
48	24.976595	-0.260990	0.629742
49	24.976595	0.739010	0.629742
50	24.976595	1.739010	0.629742
51	25.976595	-2.260990	0.629742
52	25.976595	-1.260990	0.629742
53	25.976595	-0.260990	0.629742
54	25.976595	0.739010	0.629742
55	25.976595	1.739010	0.629742
56	26.976595	-3.260990	0.629742
57	26.976595	-2.260990	0.629742
58	26.976595	-1.260990	0.629742
59	26.976595	-0.260990	0.629742
60	26.976595	0.739010	0.629742
61	26.976595	1.739010	0.629742
62	27.976595	-3.260990	0.629742
63	27.976595	-1.260990	0.629742
64	27.976595	-0.260990	0.629742
65	27.976595	0.739010	0.629742
66	27.976595	1.739010	0.629742
67	-2.023405	2.739010	1.484306
68	-2.023405	3.739010	1.484306
69	-1.023405	-1.260990	1.476309
70	-1.023405	-0.260990	1.476309
71	-1.023405	0.739010	1.476309
72	-1.023405	1.739010	1.476309
73	-1.023405	2.739010	1.484306
74	-1.023405	3.739010	1.484306
75	-1.023405	4.739010	1.484306
76	-0.023405	-3.260990	1.476309
77	-0.023405	-2.260990	1.476309
78	-0.023405	-1.260990	1.476309
79	-0.023405	-0.260990	1.476309
80	-0.023405	0.739010	1.476309
81	-0.023405	1.739010	1.476309
82	-0.023405	2.739010	1.484306
83	-0.023405	3.739010	1.484306
84	0.976595	-3.260990	1.476309
85	0.976595	-2.260990	1.476309
86	0.976595	-1.260990	1.476309
87	0.976595	-0.260990	1.476309
88	0.976595	0.739010	1.476309
89	0.976595	1.739010	1.476309
90	0.976595	2.739010	1.484306
91	0.976595	3.739010	1.484306
92	0.976595	4.739010	1.484306
93	1.976595	-2.260990	1.476309
94	1.976595	-1.260990	1.476309
95	1.976595	-0.260990	1.476309
96	1.976595	0.739010	1.476309
97	1.976595	1.739010	1.476309
98	1.976595	2.739010	1.484306
99	1.976595	3.739010	1.484306
100	2.976595	-3.260990	1.490515
101	2.976595	-2.260990	1.490515
102	2.976595	-1.260990	1.476309
103	2.976595	-0.260990	1.476309
104	2.976595	0.739010	1.476309
105	2.976595	1.739010	1.476309
106	2.976595	2.739010	1.484306
107	2.976595	3.739010	1.484306
108	2.976595	4.739010	1.484306
109	2.976595	5.739010	1.484306
110	3.976595	-3.260990	1.490515
111	3.976595	-2.260990	1.490515
112	3.976595	-1.260990	1.490515
113	3.976595	-0.260990	1.490515
114	3.976595	0.739010	1.504307
115	3.976595	1.739010	1.504307
116	3.976595	2.739010	1.504307
117	3.976595	3.739010	1.484306
118	3.976595	4.739010	1.484306
119	3.976595	5.739010	1.484306
120	4.976595	-3.260990	1.490515
121	4.976595	-2.260990	1.490515
122	4.976595	-1.260990	1.490515
123	4.976595	-0.260990	1.490515
124	4.976595	0.739010	1.504307
125	4.976595	1.739010	1.504307
126	4.976595	2.739010	1.504307
127	4.976595	3.739010	1.521195
128	4.976595	4.739010	1.521195
129	4.976595	5.739010	1.521195
130	4.976595	6.739010	1.521195
131	5.976595	-3.260990	1.490515
132	5.976595	-2.260990	1.490515
133	5.976595	-1.260990	1.490515
134	5.976595	-0.260990	1.490515
135	5.976595	0.739010	1.504307
136	5.976595	1.739010	1.504307
137	5.976595	2.739010	1.504307
138	5.976595	3.739010	1.521195
139	5.976595	4.739010	1.521195
140	5.976595	5.739010	1.521195
141	6.976595	-3.260990	1.490515
142	6.976595	-2.260990	1.490515
143	6.976595	-1.260990	1.490515
144	6.976595	-0.260990	1.490515
145	6.976595	0.739010	1.504307
146	6.976595	1.739010	1.504307
147	6.976595	2.739010	1.504307
148	6.976595	3.739010	1.521195
149	6.976595	4.739010	1.521195
150	6.976595	5.739010	1.521195
151	6.976595	6.739010	1.521195
152	7.976595	-3.260990	1.490515
153	7.976595	-2.260990	1.490515
154	7.976595	-1.260990	1.490515
155	7.976595	-0.260990	1.490515
156	7.976595	0.739010	1.504307
157	7.976595	1.739010	1.504307
158	7.976595	2.739010	1.504307
159	7.976595	3.739010	1.521195
160	7.976595	4.739010	1.521195
161	7.976595	5.739010	1.521195
162	7.976595	6.739010	1.521195
163	7.976595	7.739010	1.521195
164	8.976595	-2.260990	1.490515
165	8.976595	-1.260990	1.490515
166	8.976595	-0.260990	1.490515
167	8.976595	0.739010	1.515101
168	8.976595	1.739010	1.515101
169	8.976595	2.739010	1.515101
170	9.976595	-3.260990	1.515101
171	9.976595	-2.260990	1.515101
172	9.976595	-1.260990	1.515101
173	9.976595	-0.260990	1.515101
174	9.976595	0.739010	1.515101
175	9.976595	1.739010	1.515101
176	9.976595	2.739010	1.515101
177	9.976595	3.739010	1.515101
178	9.976595	4.739010	1.515844
179	9.976595	5.739010	1.515844
180	9.976595	7.739010	1.497252
181	10.976595	-3.260990	1.515101
182	10.976595	-2.260990	1.515101
183	10.976595	-1.260990	1.515101
184	10.976595	-0.260990	1.515101
185	10.976595	0.739010	1.515101
186	10.976595	1.739010	1.515101
187	10.976595	2.739010	1.515101
188	10.976595	3.739010	1.515101
189	10.976595	4.739010	1.515844
190	10.976595	5.739010	1.515844
191	10.976595	6.739010	1.515844
192	10.976595	7.739010	1.497252
193	11.976595	-1.260990	1.515101
194	11.976595	-0.260990	1.515101
195	11.976595	0.739010	1.515101
196	11.976595	1.739010	1.515101
197	11.976595	2.739010	1.515101
198	11.976595	7.739010	1.497252
199	12.976595	-4.260990	1.515101
200	12.976595	-3.260990	1.515101
201	12.976595	-2.260990	1.515101
202	12.976595	-1.260990	1.515101
203	12.976595	-0.260990	1.515101
204	12.976595	0.739010	1.515101
205	12.976595	1.739010	1.515101
206	12.976595	2.739010	1.515101
207	12.976595	3.739010	1.515101
208	12.976595	4.739010	1.516476
209	12.976595	5.739010	1.516476
210	12.976595	7.739010	1.497252
211	12.976595	8.739010	1.497252
212	13.976595	-3.260990	1.515101
213	13.976595	-2.260990	1.515101
214	13.976595	-1.260990	1.515101
215	13.976595	-0.260990	1.515101
216	13.976595	0.739010	1.515101
217	13.976595	1.739010	1.515101
218	13.976595	2.739010	1.515101
219	13.976595	4.739010	1.516476
220	13.976595	5.739010	1.516476
221	13.976595	6.739010	1.516476
222	13.976595	8.739010	1.497252
223	13.976595	9.739010	1.497252
224	14.976595	-3.260990	1.515101
225	14.976595	-2.260990	1.515101
226	14.976595	-1.260990	1.515101
227	14.976595	-0.260990	1.515101
228	14.976595	0.739010	1.515101
229	14.976595	1.739010	1.515101
230	14.976595	2.739010	1.515101
231	14.976595	4.739010	1.516476
232	14.976595	5.739010	1.516476
233	14.976595	6.739010	1.516476
234	14.976595	7.739010	1.497252
235	14.976595	8.739010	1.497252
236	14.976595	9.739010	1.497252
237	15.976595	-4.260990	1.515101
238	15.976595	-3.260990	1.515101
239	15.976595	-2.260990	1.515101
240	15.976595	-1.260990	1.515101
241	15.976595	-0.260990	1.515101
242	15.976595	0.739010	1.515101
243	15.976595	1.739010	1.515101
244	15.976595	2.739010	1.515101
245	15.976595	4.739010	1.516476
246	15.976595	5.739010	1.516476
247	15.976595	7.739010	1.516476
248	16.976595	-2.260990	1.509990
249	16.976595	-1.260990	1.509990
250	16.976595	-0.260990	1.509990
251	16.976595	0.739010	1.509990
252	16.976595	1.739010	1.509990
253	16.976595	2.739010	1.509990
254	16.976595	3.739010	1.515101
255	16.976595	4.739010	1.516476
256	16.976595	5.739010	1.516476
257	16.976595	7.739010	1.516476
258	17.976595	-4.260990	1.509990
259	17.976595	-2.260990	1.509990
260	17.976595	-1.260990	1.509990
261	17.976595	-0.260990	1.509990
262	17.976595	0.739010	1.509990
263	17.976595	1.739010	1.509990
264	17.976595	2.739010	1.509990
265	17.976595	7.739010	1.516476
266	18.976595	-4.260990	1.509990
267	18.976595	-3.260990	1.509990
268	18.976595	-1.260990	1.509990
269	18.976595	-0.260990	1.509990
270	18.976595	0.739010	1.509990
271	18.976595	1.739010	1.509990
272	18.976595	2.739010	1.505998
273	18.976595	3.739010	1.505998
274	18.976595	4.739010	1.505998
275	18.976595	5.739010	1.505998
276	19.976595	-4.260990	1.509990
277	19.976595	-0.260990	1.509990
278	19.976595	1.739010	1.509990
279	19.976595	2.739010	1.505998
280	19.976595	3.739010	1.505998
281	19.976595	4.739010	1.505998
282	19.976595	5.739010	1.505998
283	17.976595	-8.260990	0.620756
284	17.976595	-7.260990	0.620756
285	17.976595	-6.260990	0.620756
286	17.976595	-5.260990	0.620756
287	18.976595	-8.260990	0.620756
288	18.976595	-7.260990	0.620756
289	18.976595	-6.260990	0.620756
290	18.976595	-5.260990	0.620756
291	19.976595	-6.260990	0.620756
292	19.976595	-5.260990	0.620756
