0	-9.808668	2.853495	1.488716
1	-9.808668	3.853495	1.488716
2	-7.808668	-3.146505	1.504470
3	-7.808668	-2.146505	1.504470
4	-7.808668	-1.146505	1.504470
5	-7.808668	-0.146505	1.504470
6	-7.808668	0.853495	1.504470
7	-7.808668	1.853495	1.504470
8	-7.808668	3.853495	1.488716
9	-6.808668	-10.146505	1.493678
10	-6.808668	-9.146505	1.493678
11	-6.808668	-8.146505	1.493678
12	-6.808668	-7.146505	1.493678
13	-6.808668	-6.146505	1.493678
14	-6.808668	-5.146505	1.493678
15	-6.808668	-4.146505	1.493678
16	-6.808668	-3.146505	1.504470
17	-6.808668	-2.146505	1.504470
18	-6.808668	-1.146505	1.504470
19	-6.808668	-0.146505	1.504470
20	-6.808668	0.853495	1.501117
21	-6.808668	1.853495	1.501117
22	-6.808668	3.853495	1.501117
23	-5.808668	-10.146505	1.493678
24	-5.808668	-9.146505	1.493678
25	-5.808668	-8.146505	1.493678
26	-5.808668	-7.146505	1.493678
27	-5.808668	-6.146505	1.493678
28	-5.808668	-5.146505	1.493678
29	-5.808668	-4.146505	1.493678
30	-5.808668	-3.146505	1.504470
31	-5.808668	-2.146505	1.504470
32	-5.808668	-1.146505	1.504470
33	-5.808668	-0.146505	1.504470
34	-5.808668	1.853495	1.501117
35	-5.808668	2.853495	1.501117
36	-5.808668	3.853495	1.501117
37	-4.808668	-10.146505	1.493678
38	-4.808668	-9.146505	1.493678
39	-4.808668	-8.146505	1.493678
40	-4.808668	-7.146505	1.493678
41	-4.808668	-6.146505	1.493678
42	-4.808668	-5.146505	1.493678
43	-4.808668	-3.146505	1.504470
44	-4.808668	-2.146505	1.504470
45	-4.808668	-1.146505	1.504470
46	-4.808668	0.853495	1.501117
47	-4.808668	1.853495	1.501117
48	-4.808668	2.853495	1.501117
49	-4.808668	3.853495	1.501117
50	-4.808668	4.853495	1.501117
51	-3.808668	-9.146505	1.493678
52	-3.808668	-8.146505	1.493678
53	-3.808668	-7.146505	1.493678
54	-3.808668	-6.146505	1.493678
55	-3.808668	-5.146505	1.493678
56	-3.808668	-3.146505	1.504470
57	-3.808668	-2.146505	1.504470
58	-3.808668	-1.146505	1.504470
59	-3.808668	-0.146505	1.504470
60	-3.808668	0.853495	1.504470
61	-3.808668	1.853495	1.501117
62	-3.808668	2.853495	1.501117
63	-3.808668	3.853495	1.501117
64	-3.808668	4.853495	1.501117
65	-2.808668	-10.146505	1.493678
66	-2.808668	-9.146505	1.493678
67	-2.808668	-7.146505	1.493678
68	-2.808668	-6.146505	1.493678
69	-2.808668	-5.146505	1.493678
70	-2.808668	-4.146505	1.493678
71	-2.808668	-3.146505	1.504470
72	-2.808668	-2.146505	1.504470
73	-2.808668	-1.146505	1.504470
74	-2.808668	-0.146505	1.504470
75	-2.808668	0.853495	1.504470
76	-2.808668	1.853495	1.501117
77	-2.808668	2.853495	1.501117
78	-2.808668	3.853495	1.501117
79	-2.808668	13.853495	1.063334
80	-1.808668	-10.146505	1.493678
81	-1.808668	-8.146505	1.493678
82	-1.808668	-7.146505	1.493678
83	-1.808668	-6.146505	1.493678
84	-1.808668	-5.146505	1.493678
85	-1.808668	-4.146505	1.493678
86	-1.808668	-3.146505	1.504470
87	-1.808668	-2.146505	1.504470
88	-1.808668	-1.146505	1.504470
89	-1.808668	-0.146505	1.504470
90	-1.808668	0.853495	1.504470
91	-1.808668	1.853495	1.504470
92	-1.808668	2.853495	1.504470
93	-1.808668	10.853495	1.063334
94	-1.808668	11.853495	1.063334
95	-1.808668	12.853495	1.063334
96	-1.808668	14.853495	1.034943
97	-0.808668	-10.146505	1.493678
98	-0.808668	-9.146505	1.493678
99	-0.808668	-7.146505	1.493678
100	-0.808668	-5.146505	1.493678
101	-0.808668	-4.146505	1.493678
102	-0.808668	-2.146505	1.064210
103	-0.808668	-1.146505	1.064210
104	-0.808668	-0.146505	1.055729
105	-0.808668	0.853495	1.055729
106	-0.808668	1.853495	1.055729
107	-0.808668	2.853495	1.055729
108	-0.808668	3.853495	1.052558
109	-0.808668	4.853495	1.052558
110	-0.808668	5.853495	1.052558
111	-0.808668	6.853495	1.052558
112	-0.808668	7.853495	1.052558
113	-0.808668	8.853495	1.063334
114	-0.808668	9.853495	1.063334
115	-0.808668	10.853495	1.063334
116	-0.808668	11.853495	1.063334
117	-0.808668	12.853495	1.063334
118	-0.808668	14.853495	1.034943
119	-0.808668	15.853495	1.034943
120	0.191332	-6.146505	1.064210
121	0.191332	-4.146505	1.064210
122	0.191332	-3.146505	1.064210
123	0.191332	-2.146505	1.064210
124	0.191332	-1.146505	1.064210
125	0.191332	-0.146505	1.055729
126	0.191332	0.853495	1.055729
127	0.191332	1.853495	1.055729
128	0.191332	2.853495	1.055729
129	0.191332	4.853495	1.052558
130	0.191332	5.853495	1.052558
131	0.191332	6.853495	1.052558
132	0.191332	7.853495	1.052558
133	0.191332	8.853495	1.063334
134	0.191332	9.853495	1.063334
135	0.191332	10.853495	1.063334
136	0.191332	11.853495	1.063334
137	0.191332	12.853495	1.063334
138	0.191332	13.853495	1.063334
139	0.191332	14.853495	1.034943
140	0.191332	15.853495	1.034943
141	0.191332	16.853495	1.034943
142	1.191332	-10.146505	1.025688
143	1.191332	-9.146505	1.025688
144	1.191332	-8.146505	1.025688
145	1.191332	-6.146505	1.064210
146	1.191332	-5.146505	1.064210
147	1.191332	-4.146505	1.064210
148	1.191332	-3.146505	1.064210
149	1.191332	-2.146505	1.064210
150	1.191332	-1.146505	1.064210
151	1.191332	-0.146505	1.055729
152	1.191332	0.853495	1.055729
153	1.191332	1.853495	1.055729
154	1.191332	2.853495	1.055729
155	1.191332	4.853495	1.052558
156	1.191332	5.853495	1.052558
157	1.191332	6.853495	1.052558
158	1.191332	7.853495	1.052558
159	1.191332	8.853495	1.063334
160	1.191332	9.853495	1.063334
161	1.191332	10.853495	1.063334
162	1.191332	11.853495	1.063334
163	1.191332	13.853495	1.063334
164	1.191332	14.853495	1.034943
165	1.191332	15.853495	1.034943
166	1.191332	16.853495	1.034943
167	2.191332	-10.146505	1.025688
168	2.191332	-8.146505	1.025688
169	2.191332	-7.146505	1.025688
170	2.191332	-6.146505	1.064210
171	2.191332	-5.146505	1.064210
172	2.191332	-4.146505	1.064210
173	2.191332	-3.146505	1.064210
174	2.191332	-2.146505	1.064210
175	2.191332	-1.146505	1.064210
176	2.191332	-0.146505	1.055729
177	2.191332	0.853495	1.055729
178	2.191332	1.853495	1.055729
179	2.191332	2.853495	1.055729
180	2.191332	3.853495	1.052558
181	2.191332	4.853495	1.052558
182	2.191332	5.853495	1.052558
183	2.191332	6.853495	1.052558
184	2.191332	7.853495	1.052558
185	2.191332	8.853495	1.063334
186	2.191332	9.853495	1.063334
187	2.191332	10.853495	1.063334
188	2.191332	11.853495	1.063334
189	2.191332	13.853495	1.063334
190	2.191332	14.853495	1.034943
191	2.191332	15.853495	1.034943
192	2.191332	16.853495	1.034943
193	3.191332	-10.146505	1.025688
194	3.191332	-9.146505	1.025688
195	3.191332	-8.146505	1.025688
196	3.191332	-7.146505	1.025688
197	3.191332	-6.146505	1.064210
198	3.191332	-5.146505	1.064210
199	3.191332	-4.146505	1.064210
200	3.191332	-3.146505	1.064210
201	3.191332	-2.146505	1.064210
202	3.191332	-1.146505	1.064210
203	3.191332	-0.146505	1.055729
204	3.191332	0.853495	1.055729
205	3.191332	1.853495	1.055729
206	3.191332	2.853495	1.055729
207	3.191332	5.853495	1.052558
208	3.191332	6.853495	1.052558
209	3.191332	7.853495	1.052558
210	3.191332	8.853495	1.063334
211	3.191332	9.853495	1.063334
212	3.191332	10.853495	1.063334
213	3.191332	11.853495	1.063334
214	3.191332	12.853495	1.063334
215	3.191332	13.853495	1.063334
216	3.191332	14.853495	1.034943
217	3.191332	15.853495	1.034943
218	3.191332	16.853495	1.034943
219	4.191332	-10.146505	1.025688
220	4.191332	-9.146505	1.025688
221	4.191332	-8.146505	1.025688
222	4.191332	-7.146505	1.025688
223	4.191332	-6.146505	1.025688
224	4.191332	-4.146505	1.064210
225	4.191332	-3.146505	1.064210
226	4.191332	-2.146505	1.064210
227	4.191332	-1.146505	1.064210
228	4.191332	-0.146505	1.055729
229	4.191332	0.853495	1.055729
230	4.191332	1.853495	1.055729
231	4.191332	5.853495	1.052558
232	4.191332	6.853495	1.052558
233	4.191332	7.853495	1.052558
234	4.191332	8.853495	1.063334
235	4.191332	9.853495	1.063334
236	4.191332	10.853495	1.063334
237	4.191332	12.853495	1.063334
238	4.191332	13.853495	1.063334
239	4.191332	14.853495	1.034943
240	4.191332	15.853495	1.034943
241	4.191332	16.853495	1.034943
242	5.191332	-10.146505	1.025688
243	5.191332	-9.146505	1.025688
244	5.191332	-8.146505	1.025688
245	5.191332	-7.146505	1.025688
246	5.191332	-6.146505	1.025688
247	5.191332	-5.146505	1.064210
248	5.191332	-4.146505	1.064210
249	5.191332	-3.146505	1.064210
250	5.191332	-1.146505	1.064210
251	5.191332	-0.146505	1.064210
252	5.191332	0.853495	1.064210
253	5.191332	1.853495	1.015554
254	5.191332	2.853495	1.015554
255	5.191332	5.853495	1.015554
256	5.191332	6.853495	1.015554
257	5.191332	8.853495	1.015554
258	5.191332	11.853495	1.063334
259	5.191332	12.853495	1.034943
260	5.191332	13.853495	1.034943
261	5.191332	14.853495	1.034943
262	5.191332	15.853495	1.034943
263	5.191332	16.853495	1.034943
264	6.191332	-10.146505	1.025688
265	6.191332	-9.146505	1.025688
266	6.191332	-8.146505	1.025688
267	6.191332	-7.146505	1.025688
268	6.191332	-6.146505	1.025688
269	6.191332	-5.146505	1.025688
270	6.191332	-4.146505	1.064210
271	6.191332	-3.146505	1.064210
272	6.191332	-0.146505	1.064210
273	6.191332	0.853495	1.064210
274	6.191332	1.853495	1.015554
275	6.191332	2.853495	1.015554
276	6.191332	3.853495	1.015554
277	6.191332	4.853495	1.015554
278	6.191332	5.853495	1.015554
279	6.191332	6.853495	1.015554
280	6.191332	7.853495	1.015554
281	6.191332	8.853495	1.015554
282	6.191332	9.853495	1.015554
283	6.191332	11.853495	1.034943
284	6.191332	12.853495	1.034943
285	6.191332	13.853495	1.034943
286	6.191332	14.853495	1.034943
287	6.191332	15.853495	1.034943
288	7.191332	-10.146505	1.025688
289	7.191332	-9.146505	1.025688
290	7.191332	-8.146505	1.025688
291	7.191332	-7.146505	1.025688
292	7.191332	-6.146505	1.025688
293	7.191332	-5.146505	1.025688
294	7.191332	-4.146505	1.025688
295	7.191332	-2.146505	1.015554
296	7.191332	-1.146505	1.015554
297	7.191332	-0.146505	1.015554
298	7.191332	0.853495	1.015554
299	7.191332	1.853495	1.015554
300	7.191332	2.853495	1.015554
301	7.191332	3.853495	1.015554
302	7.191332	4.853495	1.015554
303	7.191332	5.853495	1.015554
304	7.191332	6.853495	1.015554
305	7.191332	7.853495	1.015554
306	7.191332	8.853495	1.015554
307	7.191332	9.853495	1.015554
308	7.191332	10.853495	1.015554
309	7.191332	11.853495	1.034943
310	7.191332	12.853495	1.034943
311	7.191332	13.853495	1.034943
312	7.191332	14.853495	1.034943
313	7.191332	15.853495	1.034943
314	8.191332	-10.146505	1.025688
315	8.191332	-9.146505	1.025688
316	8.191332	-8.146505	1.025688
317	8.191332	-7.146505	1.025688
318	8.191332	-6.146505	1.025688
319	8.191332	-5.146505	1.025688
320	8.191332	-4.146505	1.025688
321	8.191332	-3.146505	1.025688
322	8.191332	-2.146505	1.113063
323	8.191332	-1.146505	1.113063
324	8.191332	-0.146505	1.113063
325	8.191332	0.853495	1.113063
326	8.191332	1.853495	1.113063
327	8.191332	2.853495	1.113063
328	8.191332	3.853495	1.113063
329	8.191332	4.853495	1.113063
330	8.191332	5.853495	1.015554
331	8.191332	6.853495	1.015554
332	8.191332	7.853495	1.015554
333	8.191332	8.853495	1.015554
334	8.191332	9.853495	1.015554
335	8.191332	10.853495	1.015554
336	8.191332	11.853495	1.034943
337	8.191332	12.853495	1.034943
338	8.191332	13.853495	1.034943
339	8.191332	14.853495	1.034943
340	9.191332	-10.146505	1.025688
341	9.191332	-9.146505	1.025688
342	9.191332	-8.146505	1.025688
343	9.191332	-7.146505	1.025688
344	9.191332	-6.146505	1.025688
345	9.191332	-5.146505	1.025688
346	9.191332	-4.146505	1.025688
347	9.191332	-3.146505	1.025688
348	9.191332	-2.146505	1.113063
349	9.191332	-1.146505	1.113063
350	9.191332	-0.146505	1.113063
351	9.191332	0.853495	1.113063
352	9.191332	1.853495	1.113063
353	9.191332	2.853495	1.113063
354	9.191332	3.853495	1.113063
355	9.191332	4.853495	1.113063
356	9.191332	5.853495	1.113063
357	9.191332	6.853495	1.113063
358	9.191332	7.853495	1.113063
359	9.191332	8.853495	1.113063
360	9.191332	9.853495	1.113063
361	9.191332	10.853495	1.034943
362	9.191332	11.853495	1.034943
363	9.191332	12.853495	1.034943
364	9.191332	13.853495	1.034943
365	9.191332	14.853495	1.034943
366	10.191332	-10.146505	1.025688
367	10.191332	-9.146505	1.025688
368	10.191332	-8.146505	1.025688
369	10.191332	-6.146505	1.025688
370	10.191332	-5.146505	1.025688
371	10.191332	-4.146505	1.025688
372	10.191332	-3.146505	1.113063
373	10.191332	-2.146505	1.113063
374	10.191332	-1.146505	1.113063
375	10.191332	-0.146505	1.113063
376	10.191332	0.853495	1.113063
377	10.191332	1.853495	1.113063
378	10.191332	2.853495	1.113063
379	10.191332	3.853495	1.113063
380	10.191332	4.853495	1.113063
381	10.191332	5.853495	1.113063
382	10.191332	6.853495	1.113063
383	10.191332	7.853495	1.113063
384	10.191332	8.853495	1.113063
385	10.191332	9.853495	1.113063
386	10.191332	10.853495	1.034943
387	10.191332	11.853495	1.034943
388	10.191332	12.853495	1.034943
389	10.191332	13.853495	1.034943
390	11.191332	-9.146505	1.025688
391	11.191332	-8.146505	1.025688
392	11.191332	-7.146505	1.025688
393	11.191332	-6.146505	1.025688
394	11.191332	-5.146505	1.025688
395	11.191332	-4.146505	1.113063
396	11.191332	-3.146505	1.113063
397	11.191332	-2.146505	1.113063
398	11.191332	-1.146505	1.113063
399	11.191332	-0.146505	1.113063
400	11.191332	0.853495	1.113063
401	11.191332	1.853495	1.113063
402	11.191332	2.853495	1.113063
403	11.191332	3.853495	1.113063
404	11.191332	4.853495	1.113063
405	11.191332	5.853495	1.113063
406	11.191332	6.853495	1.113063
407	11.191332	7.853495	1.113063
408	11.191332	8.853495	1.113063
409	11.191332	9.853495	1.113063
410	12.191332	-9.146505	1.025688
411	12.191332	-8.146505	1.025688
412	12.191332	-7.146505	1.025688
413	12.191332	-6.146505	1.025688
414	12.191332	-5.146505	1.025688
415	12.191332	-4.146505	1.113063
416	12.191332	-3.146505	1.113063
417	12.191332	-2.146505	1.113063
418	12.191332	-1.146505	1.113063
419	12.191332	-0.146505	1.113063
420	12.191332	0.853495	1.113063
421	12.191332	1.853495	1.113063
422	12.191332	2.853495	1.113063
423	12.191332	3.853495	1.113063
424	12.191332	4.853495	1.113063
425	12.191332	5.853495	1.113063
426	12.191332	6.853495	1.113063
427	12.191332	7.853495	1.113063
428	12.191332	8.853495	1.113063
429	12.191332	9.853495	1.113063
430	13.191332	-6.146505	1.113063
431	13.191332	-5.146505	1.113063
432	13.191332	-4.146505	1.113063
433	13.191332	-3.146505	1.113063
434	13.191332	-2.146505	1.113063
435	13.191332	-1.146505	1.113063
436	13.191332	-0.146505	1.113063
437	13.191332	0.853495	1.113063
438	13.191332	1.853495	1.113063
439	13.191332	2.853495	1.113063
440	13.191332	3.853495	1.113063
441	13.191332	4.853495	1.113063
442	13.191332	5.853495	1.113063
443	13.191332	6.853495	1.113063
444	13.191332	7.853495	1.113063
445	13.191332	8.853495	1.113063
446	13.191332	9.853495	1.113063
447	14.191332	-6.146505	1.113063
448	14.191332	-5.146505	1.113063
449	14.191332	-4.146505	1.113063
450	14.191332	-3.146505	1.113063
451	14.191332	-2.146505	1.113063
452	14.191332	-1.146505	1.113063
453	14.191332	-0.146505	1.113063
454	14.191332	0.853495	1.113063
455	14.191332	1.853495	1.113063
456	14.191332	2.853495	1.113063
457	14.191332	3.853495	1.113063
458	14.191332	4.853495	1.113063
459	14.191332	5.853495	1.113063
460	14.191332	6.853495	1.113063
461	14.191332	7.853495	1.113063
462	14.191332	8.853495	1.113063
463	15.191332	-6.146505	1.113063
464	15.191332	-5.146505	1.113063
465	15.191332	-4.146505	1.113063
466	15.191332	-3.146505	1.113063
467	15.191332	-2.146505	1.113063
468	15.191332	-1.146505	1.113063
469	15.191332	-0.146505	1.113063
470	15.191332	0.853495	1.113063
471	15.191332	1.853495	1.113063
472	15.191332	2.853495	1.113063
473	15.191332	3.853495	1.113063
474	15.191332	4.853495	1.113063
475	15.191332	5.853495	1.113063
476	15.191332	6.853495	1.113063
477	15.191332	7.853495	1.113063
478	16.191332	-9.146505	0.591550
479	16.191332	-8.146505	0.591550
480	16.191332	-7.146505	0.591550
481	16.191332	-6.146505	0.591550
482	16.191332	-5.146505	0.591550
483	16.191332	-4.146505	0.591550
484	16.191332	-3.146505	0.591550
485	16.191332	-2.146505	0.591550
486	16.191332	-1.146505	0.591550
487	16.191332	-0.146505	0.591550
488	16.191332	0.853495	0.591550
489	16.191332	1.853495	1.113063
490	16.191332	2.853495	1.113063
491	16.191332	3.853495	1.113063
492	16.191332	4.853495	1.113063
493	16.191332	5.853495	1.113063
494	16.191332	6.853495	1.113063
495	17.191332	-8.146505	0.591550
496	17.191332	-7.146505	0.591550
497	17.191332	-6.146505	0.591550
498	17.191332	-5.146505	0.591550
499	17.191332	-4.146505	0.591550
500	17.191332	-3.146505	0.591550
501	17.191332	-2.146505	0.591550
502	17.191332	-1.146505	0.591550
503	17.191332	-0.146505	0.591550
504	17.191332	0.853495	0.591550
505	17.191332	1.853495	0.591550
506	17.191332	2.853495	0.591550
507	17.191332	3.853495	0.591550
508	17.191332	4.853495	1.113063
509	18.191332	-8.146505	0.591550
510	18.191332	-7.146505	0.591550
511	18.191332	-6.146505	0.591550
512	18.191332	-5.146505	0.591550
513	18.191332	-4.146505	0.591550
514	18.191332	-3.146505	0.591550
515	18.191332	-2.146505	0.591550
516	18.191332	-1.146505	0.591550
517	18.191332	-0.146505	0.591550
518	18.191332	0.853495	0.591550
519	18.191332	1.853495	0.591550
520	18.191332	2.853495	0.591550
521	18.191332	3.853495	0.591550
522	18.191332	4.853495	0.591550
523	19.191332	-8.146505	0.591550
524	19.191332	-7.146505	0.591550
525	19.191332	-6.146505	0.591550
526	19.191332	-5.146505	0.591550
527	19.191332	-4.146505	0.591550
528	19.191332	-3.146505	0.591550
529	19.191332	-2.146505	0.591550
530	19.191332	-1.146505	0.591550
531	19.191332	-0.146505	0.591550
532	19.191332	0.853495	0.591550
533	19.191332	1.853495	0.591550
534	19.191332	2.853495	0.591550
535	19.191332	3.853495	0.591550
536	20.191332	-8.146505	0.591550
537	20.191332	-7.146505	0.591550
538	20.191332	-6.146505	0.591550
539	20.191332	-5.146505	0.591550
540	20.191332	-4.146505	0.591550
541	20.191332	-3.146505	0.591550
542	20.191332	-2.146505	0.591550
543	20.191332	-1.146505	0.591550
544	20.191332	-0.146505	0.591550
545	20.191332	0.853495	0.591550
546	20.191332	1.853495	0.591550
547	20.191332	2.853495	0.591550
548	21.191332	-6.146505	0.591550
549	21.191332	-5.146505	0.591550
550	21.191332	-4.146505	0.591550
551	21.191332	-3.146505	0.591550
552	21.191332	-2.146505	0.591550
553	21.191332	-1.146505	0.591550
554	21.191332	-0.146505	0.591550
555	-26.808668	-6.146505	5.183300
556	-25.808668	-9.146505	5.183300
557	-25.808668	-8.146505	5.183300
558	-25.808668	-7.146505	5.183300
559	-25.808668	-6.146505	5.183300
560	-25.808668	-5.146505	5.183300
561	-24.808668	-10.146505	5.183300
562	-24.808668	-9.146505	5.183300
563	-24.808668	-8.146505	5.183300
564	-24.808668	-7.146505	5.183300
565	-24.808668	-6.146505	5.183300
566	-24.808668	-5.146505	5.183300
567	-24.808668	-4.146505	5.183300
568	-23.808668	-10.146505	5.183300
569	-23.808668	-9.146505	5.183300
570	-23.808668	-8.146505	5.183300
571	-23.808668	-7.146505	5.183300
572	-23.808668	-6.146505	5.183300
573	-23.808668	-5.146505	5.183300
574	-23.808668	-4.146505	5.183300
575	-23.808668	-3.146505	5.183300
576	-22.808668	-10.146505	5.183300
577	-22.808668	-9.146505	5.183300
578	-22.808668	-8.146505	5.183300
579	-22.808668	-7.146505	5.183300
580	-22.808668	-6.146505	5.183300
581	-22.808668	-5.146505	5.183300
582	-22.808668	-4.146505	5.183300
583	-22.808668	-3.146505	5.183300
584	-22.808668	-2.146505	5.183300
585	-22.808668	-1.146505	5.183300
586	-21.808668	-10.146505	5.183300
587	-21.808668	-9.146505	5.183300
588	-21.808668	-8.146505	5.183300
589	-21.808668	-7.146505	5.183300
590	-21.808668	-6.146505	5.183300
591	-21.808668	-5.146505	5.183300
592	-21.808668	-4.146505	5.183300
593	-21.808668	-3.146505	5.183300
594	-21.808668	-2.146505	5.183300
595	-21.808668	-1.146505	5.183300
596	-20.808668	-10.146505	5.183300
597	-20.808668	-9.146505	5.183300
598	-20.808668	-8.146505	5.183300
599	-20.808668	-7.146505	5.183300
600	-20.808668	-6.146505	5.183300
601	-20.808668	-5.146505	5.183300
602	-20.808668	-4.146505	5.183300
603	-20.808668	-3.146505	5.183300
604	-20.808668	-2.146505	5.183300
605	-20.808668	-1.146505	5.183300
606	-20.808668	-0.146505	5.183300
607	-19.808668	-10.146505	5.183300
608	-19.808668	-9.146505	5.183300
609	-19.808668	-8.146505	5.183300
610	-19.808668	-7.146505	5.183300
611	-19.808668	-6.146505	5.183300
612	-19.808668	-5.146505	5.183300
613	-19.808668	-4.146505	5.183300
614	-19.808668	-3.146505	5.183300
615	-19.808668	-2.146505	5.183300
616	-19.808668	-1.146505	5.183300
617	-19.808668	-0.146505	5.183300
618	-19.808668	0.853495	5.183300
619	-18.808668	-10.146505	5.183300
620	-18.808668	-9.146505	5.183300
621	-18.808668	-8.146505	5.183300
622	-18.808668	-7.146505	5.183300
623	-18.808668	-6.146505	5.183300
624	-18.808668	-5.146505	5.183300
625	-18.808668	-4.146505	5.183300
626	-18.808668	-3.146505	5.183300
627	-18.808668	-2.146505	5.183300
628	-18.808668	-1.146505	5.183300
629	-18.808668	-0.146505	5.183300
630	-18.808668	0.853495	5.183300
631	-18.808668	1.853495	5.183300
632	-17.808668	-10.146505	5.183300
633	-17.808668	-9.146505	5.183300
634	-17.808668	-8.146505	5.183300
635	-17.808668	-7.146505	5.183300
636	-17.808668	-6.146505	5.183300
637	-17.808668	-5.146505	5.183300
638	-17.808668	-4.146505	5.183300
639	-17.808668	-3.146505	5.183300
640	-17.808668	-2.146505	5.183300
641	-17.808668	-1.146505	5.183300
642	-17.808668	-0.146505	5.183300
643	-17.808668	0.853495	5.183300
644	-17.808668	1.853495	5.183300
645	-17.808668	2.853495	5.183300
646	-16.808668	-10.146505	5.183300
647	-16.808668	-9.146505	5.183300
648	-16.808668	-8.146505	5.183300
649	-16.808668	-7.146505	5.183300
650	-16.808668	-6.146505	5.183300
651	-16.808668	-5.146505	5.183300
652	-16.808668	-4.146505	5.183300
653	-16.808668	-3.146505	5.183300
654	-16.808668	-2.146505	5.183300
655	-16.808668	-1.146505	5.183300
656	-16.808668	-0.146505	5.183300
657	-16.808668	0.853495	5.183300
658	-16.808668	1.853495	5.183300
659	-16.808668	2.853495	5.183300
660	-16.808668	3.853495	5.183300
661	-15.808668	-10.146505	5.183300
662	-15.808668	-9.146505	5.183300
663	-15.808668	-8.146505	5.183300
664	-15.808668	-7.146505	5.183300
665	-15.808668	-6.146505	5.183300
666	-15.808668	-5.146505	5.183300
667	-15.808668	-4.146505	5.183300
668	-15.808668	-3.146505	5.183300
669	-15.808668	-2.146505	5.183300
670	-15.808668	-1.146505	5.183300
671	-15.808668	-0.146505	5.183300
672	-15.808668	0.853495	5.183300
673	-15.808668	1.853495	5.183300
674	-15.808668	2.853495	5.183300
675	-15.808668	3.853495	5.183300
676	-14.808668	-10.146505	5.183300
677	-14.808668	-9.146505	5.183300
678	-14.808668	-8.146505	5.183300
679	-14.808668	-7.146505	5.183300
680	-14.808668	-6.146505	5.183300
681	-14.808668	-5.146505	5.183300
682	-14.808668	-4.146505	5.183300
683	-14.808668	-3.146505	5.183300
684	-14.808668	-2.146505	5.183300
685	-14.808668	-1.146505	5.183300
686	-14.808668	-0.146505	5.183300
687	-14.808668	0.853495	5.183300
688	-14.808668	1.853495	5.183300
689	-14.808668	2.853495	5.183300
690	-14.808668	3.853495	5.183300
691	-14.808668	4.853495	5.183300
692	-13.808668	-10.146505	5.183300
693	-13.808668	-9.146505	5.183300
694	-13.808668	-8.146505	5.183300
695	-13.808668	-7.146505	5.183300
696	-13.808668	-6.146505	5.183300
697	-13.808668	-5.146505	5.183300
698	-13.808668	-4.146505	5.183300
699	-13.808668	-3.146505	5.183300
700	-13.808668	-2.146505	5.183300
701	-13.808668	-1.146505	5.183300
702	-13.808668	-0.146505	5.183300
703	-13.808668	0.853495	5.183300
704	-13.808668	1.853495	5.183300
705	-13.808668	2.853495	5.183300
706	-13.808668	3.853495	5.183300
707	-13.808668	4.853495	5.183300
708	-12.808668	-10.146505	5.183300
709	-12.808668	-9.146505	5.183300
710	-12.808668	-8.146505	5.183300
711	-12.808668	-7.146505	5.183300
712	-12.808668	-6.146505	5.183300
713	-12.808668	-5.146505	5.183300
714	-12.808668	-4.146505	5.183300
715	-12.808668	-3.146505	5.183300
716	-12.808668	-2.146505	5.183300
717	-12.808668	-1.146505	5.183300
718	-12.808668	-0.146505	5.183300
719	-12.808668	0.853495	5.183300
720	-12.808668	1.853495	5.183300
721	-12.808668	2.853495	5.183300
722	-12.808668	3.853495	5.183300
723	-12.808668	4.853495	5.183300
724	-11.808668	-10.146505	5.183300
725	-11.808668	-9.146505	5.183300
726	-11.808668	-8.146505	5.183300
727	-11.808668	-7.146505	5.183300
728	-11.808668	-6.146505	5.183300
729	-11.808668	-5.146505	5.183300
730	-11.808668	-4.146505	5.183300
731	-11.808668	-3.146505	5.183300
732	-11.808668	-2.146505	5.183300
733	-11.808668	-1.146505	5.183300
734	-11.808668	-0.146505	5.183300
735	-11.808668	0.853495	5.183300
736	-11.808668	1.853495	5.183300
737	-11.808668	2.853495	5.183300
738	-11.808668	3.853495	5.183300
739	-11.808668	4.853495	5.183300
740	-10.808668	-10.146505	5.183300
741	-10.808668	-9.146505	5.183300
742	-10.808668	-8.146505	5.183300
743	-10.808668	-7.146505	5.183300
744	-10.808668	-6.146505	5.183300
745	-10.808668	-5.146505	5.183300
746	-10.808668	-4.146505	5.183300
747	-10.808668	-3.146505	5.183300
748	-10.808668	-2.146505	5.183300
749	-10.808668	-1.146505	5.183300
750	-10.808668	-0.146505	5.183300
751	-10.808668	0.853495	5.183300
752	-10.808668	1.853495	5.183300
753	-10.808668	2.853495	5.183300
754	-10.808668	3.853495	5.183300
755	-10.808668	4.853495	5.183300
756	-9.808668	-10.146505	5.183300
757	-9.808668	-9.146505	5.183300
758	-9.808668	-8.146505	5.183300
759	-9.808668	-7.146505	5.183300
760	-9.808668	-6.146505	5.183300
761	-9.808668	-5.146505	5.183300
762	-9.808668	-4.146505	5.183300
763	-9.808668	-3.146505	5.183300
764	-9.808668	-2.146505	5.183300
765	-9.808668	-1.146505	5.183300
766	-9.808668	-0.146505	5.183300
767	-9.808668	0.853495	5.183300
768	-9.808668	1.853495	5.183300
769	-9.808668	2.853495	5.183300
770	-9.808668	3.853495	5.183300
771	-9.808668	4.853495	5.183300
772	-8.808668	-10.146505	5.183300
773	-8.808668	-9.146505	5.183300
774	-8.808668	-8.146505	5.183300
775	-8.808668	-7.146505	5.183300
776	-8.808668	-6.146505	5.183300
777	-8.808668	-5.146505	5.183300
778	-8.808668	-4.146505	5.183300
779	-8.808668	-3.146505	5.183300
780	-8.808668	-2.146505	5.183300
781	-8.808668	-1.146505	5.183300
782	-8.808668	-0.146505	5.183300
783	-8.808668	0.853495	5.183300
784	-8.808668	1.853495	5.183300
785	-8.808668	2.853495	5.183300
786	-8.808668	3.853495	5.183300
787	-8.808668	4.853495	5.183300
788	-7.808668	-10.146505	5.183300
789	-7.808668	-9.146505	5.183300
790	-7.808668	-8.146505	5.183300
791	-7.808668	-7.146505	5.183300
792	-7.808668	-6.146505	5.183300
793	-7.808668	-5.146505	5.183300
794	-7.808668	-4.146505	5.183300
795	-7.808668	-3.146505	5.183300
796	-7.808668	-2.146505	5.183300
797	-7.808668	-1.146505	5.183300
798	-7.808668	-0.146505	5.183300
799	-7.808668	0.853495	5.183300
800	-7.808668	1.853495	5.183300
801	-7.808668	2.853495	5.183300
802	-7.808668	3.853495	5.183300
803	-7.808668	4.853495	5.183300
804	-6.808668	-10.146505	5.183300
805	-6.808668	-9.146505	5.183300
806	-6.808668	-8.146505	5.183300
807	-6.808668	-7.146505	5.183300
808	-6.808668	-6.146505	5.183300
809	-6.808668	-5.146505	5.183300
810	-6.808668	-4.146505	5.183300
811	-6.808668	-3.146505	5.183300
812	-6.808668	-2.146505	5.183300
813	-6.808668	-1.146505	5.183300
814	-6.808668	-0.146505	5.183300
815	-6.808668	2.853495	4.969620
816	-6.808668	4.853495	4.969620
817	-5.808668	-10.146505	5.183300
818	-5.808668	-9.146505	5.183300
819	-5.808668	-8.146505	5.183300
820	-5.808668	-7.146505	5.183300
821	-5.808668	-6.146505	5.183300
822	-5.808668	-5.146505	5.183300
823	-5.808668	-4.146505	5.183300
824	-5.808668	-3.146505	5.183300
825	-5.808668	-2.146505	5.183300
826	-5.808668	-1.146505	5.183300
827	-5.808668	-0.146505	5.183300
828	-5.808668	1.853495	4.969620
829	-5.808668	2.853495	4.969620
830	-5.808668	3.853495	4.969620
831	-5.808668	4.853495	4.969620
832	-4.808668	-10.146505	5.183300
833	-4.808668	-9.146505	5.183300
834	-4.808668	-8.146505	5.183300
835	-4.808668	-7.146505	5.183300
836	-4.808668	-6.146505	5.183300
837	-4.808668	-4.146505	5.183300
838	-4.808668	-3.146505	5.183300
839	-4.808668	-2.146505	5.183300
840	-4.808668	-1.146505	5.183300
841	-4.808668	-0.146505	5.183300
842	-4.808668	1.853495	4.969620
843	-4.808668	2.853495	4.969620
844	-4.808668	3.853495	4.969620
845	-4.808668	4.853495	4.969620
846	-3.808668	-7.146505	4.770320
847	-3.808668	-6.146505	4.770320
848	-3.808668	-5.146505	4.770320
849	-3.808668	-4.146505	4.770320
850	-3.808668	-2.146505	4.770320
851	-3.808668	-0.146505	4.770320
852	-3.808668	0.853495	4.969620
853	-3.808668	1.853495	4.969620
854	-3.808668	2.853495	4.969620
855	-3.808668	3.853495	4.969620
856	-3.808668	4.853495	4.969620
857	-3.808668	9.853495	4.770320
858	-3.808668	10.853495	4.770320
859	-3.808668	11.853495	4.770320
860	-3.808668	12.853495	4.770320
861	-2.808668	-7.146505	4.770320
862	-2.808668	-6.146505	4.770320
863	-2.808668	-4.146505	4.770320
864	-2.808668	-3.146505	4.770320
865	-2.808668	-2.146505	4.770320
866	-2.808668	-1.146505	4.770320
867	-2.808668	-0.146505	4.770320
868	-2.808668	0.853495	4.770320
869	-2.808668	1.853495	4.770320
870	-2.808668	2.853495	4.770320
871	-2.808668	3.853495	4.770320
872	-2.808668	4.853495	4.770320
873	-2.808668	5.853495	4.770320
874	-2.808668	6.853495	4.770320
875	-2.808668	7.853495	4.770320
876	-2.808668	8.853495	4.770320
877	-2.808668	9.853495	4.770320
878	-2.808668	10.853495	4.770320
879	-1.808668	-7.146505	4.770320
880	-1.808668	-5.146505	4.770320
881	-1.808668	-4.146505	4.770320
882	-1.808668	-3.146505	4.770320
883	-1.808668	-2.146505	4.770320
884	-1.808668	-1.146505	4.770320
885	-1.808668	-0.146505	4.770320
886	-1.808668	0.853495	4.770320
887	-1.808668	1.853495	4.770320
888	-1.808668	2.853495	4.770320
889	-1.808668	3.853495	4.788200
890	-1.808668	5.853495	4.788200
891	-1.808668	6.853495	4.788200
892	-1.808668	12.853495	4.770320
893	-0.808668	-7.146505	4.770320
894	-0.808668	-6.146505	4.770320
895	-0.808668	-5.146505	4.770320
896	-0.808668	-4.146505	4.770320
897	-0.808668	-3.146505	4.770320
898	-0.808668	-2.146505	4.770320
899	-0.808668	-1.146505	4.770320
900	-0.808668	-0.146505	4.770320
901	-0.808668	0.853495	4.770320
902	-0.808668	1.853495	4.770320
903	-0.808668	2.853495	4.770320
904	-0.808668	4.853495	4.788200
905	-0.808668	5.853495	4.788200
906	-0.808668	6.853495	4.788200
907	-0.808668	7.853495	4.788200
908	-0.808668	9.853495	4.805910
909	-0.808668	11.853495	4.813280
910	-0.808668	13.853495	4.813280
911	0.191332	-10.146505	4.798310
912	0.191332	-8.146505	4.798310
913	0.191332	-6.146505	4.770320
914	0.191332	-4.146505	4.770320
915	0.191332	-3.146505	4.770320
916	0.191332	-2.146505	4.770320
917	0.191332	-1.146505	4.770320
918	0.191332	-0.146505	4.770320
919	0.191332	0.853495	4.770320
920	0.191332	1.853495	4.770320
921	0.191332	2.853495	4.770320
922	0.191332	3.853495	4.788200
923	0.191332	4.853495	4.788200
924	0.191332	5.853495	4.788200
925	0.191332	6.853495	4.788200
926	0.191332	7.853495	4.788200
927	0.191332	9.853495	4.805910
928	0.191332	11.853495	4.813280
929	0.191332	12.853495	4.813280
930	1.191332	-10.146505	4.798310
931	1.191332	-9.146505	4.798310
932	1.191332	-8.146505	4.798310
933	1.191332	-6.146505	4.770320
934	1.191332	-5.146505	4.770320
935	1.191332	-4.146505	4.770320
936	1.191332	-3.146505	4.770320
937	1.191332	-2.146505	4.770320
938	1.191332	-1.146505	4.770320
939	1.191332	-0.146505	4.770320
940	1.191332	0.853495	4.770320
941	1.191332	1.853495	4.770320
942	1.191332	2.853495	4.770320
943	1.191332	3.853495	4.770320
944	1.191332	4.853495	4.805260
945	1.191332	5.853495	4.805260
946	1.191332	6.853495	4.805260
947	1.191332	7.853495	4.805260
948	1.191332	8.853495	4.805260
949	1.191332	9.853495	4.805260
950	1.191332	10.853495	4.813280
951	1.191332	12.853495	4.813280
952	1.191332	13.853495	4.813280
953	2.191332	-9.146505	4.798310
954	2.191332	-8.146505	4.798310
955	2.191332	-7.146505	4.798310
956	2.191332	-5.146505	4.770320
957	2.191332	-4.146505	4.770320
958	2.191332	-3.146505	4.770320
959	2.191332	-2.146505	4.770320
960	2.191332	-1.146505	4.770320
961	2.191332	-0.146505	4.770320
962	2.191332	0.853495	4.770320
963	2.191332	1.853495	4.770320
964	2.191332	2.853495	4.770320
965	2.191332	3.853495	4.770320
966	2.191332	4.853495	4.805260
967	2.191332	5.853495	4.805260
968	2.191332	6.853495	4.805260
969	2.191332	7.853495	4.805260
970	2.191332	8.853495	4.805260
971	2.191332	9.853495	4.805260
972	2.191332	10.853495	4.805260
973	2.191332	11.853495	4.805260
974	3.191332	-10.146505	4.798310
975	3.191332	-9.146505	4.798310
976	3.191332	-8.146505	4.798310
977	3.191332	-5.146505	4.743530
978	3.191332	-3.146505	4.743530
979	3.191332	4.853495	4.805260
980	3.191332	5.853495	4.805260
981	3.191332	6.853495	4.805260
982	3.191332	7.853495	4.805260
983	3.191332	8.853495	4.805260
984	3.191332	9.853495	4.805260
985	3.191332	10.853495	4.805260
986	3.191332	11.853495	4.805260
987	3.191332	12.853495	4.805260
988	4.191332	-10.146505	4.798310
989	4.191332	-7.146505	4.798310
990	4.191332	-6.146505	4.743530
991	4.191332	-4.146505	4.743530
992	4.191332	-3.146505	4.743530
993	4.191332	5.853495	4.805260
994	4.191332	6.853495	4.805260
995	4.191332	7.853495	4.805260
996	4.191332	8.853495	4.805260
997	4.191332	9.853495	4.805260
998	4.191332	10.853495	4.805260
999	4.191332	11.853495	4.805260
1000	4.191332	12.853495	4.805260
1001	5.191332	-8.146505	4.743530
1002	5.191332	-7.146505	4.743530
1003	5.191332	-6.146505	4.743530
1004	5.191332	-5.146505	4.743530
1005	5.191332	-4.146505	4.743530
1006	5.191332	5.853495	4.805260
1007	5.191332	6.853495	4.805260
1008	5.191332	7.853495	4.805260
1009	5.191332	8.853495	4.805260
1010	5.191332	9.853495	4.805260
1011	5.191332	10.853495	4.805260
1012	5.191332	11.853495	4.805260
1013	5.191332	12.853495	4.805260
1014	6.191332	-9.146505	4.743530
1015	6.191332	-7.146505	4.743530
1016	6.191332	-6.146505	4.743530
1017	6.191332	-5.146505	4.743530
1018	6.191332	-4.146505	4.743530
1019	7.191332	-9.146505	4.743530
1020	7.191332	-7.146505	4.743530
1021	7.191332	-6.146505	4.743530
1022	7.191332	-5.146505	4.743530
1023	7.191332	-4.146505	4.743530
1024	7.191332	-3.146505	4.743530
1025	8.191332	-9.146505	4.743530
1026	8.191332	-8.146505	4.743530
1027	8.191332	-7.146505	4.743530
1028	8.191332	-6.146505	4.743530
1029	8.191332	-4.146505	4.743530
1030	8.191332	-3.146505	4.743530
1031	9.191332	-9.146505	4.743530
1032	9.191332	-8.146505	4.743530
1033	9.191332	-7.146505	4.743530
1034	9.191332	-5.146505	4.743530
1035	9.191332	-4.146505	4.743530
1036	9.191332	-3.146505	4.743530
1037	-4.808668	-7.146505	8.165100
1038	-4.808668	-6.146505	8.165100
1039	-4.808668	-5.146505	8.165100
1040	-4.808668	-4.146505	8.165100
1041	-4.808668	-3.146505	8.165100
1042	-4.808668	-2.146505	8.165100
1043	-4.808668	-1.146505	8.165100
1044	-4.808668	-0.146505	8.165100
1045	-4.808668	0.853495	8.165100
1046	-4.808668	1.853495	8.165100
1047	-4.808668	2.853495	8.165100
1048	-4.808668	3.853495	8.165100
1049	-3.808668	-7.146505	8.165100
1050	-3.808668	-6.146505	8.165100
1051	-3.808668	-5.146505	8.165100
1052	-3.808668	-4.146505	8.165100
1053	-3.808668	-3.146505	8.165100
1054	-3.808668	-2.146505	8.165100
1055	-3.808668	-1.146505	8.165100
1056	-3.808668	-0.146505	8.165100
1057	-3.808668	0.853495	8.165100
1058	-3.808668	2.853495	8.165100
1059	-3.808668	3.853495	8.165100
1060	-3.808668	5.853495	8.184450
1061	-3.808668	6.853495	8.184450
1062	-3.808668	7.853495	8.184450
1063	-3.808668	8.853495	8.184450
1064	-3.808668	9.853495	8.184450
1065	-3.808668	10.853495	8.184450
1066	-3.808668	11.853495	8.184450
1067	-2.808668	-7.146505	8.165100
1068	-2.808668	-6.146505	8.165100
1069	-2.808668	-5.146505	8.165100
1070	-2.808668	-4.146505	8.165100
1071	-2.808668	-3.146505	8.165100
1072	-2.808668	-2.146505	8.165100
1073	-2.808668	-1.146505	8.165100
1074	-2.808668	-0.146505	8.165100
1075	-2.808668	0.853495	8.165100
1076	-2.808668	1.853495	8.165100
1077	-2.808668	2.853495	8.165100
1078	-2.808668	3.853495	8.165100
1079	-2.808668	5.853495	8.184450
1080	-2.808668	6.853495	8.184450
1081	-2.808668	7.853495	8.184450
1082	-2.808668	8.853495	8.184450
1083	-2.808668	10.853495	8.184450
1084	-1.808668	-7.146505	8.165100
1085	-1.808668	-6.146505	8.165100
1086	-1.808668	-5.146505	8.165100
1087	-1.808668	-4.146505	8.165100
1088	-1.808668	-3.146505	8.165100
1089	-1.808668	-2.146505	8.165100
1090	-1.808668	3.853495	8.165100
1091	-1.808668	5.853495	8.184450
1092	-1.808668	6.853495	8.184450
1093	-1.808668	7.853495	8.184450
1094	-1.808668	8.853495	8.184450
1095	-1.808668	9.853495	8.184450
1096	-1.808668	10.853495	8.184450
1097	-1.808668	11.853495	8.184450
1098	-1.808668	12.853495	8.184450
1099	-0.808668	-10.146505	8.147270
1100	-0.808668	-8.146505	8.147270
1101	-0.808668	-7.146505	8.165100
1102	-0.808668	-6.146505	8.165100
1103	-0.808668	-5.146505	8.165100
1104	-0.808668	-4.146505	8.165100
1105	-0.808668	-3.146505	8.165100
1106	-0.808668	-1.146505	8.169730
1107	-0.808668	-0.146505	8.169730
1108	-0.808668	0.853495	8.168640
1109	-0.808668	1.853495	8.168640
1110	-0.808668	2.853495	8.168640
1111	-0.808668	12.853495	8.184450
1112	0.191332	-9.146505	8.147270
1113	0.191332	-8.146505	8.147270
1114	0.191332	-6.146505	8.165100
1115	0.191332	-4.146505	8.165100
1116	0.191332	-3.146505	8.165100
1117	0.191332	-2.146505	8.165100
1118	0.191332	-1.146505	8.169730
1119	0.191332	-0.146505	8.169730
1120	0.191332	2.853495	8.168640
1121	0.191332	4.853495	8.171530
1122	0.191332	5.853495	8.171530
1123	0.191332	6.853495	8.171530
1124	0.191332	7.853495	8.171530
1125	0.191332	8.853495	8.171530
1126	1.191332	-10.146505	8.147270
1127	1.191332	-9.146505	8.147270
1128	1.191332	-7.146505	8.165100
1129	1.191332	-6.146505	8.165100
1130	1.191332	-5.146505	8.165100
1131	1.191332	-4.146505	8.165100
1132	1.191332	-3.146505	8.165100
1133	1.191332	-1.146505	8.190570
1134	1.191332	0.853495	8.190570
1135	1.191332	2.853495	8.190570
1136	1.191332	4.853495	8.171530
1137	1.191332	5.853495	8.171530
1138	1.191332	6.853495	8.171530
1139	1.191332	7.853495	8.171530
1140	1.191332	8.853495	8.171530
1141	2.191332	-9.146505	8.147270
1142	2.191332	-8.146505	8.173170
1143	2.191332	-7.146505	8.173170
1144	2.191332	-6.146505	8.173170
1145	2.191332	-5.146505	8.173170
1146	2.191332	-3.146505	8.190570
1147	2.191332	-1.146505	8.190570
1148	2.191332	-0.146505	8.190570
1149	2.191332	0.853495	8.190570
1150	2.191332	1.853495	8.190570
1151	2.191332	2.853495	8.190570
1152	2.191332	5.853495	8.171530
1153	2.191332	6.853495	8.171530
1154	2.191332	7.853495	8.171530
1155	2.191332	8.853495	8.171530
1156	3.191332	-8.146505	8.173170
1157	3.191332	-7.146505	8.173170
1158	3.191332	-6.146505	8.173170
1159	3.191332	-5.146505	8.173170
1160	3.191332	-4.146505	8.173170
1161	3.191332	-3.146505	8.190570
1162	3.191332	-2.146505	8.190570
1163	3.191332	-1.146505	8.190570
1164	3.191332	-0.146505	8.190570
1165	3.191332	0.853495	8.190570
1166	3.191332	1.853495	8.190570
1167	3.191332	2.853495	8.190570
1168	3.191332	4.853495	8.149900
1169	3.191332	5.853495	8.149900
1170	3.191332	6.853495	8.149900
1171	3.191332	7.853495	8.149900
1172	3.191332	8.853495	8.149900
1173	4.191332	-8.146505	8.173170
1174	4.191332	-7.146505	8.173170
1175	4.191332	-6.146505	8.173170
1176	4.191332	-5.146505	8.173170
1177	4.191332	-2.146505	8.190570
1178	4.191332	-1.146505	8.190570
1179	4.191332	-0.146505	8.190570
1180	4.191332	0.853495	8.190570
1181	4.191332	1.853495	8.190570
1182	4.191332	2.853495	8.190570
1183	4.191332	3.853495	8.190570
1184	4.191332	4.853495	8.149900
1185	4.191332	5.853495	8.149900
1186	4.191332	6.853495	8.149900
1187	4.191332	7.853495	8.149900
1188	4.191332	8.853495	8.149900
1189	5.191332	-4.146505	8.190570
1190	5.191332	-2.146505	8.190570
1191	5.191332	-1.146505	8.190570
1192	5.191332	-0.146505	8.190570
1193	5.191332	0.853495	8.190570
1194	5.191332	1.853495	8.190570
1195	5.191332	2.853495	8.190570
1196	5.191332	3.853495	8.190570
1197	5.191332	4.853495	8.149900
1198	5.191332	5.853495	8.149900
1199	5.191332	6.853495	8.149900
1200	5.191332	7.853495	8.149900
1201	5.191332	8.853495	8.149900
1202	6.191332	-4.146505	8.190570
1203	6.191332	-3.146505	8.190570
1204	6.191332	-2.146505	8.190570
1205	6.191332	-1.146505	8.190570
1206	6.191332	-0.146505	8.190570
1207	6.191332	0.853495	8.190570
1208	6.191332	1.853495	8.190570
1209	6.191332	3.853495	8.190570
1210	7.191332	-4.146505	8.190570
1211	7.191332	-3.146505	8.190570
1212	7.191332	-2.146505	8.190570
1213	7.191332	-0.146505	8.190570
1214	7.191332	0.853495	8.190570
1215	7.191332	1.853495	8.190570
1216	7.191332	2.853495	8.190570
1217	7.191332	3.853495	8.190570
1218	-9.808668	4.853495	1.047992
1219	-9.808668	6.853495	1.050570
1220	-9.808668	7.853495	1.050570
1221	-8.808668	4.853495	1.047992
1222	-8.808668	5.853495	1.050570
1223	-8.808668	6.853495	1.050570
1224	-8.808668	7.853495	1.050570
1225	-7.808668	4.853495	1.047992
1226	-7.808668	6.853495	1.050570
1227	-7.808668	7.853495	1.050570
1228	-6.808668	6.853495	1.050570
1229	-6.808668	7.853495	1.050570
