0	-4.685333	46.305496	0.742019
1	-4.685333	47.305496	0.742019
2	-4.685333	48.305496	0.742019
3	-3.685333	46.305496	0.742019
4	-3.685333	47.305496	0.742019
5	-3.685333	48.305496	0.742019
6	-2.685333	46.305496	0.742019
7	-2.685333	47.305496	0.742019
8	-2.685333	48.305496	0.742019
9	-1.685333	46.305496	0.742019
10	-1.685333	47.305496	0.742019
11	-1.685333	48.305496	0.742019
12	-0.685333	46.305496	0.742019
13	-0.685333	47.305496	0.742019
14	0.314667	46.305496	0.742019
15	1.314667	46.305496	0.742019
16	2.314667	46.305496	0.742019
17	2.314667	47.305496	0.742019
18	3.314667	46.305496	0.742019
19	3.314667	47.305496	0.742019
20	3.314667	48.305496	0.742019
21	4.314667	46.305496	0.742019
22	4.314667	47.305496	0.742019
23	4.314667	48.305496	0.742019
24	5.314667	46.305496	0.742019
25	5.314667	47.305496	0.742019
26	5.314667	48.305496	0.742019
27	5.314667	56.305496	0.742019
28	6.314667	46.305496	0.742019
29	6.314667	47.305496	0.742019
30	6.314667	48.305496	0.742019
31	6.314667	51.305496	0.742019
32	6.314667	54.305496	0.742019
33	6.314667	55.305496	0.742019
34	6.314667	56.305496	0.742019
35	7.314667	46.305496	0.742019
36	7.314667	51.305496	0.742019
37	7.314667	52.305496	0.742019
38	7.314667	53.305496	0.742019
39	7.314667	54.305496	0.742019
40	7.314667	55.305496	0.742019
41	8.314667	51.305496	0.742019
42	8.314667	52.305496	0.742019
43	8.314667	53.305496	0.742019
44	8.314667	54.305496	0.742019
45	8.314667	55.305496	0.742019
46	9.314667	46.305496	0.742019
47	9.314667	47.305496	0.742019
48	9.314667	48.305496	0.742019
49	9.314667	51.305496	0.742019
50	9.314667	52.305496	0.742019
51	9.314667	53.305496	0.742019
52	9.314667	54.305496	0.742019
53	-19.685333	41.305496	2.649160
54	-19.685333	42.305496	2.649160
55	-19.685333	43.305496	2.649160
56	-19.685333	44.305496	2.649160
57	-19.685333	45.305496	2.649160
58	-19.685333	46.305496	2.649160
59	-19.685333	47.305496	2.649160
60	-19.685333	48.305496	2.649160
61	-19.685333	49.305496	2.649160
62	-18.685333	41.305496	2.649160
63	-18.685333	42.305496	2.649160
64	-18.685333	44.305496	2.649160
65	-18.685333	45.305496	2.649160
66	-18.685333	46.305496	2.649160
67	-18.685333	47.305496	2.649160
68	-18.685333	48.305496	2.649160
69	-18.685333	49.305496	2.649160
70	-17.685333	41.305496	2.649160
71	-17.685333	42.305496	2.649160
72	-17.685333	43.305496	2.649160
73	-17.685333	44.305496	2.649160
74	-17.685333	45.305496	2.649160
75	-17.685333	46.305496	2.649160
76	-17.685333	47.305496	2.649160
77	-17.685333	48.305496	2.649160
78	-17.685333	49.305496	2.649160
79	-17.685333	50.305496	2.649160
80	-16.685333	41.305496	2.649160
81	-16.685333	42.305496	2.649160
82	-16.685333	43.305496	2.649160
83	-16.685333	44.305496	2.649160
84	-16.685333	45.305496	2.649160
85	-16.685333	46.305496	2.649160
86	-16.685333	47.305496	2.649160
87	-16.685333	48.305496	2.649160
88	-16.685333	49.305496	2.649160
89	-16.685333	50.305496	2.649160
90	-15.685333	9.305494	1.556328
91	-15.685333	10.305494	1.556328
92	-15.685333	11.305494	1.556328
93	-15.685333	12.305494	1.556328
94	-15.685333	13.305494	1.556328
95	-15.685333	14.305494	1.556328
96	-15.685333	15.305494	1.556328
97	-15.685333	16.305494	1.556328
98	-15.685333	17.305494	1.556328
99	-15.685333	18.305494	1.556328
100	-15.685333	19.305494	1.556328
101	-15.685333	20.305494	1.556328
102	-15.685333	21.305494	1.556328
103	-15.685333	22.305494	1.556328
104	-15.685333	23.305494	1.556328
105	-15.685333	24.305494	1.556328
106	-15.685333	25.305494	1.556328
107	-15.685333	26.305494	1.556328
108	-15.685333	27.305494	1.556328
109	-15.685333	28.305494	1.556328
110	-15.685333	29.305494	1.556328
111	-15.685333	30.305494	1.556328
112	-15.685333	33.305496	1.556328
113	-15.685333	34.305496	1.556328
114	-15.685333	35.305496	1.556328
115	-15.685333	36.305496	1.556328
116	-15.685333	37.305496	1.556328
117	-15.685333	38.305496	1.556328
118	-15.685333	39.305496	1.556328
119	-15.685333	40.305496	1.556328
120	-15.685333	41.305496	2.649160
121	-15.685333	42.305496	2.649160
122	-15.685333	43.305496	2.649160
123	-15.685333	44.305496	2.649160
124	-15.685333	45.305496	2.649160
125	-15.685333	46.305496	2.649160
126	-15.685333	47.305496	2.649160
127	-15.685333	48.305496	2.649160
128	-15.685333	49.305496	2.649160
129	-15.685333	50.305496	2.649160
130	-15.685333	51.305496	2.649160
131	-14.685333	1.305494	1.556328
132	-14.685333	2.305494	1.556328
133	-14.685333	3.305494	1.556328
134	-14.685333	4.305494	1.556328
135	-14.685333	5.305494	1.556328
136	-14.685333	6.305494	1.556328
137	-14.685333	7.305494	1.556328
138	-14.685333	8.305494	1.556328
139	-14.685333	9.305494	1.556328
140	-14.685333	10.305494	1.556328
141	-14.685333	11.305494	1.556328
142	-14.685333	12.305494	1.556328
143	-14.685333	13.305494	1.556328
144	-14.685333	14.305494	1.556328
145	-14.685333	15.305494	1.556328
146	-14.685333	16.305494	1.556328
147	-14.685333	17.305494	1.556328
148	-14.685333	18.305494	1.556328
149	-14.685333	19.305494	1.556328
150	-14.685333	20.305494	1.556328
151	-14.685333	21.305494	1.556328
152	-14.685333	22.305494	1.556328
153	-14.685333	23.305494	1.556328
154	-14.685333	24.305494	1.556328
155	-14.685333	25.305494	1.556328
156	-14.685333	26.305494	1.556328
157	-14.685333	27.305494	1.556328
158	-14.685333	28.305494	1.556328
159	-14.685333	29.305494	1.556328
160	-14.685333	30.305494	1.556328
161	-14.685333	31.305494	1.556328
162	-14.685333	32.305496	1.556328
163	-14.685333	33.305496	1.556328
164	-14.685333	34.305496	1.556328
165	-14.685333	35.305496	1.556328
166	-14.685333	36.305496	1.556328
167	-14.685333	37.305496	1.556328
168	-14.685333	38.305496	1.556328
169	-14.685333	39.305496	1.556328
170	-14.685333	40.305496	1.556328
171	-14.685333	41.305496	2.649160
172	-14.685333	43.305496	2.649160
173	-14.685333	44.305496	2.649160
174	-14.685333	45.305496	2.649160
175	-14.685333	47.305496	2.649160
176	-14.685333	48.305496	2.649160
177	-14.685333	49.305496	2.649160
178	-14.685333	50.305496	2.649160
179	-14.685333	51.305496	2.649160
180	-13.685333	-5.694506	1.556328
181	-13.685333	-4.694506	1.556328
182	-13.685333	-3.694506	1.556328
183	-13.685333	-2.694506	1.556328
184	-13.685333	-1.694506	1.556328
185	-13.685333	-0.694506	1.556328
186	-13.685333	0.305494	1.556328
187	-13.685333	1.305494	1.556328
188	-13.685333	2.305494	1.556328
189	-13.685333	3.305494	1.556328
190	-13.685333	4.305494	1.556328
191	-13.685333	5.305494	1.556328
192	-13.685333	6.305494	1.556328
193	-13.685333	7.305494	1.556328
194	-13.685333	8.305494	1.556328
195	-13.685333	9.305494	1.556328
196	-13.685333	10.305494	1.556328
197	-13.685333	11.305494	1.556328
198	-13.685333	12.305494	1.556328
199	-13.685333	13.305494	1.556328
200	-13.685333	14.305494	1.556328
201	-13.685333	15.305494	1.556328
202	-13.685333	16.305494	1.556328
203	-13.685333	17.305494	1.556328
204	-13.685333	18.305494	1.556328
205	-13.685333	19.305494	1.556328
206	-13.685333	23.305494	1.556328
207	-13.685333	24.305494	1.556328
208	-13.685333	25.305494	1.556328
209	-13.685333	26.305494	1.556328
210	-13.685333	27.305494	1.556328
211	-13.685333	28.305494	1.556328
212	-13.685333	29.305494	1.556328
213	-13.685333	30.305494	1.556328
214	-13.685333	31.305494	1.556328
215	-13.685333	32.305496	1.556328
216	-13.685333	33.305496	1.556328
217	-13.685333	34.305496	1.556328
218	-13.685333	35.305496	1.556328
219	-13.685333	36.305496	1.556328
220	-13.685333	37.305496	1.556328
221	-13.685333	38.305496	1.556328
222	-13.685333	39.305496	1.556328
223	-13.685333	40.305496	1.556328
224	-13.685333	41.305496	2.649160
225	-13.685333	42.305496	2.649160
226	-13.685333	43.305496	2.649160
227	-13.685333	44.305496	2.649160
228	-13.685333	45.305496	2.649160
229	-13.685333	46.305496	2.649160
230	-13.685333	47.305496	2.649160
231	-13.685333	48.305496	2.649160
232	-13.685333	49.305496	2.649160
233	-13.685333	50.305496	2.649160
234	-13.685333	51.305496	2.649160
235	-13.685333	52.305496	2.649160
236	-12.685333	-6.694506	1.556328
237	-12.685333	-5.694506	1.556328
238	-12.685333	-4.694506	1.556328
239	-12.685333	-3.694506	1.556328
240	-12.685333	-2.694506	1.556328
241	-12.685333	-0.694506	1.556328
242	-12.685333	0.305494	1.556328
243	-12.685333	1.305494	1.556328
244	-12.685333	2.305494	1.556328
245	-12.685333	3.305494	1.556328
246	-12.685333	4.305494	1.556328
247	-12.685333	5.305494	1.556328
248	-12.685333	6.305494	1.556328
249	-12.685333	7.305494	1.556328
250	-12.685333	8.305494	1.556328
251	-12.685333	9.305494	1.556328
252	-12.685333	10.305494	1.556328
253	-12.685333	11.305494	1.556328
254	-12.685333	12.305494	1.556328
255	-12.685333	13.305494	1.556328
256	-12.685333	14.305494	1.556328
257	-12.685333	15.305494	1.556328
258	-12.685333	16.305494	1.556328
259	-12.685333	17.305494	1.556328
260	-12.685333	18.305494	1.556328
261	-12.685333	19.305494	1.556328
262	-12.685333	20.305494	1.556328
263	-12.685333	21.305494	1.556328
264	-12.685333	22.305494	1.556328
265	-12.685333	23.305494	1.556328
266	-12.685333	24.305494	1.556328
267	-12.685333	27.305494	1.556328
268	-12.685333	28.305494	1.556328
269	-12.685333	29.305494	1.556328
270	-12.685333	30.305494	1.556328
271	-12.685333	31.305494	1.556328
272	-12.685333	32.305496	1.556328
273	-12.685333	33.305496	1.556328
274	-12.685333	34.305496	1.556328
275	-12.685333	35.305496	1.556328
276	-12.685333	36.305496	1.556328
277	-12.685333	37.305496	1.556328
278	-12.685333	38.305496	1.556328
279	-12.685333	39.305496	1.556328
280	-12.685333	40.305496	1.556328
281	-12.685333	41.305496	2.649160
282	-12.685333	42.305496	2.649160
283	-12.685333	43.305496	2.649160
284	-12.685333	44.305496	2.649160
285	-12.685333	45.305496	2.649160
286	-12.685333	46.305496	2.649160
287	-12.685333	47.305496	2.649160
288	-12.685333	48.305496	2.649160
289	-12.685333	49.305496	2.649160
290	-12.685333	50.305496	2.649160
291	-12.685333	51.305496	2.649160
292	-12.685333	52.305496	2.649160
293	-11.685333	-6.694506	1.556328
294	-11.685333	-5.694506	1.556328
295	-11.685333	-4.694506	1.556328
296	-11.685333	-3.694506	1.556328
297	-11.685333	-2.694506	1.556328
298	-11.685333	-1.694506	1.556328
299	-11.685333	-0.694506	1.556328
300	-11.685333	0.305494	1.556328
301	-11.685333	1.305494	1.556328
302	-11.685333	2.305494	1.556328
303	-11.685333	3.305494	1.556328
304	-11.685333	4.305494	1.556328
305	-11.685333	5.305494	1.556328
306	-11.685333	6.305494	1.556328
307	-11.685333	7.305494	1.556328
308	-11.685333	8.305494	1.556328
309	-11.685333	9.305494	1.556328
310	-11.685333	10.305494	1.556328
311	-11.685333	11.305494	1.556328
312	-11.685333	12.305494	1.556328
313	-11.685333	13.305494	1.556328
314	-11.685333	14.305494	1.556328
315	-11.685333	15.305494	1.556328
316	-11.685333	16.305494	1.556328
317	-11.685333	17.305494	1.556328
318	-11.685333	18.305494	1.556328
319	-11.685333	19.305494	1.556328
320	-11.685333	20.305494	1.556328
321	-11.685333	21.305494	1.556328
322	-11.685333	22.305494	1.556328
323	-11.685333	23.305494	1.556328
324	-11.685333	24.305494	1.556328
325	-11.685333	25.305494	1.556328
326	-11.685333	26.305494	1.556328
327	-11.685333	27.305494	1.556328
328	-11.685333	28.305494	1.556328
329	-11.685333	29.305494	1.556328
330	-11.685333	30.305494	1.556328
331	-11.685333	31.305494	1.556328
332	-11.685333	32.305496	1.556328
333	-11.685333	33.305496	1.556328
334	-11.685333	34.305496	1.556328
335	-11.685333	35.305496	1.556328
336	-11.685333	36.305496	1.556328
337	-11.685333	37.305496	1.556328
338	-11.685333	38.305496	1.556328
339	-11.685333	39.305496	1.556328
340	-11.685333	40.305496	1.556328
341	-11.685333	41.305496	2.649160
342	-11.685333	42.305496	2.649160
343	-11.685333	43.305496	2.649160
344	-11.685333	44.305496	2.649160
345	-11.685333	45.305496	2.649160
346	-11.685333	46.305496	2.649160
347	-11.685333	47.305496	2.649160
348	-11.685333	48.305496	2.649160
349	-11.685333	49.305496	2.649160
350	-11.685333	50.305496	2.649160
351	-11.685333	51.305496	2.649160
352	-11.685333	52.305496	2.649160
353	-10.685333	-6.694506	1.556328
354	-10.685333	-5.694506	1.556328
355	-10.685333	-4.694506	1.556328
356	-10.685333	-3.694506	1.556328
357	-10.685333	-2.694506	1.556328
358	-10.685333	-1.694506	1.556328
359	-10.685333	-0.694506	1.556328
360	-10.685333	0.305494	1.556328
361	-10.685333	2.305494	1.556328
362	-10.685333	3.305494	1.556328
363	-10.685333	4.305494	1.556328
364	-10.685333	5.305494	1.556328
365	-10.685333	6.305494	1.556328
366	-10.685333	7.305494	1.556328
367	-10.685333	8.305494	1.556328
368	-10.685333	9.305494	1.556328
369	-10.685333	10.305494	1.556328
370	-10.685333	11.305494	1.556328
371	-10.685333	12.305494	1.556328
372	-10.685333	13.305494	1.556328
373	-10.685333	14.305494	1.556328
374	-10.685333	15.305494	1.556328
375	-10.685333	16.305494	1.556328
376	-10.685333	17.305494	1.556328
377	-10.685333	18.305494	1.556328
378	-10.685333	19.305494	1.556328
379	-10.685333	20.305494	1.556328
380	-10.685333	21.305494	1.556328
381	-10.685333	22.305494	1.556328
382	-10.685333	23.305494	1.556328
383	-10.685333	24.305494	1.556328
384	-10.685333	25.305494	1.556328
385	-10.685333	26.305494	1.556328
386	-10.685333	27.305494	1.556328
387	-10.685333	28.305494	1.556328
388	-10.685333	29.305494	1.556328
389	-10.685333	30.305494	1.556328
390	-10.685333	31.305494	1.556328
391	-10.685333	32.305496	1.556328
392	-10.685333	33.305496	1.556328
393	-10.685333	34.305496	1.556328
394	-10.685333	35.305496	1.556328
395	-10.685333	36.305496	1.556328
396	-10.685333	37.305496	1.556328
397	-10.685333	38.305496	1.556328
398	-10.685333	39.305496	1.556328
399	-10.685333	40.305496	1.556328
400	-10.685333	42.305496	2.649160
401	-10.685333	43.305496	2.649160
402	-10.685333	44.305496	2.649160
403	-10.685333	45.305496	2.649160
404	-10.685333	46.305496	2.649160
405	-10.685333	47.305496	2.649160
406	-10.685333	48.305496	2.649160
407	-10.685333	49.305496	2.649160
408	-10.685333	50.305496	2.649160
409	-10.685333	51.305496	2.649160
410	-10.685333	52.305496	2.649160
411	-10.685333	53.305496	2.649160
412	-9.685333	-6.694506	1.556328
413	-9.685333	-5.694506	1.556328
414	-9.685333	-4.694506	1.556328
415	-9.685333	-3.694506	1.556328
416	-9.685333	-2.694506	1.556328
417	-9.685333	-1.694506	1.556328
418	-9.685333	-0.694506	1.556328
419	-9.685333	0.305494	1.556328
420	-9.685333	1.305494	1.556328
421	-9.685333	2.305494	1.556328
422	-9.685333	3.305494	1.556328
423	-9.685333	4.305494	1.556328
424	-9.685333	5.305494	1.556328
425	-9.685333	6.305494	1.556328
426	-9.685333	7.305494	1.556328
427	-9.685333	8.305494	1.556328
428	-9.685333	9.305494	1.556328
429	-9.685333	10.305494	1.556328
430	-9.685333	11.305494	1.556328
431	-9.685333	12.305494	1.556328
432	-9.685333	13.305494	1.556328
433	-9.685333	14.305494	1.556328
434	-9.685333	15.305494	1.556328
435	-9.685333	16.305494	1.556328
436	-9.685333	17.305494	1.556328
437	-9.685333	18.305494	1.556328
438	-9.685333	19.305494	1.556328
439	-9.685333	20.305494	1.556328
440	-9.685333	22.305494	1.556328
441	-9.685333	23.305494	1.556328
442	-9.685333	24.305494	1.556328
443	-9.685333	25.305494	1.556328
444	-9.685333	26.305494	1.556328
445	-9.685333	27.305494	1.556328
446	-9.685333	28.305494	1.556328
447	-9.685333	30.305494	1.556328
448	-9.685333	31.305494	1.556328
449	-9.685333	32.305496	1.556328
450	-9.685333	33.305496	1.556328
451	-9.685333	34.305496	1.556328
452	-9.685333	35.305496	1.556328
453	-9.685333	36.305496	1.556328
454	-9.685333	37.305496	1.556328
455	-9.685333	38.305496	1.556328
456	-9.685333	40.305496	1.556328
457	-9.685333	41.305496	2.649160
458	-9.685333	42.305496	2.649160
459	-9.685333	43.305496	2.649160
460	-9.685333	44.305496	2.649160
461	-9.685333	45.305496	2.649160
462	-9.685333	46.305496	2.649160
463	-9.685333	47.305496	2.649160
464	-9.685333	48.305496	2.649160
465	-9.685333	49.305496	2.649160
466	-9.685333	50.305496	2.649160
467	-9.685333	51.305496	2.649160
468	-9.685333	52.305496	2.649160
469	-9.685333	53.305496	2.649160
470	-8.685333	-6.694506	1.556328
471	-8.685333	-5.694506	1.556328
472	-8.685333	-4.694506	1.556328
473	-8.685333	-3.694506	1.556328
474	-8.685333	-2.694506	1.556328
475	-8.685333	-1.694506	1.556328
476	-8.685333	-0.694506	1.556328
477	-8.685333	0.305494	1.556328
478	-8.685333	1.305494	1.556328
479	-8.685333	2.305494	1.556328
480	-8.685333	3.305494	1.556328
481	-8.685333	4.305494	1.556328
482	-8.685333	5.305494	1.556328
483	-8.685333	6.305494	1.556328
484	-8.685333	7.305494	1.556328
485	-8.685333	8.305494	1.556328
486	-8.685333	9.305494	1.556328
487	-8.685333	10.305494	1.556328
488	-8.685333	11.305494	1.556328
489	-8.685333	12.305494	1.556328
490	-8.685333	13.305494	1.556328
491	-8.685333	14.305494	1.556328
492	-8.685333	15.305494	1.556328
493	-8.685333	16.305494	1.556328
494	-8.685333	17.305494	1.556328
495	-8.685333	18.305494	1.556328
496	-8.685333	19.305494	1.556328
497	-8.685333	20.305494	1.556328
498	-8.685333	22.305494	1.556328
499	-8.685333	23.305494	1.556328
500	-8.685333	24.305494	1.556328
501	-8.685333	25.305494	1.556328
502	-8.685333	26.305494	1.556328
503	-8.685333	27.305494	1.556328
504	-8.685333	28.305494	1.556328
505	-8.685333	29.305494	1.556328
506	-8.685333	30.305494	1.556328
507	-8.685333	31.305494	1.556328
508	-8.685333	32.305496	1.556328
509	-8.685333	35.305496	1.556328
510	-8.685333	36.305496	1.556328
511	-8.685333	38.305496	1.556328
512	-8.685333	39.305496	1.556328
513	-8.685333	40.305496	1.556328
514	-8.685333	41.305496	2.649160
515	-8.685333	42.305496	2.649160
516	-8.685333	43.305496	2.649160
517	-8.685333	44.305496	2.649160
518	-8.685333	45.305496	2.649160
519	-8.685333	46.305496	2.649160
520	-8.685333	47.305496	2.649160
521	-8.685333	48.305496	4.924580
522	-8.685333	49.305496	4.924580
523	-8.685333	50.305496	4.924580
524	-8.685333	51.305496	4.924580
525	-8.685333	52.305496	4.924580
526	-8.685333	53.305496	4.924580
527	-8.685333	54.305496	4.924580
528	-7.685333	-6.694506	1.556328
529	-7.685333	-5.694506	1.556328
530	-7.685333	-4.694506	1.556328
531	-7.685333	-3.694506	1.556328
532	-7.685333	-2.694506	1.556328
533	-7.685333	-1.694506	1.556328
534	-7.685333	-0.694506	1.556328
535	-7.685333	0.305494	1.556328
536	-7.685333	1.305494	1.556328
537	-7.685333	2.305494	1.556328
538	-7.685333	3.305494	1.556328
539	-7.685333	4.305494	1.556328
540	-7.685333	5.305494	1.556328
541	-7.685333	6.305494	1.556328
542	-7.685333	7.305494	1.556328
543	-7.685333	8.305494	1.556328
544	-7.685333	9.305494	1.556328
545	-7.685333	10.305494	1.556328
546	-7.685333	11.305494	1.556328
547	-7.685333	12.305494	1.556328
548	-7.685333	13.305494	1.556328
549	-7.685333	14.305494	1.556328
550	-7.685333	15.305494	1.556328
551	-7.685333	16.305494	1.556328
552	-7.685333	17.305494	1.556328
553	-7.685333	18.305494	1.556328
554	-7.685333	19.305494	1.556328
555	-7.685333	20.305494	1.556328
556	-7.685333	22.305494	1.556328
557	-7.685333	23.305494	1.556328
558	-7.685333	24.305494	1.556328
559	-7.685333	25.305494	1.556328
560	-7.685333	26.305494	1.556328
561	-7.685333	27.305494	1.556328
562	-7.685333	28.305494	1.556328
563	-7.685333	31.305494	1.556328
564	-7.685333	35.305496	1.556328
565	-7.685333	36.305496	1.556328
566	-7.685333	40.305496	1.556328
567	-7.685333	41.305496	2.649160
568	-7.685333	42.305496	2.649160
569	-7.685333	43.305496	2.649160
570	-7.685333	44.305496	2.649160
571	-7.685333	45.305496	2.649160
572	-7.685333	46.305496	2.649160
573	-7.685333	47.305496	2.649160
574	-7.685333	48.305496	4.924580
575	-7.685333	49.305496	4.924580
576	-7.685333	50.305496	4.924580
577	-7.685333	51.305496	4.924580
578	-7.685333	52.305496	4.924580
579	-7.685333	53.305496	4.924580
580	-7.685333	54.305496	4.924580
581	-6.685333	-6.694506	1.556328
582	-6.685333	-5.694506	1.556328
583	-6.685333	-4.694506	1.556328
584	-6.685333	-3.694506	1.556328
585	-6.685333	-2.694506	1.556328
586	-6.685333	-1.694506	1.556328
587	-6.685333	-0.694506	1.556328
588	-6.685333	0.305494	1.556328
589	-6.685333	1.305494	1.556328
590	-6.685333	2.305494	1.556328
591	-6.685333	3.305494	1.556328
592	-6.685333	4.305494	1.556328
593	-6.685333	5.305494	1.556328
594	-6.685333	6.305494	1.556328
595	-6.685333	7.305494	1.556328
596	-6.685333	8.305494	1.556328
597	-6.685333	9.305494	1.556328
598	-6.685333	10.305494	1.556328
599	-6.685333	11.305494	1.556328
600	-6.685333	12.305494	1.556328
601	-6.685333	13.305494	1.556328
602	-6.685333	14.305494	1.556328
603	-6.685333	15.305494	1.556328
604	-6.685333	16.305494	1.556328
605	-6.685333	17.305494	1.556328
606	-6.685333	18.305494	1.556328
607	-6.685333	19.305494	1.556328
608	-6.685333	20.305494	1.556328
609	-6.685333	21.305494	1.556328
610	-6.685333	22.305494	1.556328
611	-6.685333	23.305494	1.556328
612	-6.685333	24.305494	1.556328
613	-6.685333	25.305494	1.556328
614	-6.685333	26.305494	1.556328
615	-6.685333	27.305494	1.556328
616	-6.685333	28.305494	1.556328
617	-6.685333	29.305494	1.556328
618	-6.685333	30.305494	1.556328
619	-6.685333	31.305494	1.556328
620	-6.685333	32.305496	1.556328
621	-6.685333	33.305496	1.556328
622	-6.685333	34.305496	1.556328
623	-6.685333	35.305496	1.556328
624	-6.685333	36.305496	1.556328
625	-6.685333	37.305496	1.556328
626	-6.685333	38.305496	1.556328
627	-6.685333	39.305496	1.556328
628	-6.685333	40.305496	1.556328
629	-6.685333	41.305496	2.649160
630	-6.685333	42.305496	2.649160
631	-6.685333	43.305496	2.649160
632	-6.685333	44.305496	2.649160
633	-6.685333	45.305496	2.649160
634	-6.685333	46.305496	2.649160
635	-6.685333	47.305496	4.924580
636	-6.685333	48.305496	4.924580
637	-6.685333	49.305496	4.924580
638	-6.685333	50.305496	4.924580
639	-6.685333	51.305496	4.924580
640	-6.685333	52.305496	4.924580
641	-6.685333	53.305496	4.924580
642	-6.685333	54.305496	4.924580
643	-6.685333	55.305496	4.924580
644	-5.685333	-6.694506	1.556328
645	-5.685333	-5.694506	1.556328
646	-5.685333	-4.694506	1.556328
647	-5.685333	-3.694506	1.556328
648	-5.685333	-1.694506	1.556328
649	-5.685333	-0.694506	1.556328
650	-5.685333	0.305494	1.556328
651	-5.685333	2.305494	1.556328
652	-5.685333	3.305494	1.556328
653	-5.685333	4.305494	1.556328
654	-5.685333	5.305494	1.556328
655	-5.685333	7.305494	1.556328
656	-5.685333	8.305494	1.556328
657	-5.685333	9.305494	1.556328
658	-5.685333	11.305494	1.556328
659	-5.685333	12.305494	1.556328
660	-5.685333	13.305494	1.556328
661	-5.685333	16.305494	1.556328
662	-5.685333	17.305494	1.556328
663	-5.685333	18.305494	1.556328
664	-5.685333	20.305494	1.556328
665	-5.685333	21.305494	1.556328
666	-5.685333	22.305494	1.556328
667	-5.685333	24.305494	1.556328
668	-5.685333	25.305494	1.556328
669	-5.685333	26.305494	1.556328
670	-5.685333	27.305494	1.556328
671	-5.685333	29.305494	1.556328
672	-5.685333	30.305494	1.556328
673	-5.685333	31.305494	1.556328
674	-5.685333	33.305496	1.556328
675	-5.685333	34.305496	1.556328
676	-5.685333	35.305496	1.556328
677	-5.685333	37.305496	1.556328
678	-5.685333	38.305496	1.556328
679	-5.685333	39.305496	1.556328
680	-5.685333	40.305496	1.556328
681	-5.685333	41.305496	2.649160
682	-5.685333	42.305496	2.649160
683	-5.685333	43.305496	2.649160
684	-5.685333	44.305496	2.649160
685	-5.685333	45.305496	2.649160
686	-5.685333	46.305496	2.649160
687	-5.685333	47.305496	4.924580
688	-5.685333	50.305496	4.924580
689	-5.685333	51.305496	4.924580
690	-5.685333	52.305496	4.924580
691	-5.685333	53.305496	4.924580
692	-5.685333	54.305496	4.924580
693	-5.685333	55.305496	4.924580
694	-4.685333	-6.694506	1.556328
695	-4.685333	-5.694506	1.556328
696	-4.685333	-4.694506	1.556328
697	-4.685333	-3.694506	1.556328
698	-4.685333	-2.694506	1.556328
699	-4.685333	-1.694506	1.556328
700	-4.685333	-0.694506	1.556328
701	-4.685333	0.305494	1.556328
702	-4.685333	1.305494	1.556328
703	-4.685333	2.305494	1.556328
704	-4.685333	3.305494	1.556328
705	-4.685333	4.305494	1.556328
706	-4.685333	5.305494	1.556328
707	-4.685333	6.305494	1.556328
708	-4.685333	7.305494	1.556328
709	-4.685333	8.305494	1.556328
710	-4.685333	9.305494	1.556328
711	-4.685333	10.305494	1.556328
712	-4.685333	11.305494	1.556328
713	-4.685333	12.305494	1.556328
714	-4.685333	13.305494	1.556328
715	-4.685333	14.305494	1.556328
716	-4.685333	15.305494	1.556328
717	-4.685333	16.305494	1.556328
718	-4.685333	17.305494	1.556328
719	-4.685333	18.305494	1.556328
720	-4.685333	19.305494	1.556328
721	-4.685333	20.305494	1.556328
722	-4.685333	21.305494	1.556328
723	-4.685333	22.305494	1.556328
724	-4.685333	23.305494	1.556328
725	-4.685333	24.305494	1.556328
726	-4.685333	25.305494	1.556328
727	-4.685333	26.305494	1.556328
728	-4.685333	27.305494	1.556328
729	-4.685333	28.305494	1.556328
730	-4.685333	29.305494	1.556328
731	-4.685333	30.305494	1.556328
732	-4.685333	31.305494	1.556328
733	-4.685333	32.305496	1.556328
734	-4.685333	33.305496	1.556328
735	-4.685333	34.305496	1.556328
736	-4.685333	35.305496	1.556328
737	-4.685333	36.305496	1.556328
738	-4.685333	37.305496	1.556328
739	-4.685333	38.305496	1.556328
740	-4.685333	39.305496	1.556328
741	-4.685333	40.305496	1.556328
742	-4.685333	41.305496	2.649160
743	-4.685333	42.305496	2.649160
744	-4.685333	43.305496	2.649160
745	-4.685333	44.305496	2.649160
746	-4.685333	45.305496	2.649160
747	-4.685333	46.305496	2.649160
748	-4.685333	47.305496	4.924580
749	-4.685333	48.305496	4.924580
750	-4.685333	49.305496	4.924580
751	-4.685333	50.305496	4.924580
752	-4.685333	51.305496	4.924580
753	-4.685333	54.305496	4.924580
754	-4.685333	55.305496	4.924580
755	-4.685333	56.305496	4.924580
756	-3.685333	-6.694506	1.556328
757	-3.685333	-5.694506	1.556328
758	-3.685333	-4.694506	1.556328
759	-3.685333	-3.694506	1.556328
760	-3.685333	-2.694506	1.556328
761	-3.685333	-1.694506	1.556328
762	-3.685333	-0.694506	1.556328
763	-3.685333	0.305494	1.556328
764	-3.685333	1.305494	1.556328
765	-3.685333	2.305494	1.556328
766	-3.685333	3.305494	1.556328
767	-3.685333	4.305494	1.556328
768	-3.685333	5.305494	1.556328
769	-3.685333	6.305494	1.556328
770	-3.685333	7.305494	1.556328
771	-3.685333	8.305494	1.556328
772	-3.685333	9.305494	1.556328
773	-3.685333	10.305494	1.556328
774	-3.685333	11.305494	1.556328
775	-3.685333	12.305494	1.556328
776	-3.685333	13.305494	1.556328
777	-3.685333	14.305494	1.556328
778	-3.685333	15.305494	1.556328
779	-3.685333	16.305494	1.556328
780	-3.685333	17.305494	1.556328
781	-3.685333	18.305494	1.556328
782	-3.685333	19.305494	1.556328
783	-3.685333	20.305494	1.556328
784	-3.685333	21.305494	1.556328
785	-3.685333	22.305494	1.556328
786	-3.685333	23.305494	1.556328
787	-3.685333	24.305494	1.556328
788	-3.685333	25.305494	1.556328
789	-3.685333	26.305494	1.556328
790	-3.685333	27.305494	1.556328
791	-3.685333	28.305494	1.556328
792	-3.685333	29.305494	1.556328
793	-3.685333	30.305494	1.556328
794	-3.685333	31.305494	1.556328
795	-3.685333	32.305496	1.556328
796	-3.685333	33.305496	1.556328
797	-3.685333	34.305496	1.556328
798	-3.685333	35.305496	1.556328
799	-3.685333	36.305496	1.556328
800	-3.685333	37.305496	1.556328
801	-3.685333	38.305496	1.556328
802	-3.685333	39.305496	1.556328
803	-3.685333	40.305496	1.556328
804	-3.685333	41.305496	2.649160
805	-3.685333	42.305496	2.649160
806	-3.685333	43.305496	2.649160
807	-3.685333	44.305496	2.649160
808	-3.685333	45.305496	2.649160
809	-3.685333	46.305496	4.924580
810	-3.685333	47.305496	4.924580
811	-3.685333	48.305496	4.924580
812	-3.685333	49.305496	4.924580
813	-3.685333	50.305496	4.924580
814	-3.685333	51.305496	4.924580
815	-3.685333	52.305496	4.924580
816	-3.685333	53.305496	4.924580
817	-3.685333	54.305496	4.924580
818	-3.685333	55.305496	4.924580
819	-2.685333	-5.694506	1.556328
820	-2.685333	-4.694506	1.556328
821	-2.685333	-3.694506	1.556328
822	-2.685333	-2.694506	1.556328
823	-2.685333	-1.694506	1.556328
824	-2.685333	-0.694506	1.556328
825	-2.685333	0.305494	1.556328
826	-2.685333	1.305494	1.556328
827	-2.685333	2.305494	1.556328
828	-2.685333	3.305494	1.556328
829	-2.685333	4.305494	1.556328
830	-2.685333	5.305494	1.556328
831	-2.685333	6.305494	1.556328
832	-2.685333	7.305494	1.556328
833	-2.685333	8.305494	1.556328
834	-2.685333	9.305494	1.556328
835	-2.685333	10.305494	1.556328
836	-2.685333	11.305494	1.556328
837	-2.685333	12.305494	1.556328
838	-2.685333	13.305494	1.556328
839	-2.685333	14.305494	1.556328
840	-2.685333	15.305494	1.556328
841	-2.685333	16.305494	1.556328
842	-2.685333	17.305494	1.556328
843	-2.685333	18.305494	1.556328
844	-2.685333	19.305494	1.556328
845	-2.685333	20.305494	1.556328
846	-2.685333	21.305494	1.556328
847	-2.685333	22.305494	1.556328
848	-2.685333	23.305494	1.556328
849	-2.685333	24.305494	1.556328
850	-2.685333	25.305494	1.556328
851	-2.685333	26.305494	1.556328
852	-2.685333	27.305494	1.556328
853	-2.685333	28.305494	1.556328
854	-2.685333	29.305494	1.556328
855	-2.685333	30.305494	1.556328
856	-2.685333	31.305494	1.556328
857	-2.685333	32.305496	1.556328
858	-2.685333	33.305496	1.556328
859	-2.685333	34.305496	1.556328
860	-2.685333	35.305496	1.556328
861	-2.685333	36.305496	1.556328
862	-2.685333	37.305496	1.556328
863	-2.685333	38.305496	1.556328
864	-2.685333	39.305496	1.556328
865	-2.685333	40.305496	1.556328
866	-2.685333	41.305496	2.649160
867	-2.685333	42.305496	2.649160
868	-2.685333	43.305496	2.649160
869	-2.685333	44.305496	2.649160
870	-2.685333	46.305496	4.924580
871	-2.685333	47.305496	4.924580
872	-2.685333	48.305496	4.924580
873	-2.685333	49.305496	4.924580
874	-2.685333	50.305496	4.924580
875	-2.685333	51.305496	4.924580
876	-2.685333	52.305496	4.924580
877	-2.685333	53.305496	4.924580
878	-2.685333	54.305496	4.924580
879	-2.685333	55.305496	4.924580
880	-2.685333	56.305496	4.924580
881	-1.685333	-6.694506	1.556328
882	-1.685333	-5.694506	1.556328
883	-1.685333	-4.694506	1.556328
884	-1.685333	-3.694506	1.556328
885	-1.685333	-2.694506	1.556328
886	-1.685333	-1.694506	1.556328
887	-1.685333	-0.694506	1.556328
888	-1.685333	0.305494	1.556328
889	-1.685333	1.305494	1.556328
890	-1.685333	2.305494	1.556328
891	-1.685333	3.305494	1.556328
892	-1.685333	4.305494	1.556328
893	-1.685333	5.305494	1.556328
894	-1.685333	6.305494	1.556328
895	-1.685333	7.305494	1.556328
896	-1.685333	8.305494	1.556328
897	-1.685333	9.305494	1.556328
898	-1.685333	10.305494	1.556328
899	-1.685333	11.305494	1.556328
900	-1.685333	12.305494	1.556328
901	-1.685333	13.305494	1.556328
902	-1.685333	14.305494	1.556328
903	-1.685333	15.305494	1.556328
904	-1.685333	16.305494	1.556328
905	-1.685333	17.305494	1.556328
906	-1.685333	18.305494	1.556328
907	-1.685333	19.305494	1.556328
908	-1.685333	20.305494	1.556328
909	-1.685333	21.305494	1.556328
910	-1.685333	22.305494	1.556328
911	-1.685333	23.305494	1.556328
912	-1.685333	24.305494	1.556328
913	-1.685333	25.305494	1.556328
914	-1.685333	26.305494	1.556328
915	-1.685333	27.305494	1.556328
916	-1.685333	28.305494	1.556328
917	-1.685333	29.305494	1.556328
918	-1.685333	30.305494	1.556328
919	-1.685333	31.305494	1.556328
920	-1.685333	32.305496	1.556328
921	-1.685333	33.305496	1.556328
922	-1.685333	34.305496	1.556328
923	-1.685333	35.305496	1.556328
924	-1.685333	36.305496	1.556328
925	-1.685333	37.305496	1.556328
926	-1.685333	38.305496	1.556328
927	-1.685333	39.305496	1.556328
928	-1.685333	40.305496	1.556328
929	-1.685333	41.305496	2.649160
930	-1.685333	42.305496	2.649160
931	-1.685333	43.305496	2.649160
932	-1.685333	44.305496	2.649160
933	-1.685333	46.305496	4.924580
934	-1.685333	47.305496	4.924580
935	-1.685333	48.305496	4.924580
936	-1.685333	49.305496	4.924580
937	-1.685333	50.305496	4.924580
938	-1.685333	51.305496	4.924580
939	-1.685333	52.305496	4.924580
940	-1.685333	53.305496	4.924580
941	-1.685333	54.305496	4.924580
942	-1.685333	55.305496	4.924580
943	-1.685333	56.305496	4.924580
944	-1.685333	57.305496	4.924580
945	-0.685333	-6.694506	1.556328
946	-0.685333	-5.694506	1.556328
947	-0.685333	-4.694506	1.556328
948	-0.685333	-3.694506	1.556328
949	-0.685333	-2.694506	1.556328
950	-0.685333	-1.694506	1.556328
951	-0.685333	-0.694506	1.556328
952	-0.685333	0.305494	1.556328
953	-0.685333	1.305494	1.556328
954	-0.685333	2.305494	1.556328
955	-0.685333	3.305494	1.556328
956	-0.685333	4.305494	1.556328
957	-0.685333	5.305494	1.556328
958	-0.685333	6.305494	1.556328
959	-0.685333	7.305494	1.556328
960	-0.685333	8.305494	1.556328
961	-0.685333	9.305494	1.556328
962	-0.685333	10.305494	1.556328
963	-0.685333	11.305494	1.556328
964	-0.685333	12.305494	1.556328
965	-0.685333	13.305494	1.556328
966	-0.685333	14.305494	1.556328
967	-0.685333	15.305494	1.556328
968	-0.685333	16.305494	1.556328
969	-0.685333	17.305494	1.556328
970	-0.685333	18.305494	1.556328
971	-0.685333	19.305494	1.556328
972	-0.685333	20.305494	1.556328
973	-0.685333	21.305494	1.556328
974	-0.685333	22.305494	1.556328
975	-0.685333	23.305494	1.556328
976	-0.685333	24.305494	1.556328
977	-0.685333	25.305494	1.556328
978	-0.685333	26.305494	1.556328
979	-0.685333	27.305494	1.556328
980	-0.685333	28.305494	1.556328
981	-0.685333	29.305494	1.556328
982	-0.685333	30.305494	1.556328
983	-0.685333	31.305494	1.556328
984	-0.685333	32.305496	1.556328
985	-0.685333	33.305496	1.556328
986	-0.685333	34.305496	1.556328
987	-0.685333	35.305496	1.556328
988	-0.685333	36.305496	1.556328
989	-0.685333	37.305496	1.556328
990	-0.685333	38.305496	1.556328
991	-0.685333	39.305496	1.556328
992	-0.685333	40.305496	1.556328
993	-0.685333	41.305496	2.649160
994	-0.685333	42.305496	2.649160
995	-0.685333	43.305496	2.649160
996	-0.685333	46.305496	4.924580
997	-0.685333	47.305496	4.924580
998	-0.685333	48.305496	4.924580
999	-0.685333	49.305496	4.924580
1000	-0.685333	50.305496	4.924580
1001	-0.685333	51.305496	4.924580
1002	-0.685333	54.305496	4.924580
1003	-0.685333	55.305496	4.924580
1004	-0.685333	56.305496	4.924580
1005	-0.685333	57.305496	4.924580
1006	0.314667	-6.694506	1.556328
1007	0.314667	-5.694506	1.556328
1008	0.314667	-4.694506	1.556328
1009	0.314667	-3.694506	1.556328
1010	0.314667	-2.694506	1.556328
1011	0.314667	-1.694506	1.556328
1012	0.314667	-0.694506	1.556328
1013	0.314667	0.305494	1.556328
1014	0.314667	1.305494	1.556328
1015	0.314667	2.305494	1.556328
1016	0.314667	3.305494	1.556328
1017	0.314667	4.305494	1.556328
1018	0.314667	5.305494	1.556328
1019	0.314667	6.305494	1.556328
1020	0.314667	7.305494	1.556328
1021	0.314667	8.305494	1.556328
1022	0.314667	9.305494	1.556328
1023	0.314667	10.305494	1.556328
1024	0.314667	11.305494	1.556328
1025	0.314667	12.305494	1.556328
1026	0.314667	13.305494	1.556328
1027	0.314667	14.305494	1.556328
1028	0.314667	15.305494	1.556328
1029	0.314667	16.305494	1.556328
1030	0.314667	17.305494	1.556328
1031	0.314667	18.305494	1.556328
1032	0.314667	19.305494	1.556328
1033	0.314667	20.305494	1.556328
1034	0.314667	21.305494	1.556328
1035	0.314667	22.305494	1.556328
1036	0.314667	23.305494	1.556328
1037	0.314667	24.305494	1.556328
1038	0.314667	25.305494	1.556328
1039	0.314667	26.305494	1.556328
1040	0.314667	27.305494	1.556328
1041	0.314667	28.305494	1.556328
1042	0.314667	29.305494	1.556328
1043	0.314667	30.305494	1.556328
1044	0.314667	31.305494	1.556328
1045	0.314667	32.305496	1.556328
1046	0.314667	33.305496	1.556328
1047	0.314667	34.305496	1.556328
1048	0.314667	35.305496	1.556328
1049	0.314667	36.305496	1.556328
1050	0.314667	39.305496	1.556328
1051	0.314667	40.305496	1.556328
1052	0.314667	41.305496	2.649160
1053	0.314667	42.305496	2.649160
1054	0.314667	43.305496	2.649160
1055	0.314667	44.305496	2.649160
1056	0.314667	45.305496	4.924580
1057	0.314667	46.305496	4.924580
1058	0.314667	47.305496	4.924580
1059	0.314667	48.305496	4.924580
1060	0.314667	49.305496	4.924580
1061	0.314667	50.305496	4.924580
1062	0.314667	51.305496	4.924580
1063	0.314667	54.305496	4.924580
1064	0.314667	55.305496	4.924580
1065	0.314667	56.305496	4.924580
1066	0.314667	57.305496	4.924580
1067	1.314667	-6.694506	1.556328
1068	1.314667	-5.694506	1.556328
1069	1.314667	-4.694506	1.556328
1070	1.314667	-3.694506	1.556328
1071	1.314667	-2.694506	1.556328
1072	1.314667	-1.694506	1.556328
1073	1.314667	-0.694506	1.556328
1074	1.314667	0.305494	1.556328
1075	1.314667	1.305494	1.556328
1076	1.314667	2.305494	1.556328
1077	1.314667	3.305494	1.556328
1078	1.314667	4.305494	1.556328
1079	1.314667	5.305494	1.556328
1080	1.314667	6.305494	1.556328
1081	1.314667	7.305494	1.556328
1082	1.314667	8.305494	1.556328
1083	1.314667	9.305494	1.556328
1084	1.314667	10.305494	1.556328
1085	1.314667	11.305494	1.556328
1086	1.314667	12.305494	1.556328
1087	1.314667	13.305494	1.556328
1088	1.314667	14.305494	1.556328
1089	1.314667	15.305494	1.556328
1090	1.314667	16.305494	1.556328
1091	1.314667	17.305494	1.556328
1092	1.314667	18.305494	1.556328
1093	1.314667	19.305494	1.556328
1094	1.314667	20.305494	1.556328
1095	1.314667	21.305494	1.556328
1096	1.314667	22.305494	1.556328
1097	1.314667	23.305494	1.556328
1098	1.314667	24.305494	1.556328
1099	1.314667	25.305494	1.556328
1100	1.314667	26.305494	1.556328
1101	1.314667	27.305494	1.556328
1102	1.314667	28.305494	1.556328
1103	1.314667	29.305494	1.556328
1104	1.314667	30.305494	1.556328
1105	1.314667	31.305494	1.556328
1106	1.314667	32.305496	1.556328
1107	1.314667	33.305496	1.556328
1108	1.314667	34.305496	1.556328
1109	1.314667	35.305496	1.556328
1110	1.314667	36.305496	1.556328
1111	1.314667	39.305496	1.556328
1112	1.314667	40.305496	1.556328
1113	1.314667	41.305496	2.649160
1114	1.314667	42.305496	2.649160
1115	1.314667	43.305496	2.649160
1116	1.314667	44.305496	2.649160
1117	1.314667	45.305496	4.924580
1118	1.314667	46.305496	4.924580
1119	1.314667	47.305496	4.924580
1120	1.314667	48.305496	4.924580
1121	1.314667	49.305496	4.924580
1122	1.314667	50.305496	4.924580
1123	1.314667	51.305496	4.924580
1124	1.314667	54.305496	4.924580
1125	1.314667	55.305496	4.924580
1126	1.314667	56.305496	4.924580
1127	1.314667	57.305496	4.924580
1128	2.314667	-6.694506	1.556328
1129	2.314667	-5.694506	1.556328
1130	2.314667	-4.694506	1.556328
1131	2.314667	-3.694506	1.556328
1132	2.314667	-2.694506	1.556328
1133	2.314667	-1.694506	1.556328
1134	2.314667	-0.694506	1.556328
1135	2.314667	0.305494	1.556328
1136	2.314667	1.305494	1.556328
1137	2.314667	2.305494	1.556328
1138	2.314667	3.305494	1.556328
1139	2.314667	4.305494	1.556328
1140	2.314667	5.305494	1.556328
1141	2.314667	6.305494	1.556328
1142	2.314667	7.305494	1.556328
1143	2.314667	8.305494	1.556328
1144	2.314667	9.305494	1.556328
1145	2.314667	10.305494	1.556328
1146	2.314667	11.305494	1.556328
1147	2.314667	12.305494	1.556328
1148	2.314667	13.305494	1.556328
1149	2.314667	14.305494	1.556328
1150	2.314667	15.305494	1.556328
1151	2.314667	16.305494	1.556328
1152	2.314667	17.305494	1.556328
1153	2.314667	18.305494	1.556328
1154	2.314667	19.305494	1.556328
1155	2.314667	20.305494	1.556328
1156	2.314667	21.305494	1.556328
1157	2.314667	22.305494	1.556328
1158	2.314667	23.305494	1.556328
1159	2.314667	24.305494	1.556328
1160	2.314667	25.305494	1.556328
1161	2.314667	26.305494	1.556328
1162	2.314667	27.305494	1.556328
1163	2.314667	28.305494	1.556328
1164	2.314667	29.305494	1.556328
1165	2.314667	30.305494	1.556328
1166	2.314667	31.305494	1.556328
1167	2.314667	32.305496	1.556328
1168	2.314667	33.305496	1.556328
1169	2.314667	34.305496	1.556328
1170	2.314667	35.305496	1.556328
1171	2.314667	36.305496	1.556328
1172	2.314667	37.305496	1.556328
1173	2.314667	38.305496	1.556328
1174	2.314667	39.305496	1.556328
1175	2.314667	40.305496	1.556328
1176	2.314667	41.305496	2.649160
1177	2.314667	42.305496	2.649160
1178	2.314667	43.305496	2.649160
1179	2.314667	45.305496	4.924580
1180	2.314667	46.305496	4.924580
1181	2.314667	47.305496	4.924580
1182	2.314667	48.305496	4.924580
1183	2.314667	49.305496	4.924580
1184	2.314667	50.305496	4.924580
1185	2.314667	51.305496	4.924580
1186	2.314667	52.305496	4.924580
1187	2.314667	53.305496	4.924580
1188	2.314667	54.305496	4.924580
1189	2.314667	55.305496	4.924580
1190	2.314667	56.305496	4.924580
1191	2.314667	57.305496	4.924580
1192	3.314667	-6.694506	1.556328
1193	3.314667	-5.694506	1.556328
1194	3.314667	-4.694506	1.556328
1195	3.314667	-3.694506	1.556328
1196	3.314667	-2.694506	1.556328
1197	3.314667	-1.694506	1.556328
1198	3.314667	-0.694506	1.556328
1199	3.314667	0.305494	1.556328
1200	3.314667	1.305494	1.556328
1201	3.314667	2.305494	1.556328
1202	3.314667	3.305494	1.556328
1203	3.314667	4.305494	1.556328
1204	3.314667	5.305494	1.556328
1205	3.314667	6.305494	1.556328
1206	3.314667	7.305494	1.556328
1207	3.314667	8.305494	1.556328
1208	3.314667	9.305494	1.556328
1209	3.314667	10.305494	1.556328
1210	3.314667	11.305494	1.556328
1211	3.314667	12.305494	1.556328
1212	3.314667	13.305494	1.556328
1213	3.314667	14.305494	1.556328
1214	3.314667	15.305494	1.556328
1215	3.314667	16.305494	1.556328
1216	3.314667	17.305494	1.556328
1217	3.314667	18.305494	1.556328
1218	3.314667	19.305494	1.556328
1219	3.314667	20.305494	1.556328
1220	3.314667	21.305494	1.556328
1221	3.314667	22.305494	1.556328
1222	3.314667	23.305494	1.556328
1223	3.314667	24.305494	1.556328
1224	3.314667	25.305494	1.556328
1225	3.314667	26.305494	1.556328
1226	3.314667	27.305494	1.556328
1227	3.314667	28.305494	1.556328
1228	3.314667	29.305494	1.556328
1229	3.314667	30.305494	1.556328
1230	3.314667	31.305494	1.556328
1231	3.314667	32.305496	1.556328
1232	3.314667	33.305496	1.556328
1233	3.314667	34.305496	1.556328
1234	3.314667	35.305496	1.556328
1235	3.314667	36.305496	1.556328
1236	3.314667	37.305496	1.556328
1237	3.314667	38.305496	1.556328
1238	3.314667	39.305496	1.556328
1239	3.314667	40.305496	1.556328
1240	3.314667	41.305496	2.649160
1241	3.314667	42.305496	2.649160
1242	3.314667	43.305496	2.649160
1243	3.314667	44.305496	4.924580
1244	3.314667	45.305496	4.924580
1245	3.314667	46.305496	4.924580
1246	3.314667	47.305496	4.924580
1247	3.314667	48.305496	4.924580
1248	3.314667	49.305496	4.924580
1249	3.314667	50.305496	4.924580
1250	3.314667	51.305496	4.924580
1251	3.314667	52.305496	4.924580
1252	3.314667	53.305496	4.924580
1253	3.314667	54.305496	4.924580
1254	3.314667	55.305496	4.924580
1255	3.314667	56.305496	4.924580
1256	3.314667	57.305496	4.924580
1257	4.314667	-6.694506	1.556328
1258	4.314667	-5.694506	1.556328
1259	4.314667	-4.694506	1.556328
1260	4.314667	-3.694506	1.556328
1261	4.314667	-2.694506	1.556328
1262	4.314667	-1.694506	1.556328
1263	4.314667	-0.694506	1.556328
1264	4.314667	0.305494	1.556328
1265	4.314667	1.305494	1.556328
1266	4.314667	2.305494	1.556328
1267	4.314667	3.305494	1.556328
1268	4.314667	4.305494	1.556328
1269	4.314667	5.305494	1.556328
1270	4.314667	6.305494	1.556328
1271	4.314667	7.305494	1.556328
1272	4.314667	8.305494	1.556328
1273	4.314667	9.305494	1.556328
1274	4.314667	10.305494	1.556328
1275	4.314667	11.305494	1.556328
1276	4.314667	12.305494	1.556328
1277	4.314667	13.305494	1.556328
1278	4.314667	14.305494	1.556328
1279	4.314667	15.305494	1.556328
1280	4.314667	16.305494	1.556328
1281	4.314667	17.305494	1.556328
1282	4.314667	18.305494	1.556328
1283	4.314667	19.305494	1.556328
1284	4.314667	20.305494	1.556328
1285	4.314667	21.305494	1.556328
1286	4.314667	22.305494	1.556328
1287	4.314667	23.305494	1.556328
1288	4.314667	24.305494	1.556328
1289	4.314667	25.305494	1.556328
1290	4.314667	26.305494	1.556328
1291	4.314667	27.305494	1.556328
1292	4.314667	28.305494	1.556328
1293	4.314667	29.305494	1.556328
1294	4.314667	30.305494	1.556328
1295	4.314667	31.305494	1.556328
1296	4.314667	32.305496	1.556328
1297	4.314667	33.305496	1.556328
1298	4.314667	34.305496	1.556328
1299	4.314667	35.305496	1.556328
1300	4.314667	36.305496	1.556328
1301	4.314667	37.305496	1.556328
1302	4.314667	38.305496	1.556328
1303	4.314667	39.305496	1.556328
1304	4.314667	40.305496	1.556328
1305	4.314667	41.305496	2.649160
1306	4.314667	42.305496	2.649160
1307	4.314667	43.305496	2.649160
1308	4.314667	44.305496	4.924580
1309	4.314667	45.305496	4.924580
1310	4.314667	46.305496	4.924580
1311	4.314667	47.305496	4.924580
1312	4.314667	48.305496	4.924580
1313	4.314667	49.305496	4.924580
1314	4.314667	50.305496	4.924580
1315	4.314667	51.305496	4.924580
1316	4.314667	52.305496	4.924580
1317	4.314667	53.305496	4.924580
1318	4.314667	54.305496	4.924580
1319	4.314667	55.305496	4.924580
1320	4.314667	56.305496	4.924580
1321	5.314667	-6.694506	1.556328
1322	5.314667	-5.694506	1.556328
1323	5.314667	-4.694506	1.556328
1324	5.314667	-3.694506	1.556328
1325	5.314667	-2.694506	1.556328
1326	5.314667	-1.694506	1.556328
1327	5.314667	-0.694506	1.556328
1328	5.314667	0.305494	1.556328
1329	5.314667	1.305494	1.556328
1330	5.314667	2.305494	1.556328
1331	5.314667	3.305494	1.556328
1332	5.314667	4.305494	1.556328
1333	5.314667	5.305494	1.556328
1334	5.314667	6.305494	1.556328
1335	5.314667	7.305494	1.556328
1336	5.314667	8.305494	1.556328
1337	5.314667	9.305494	1.556328
1338	5.314667	10.305494	1.556328
1339	5.314667	11.305494	1.556328
1340	5.314667	12.305494	1.556328
1341	5.314667	13.305494	1.556328
1342	5.314667	14.305494	1.556328
1343	5.314667	15.305494	1.556328
1344	5.314667	16.305494	1.556328
1345	5.314667	17.305494	1.556328
1346	5.314667	18.305494	1.556328
1347	5.314667	19.305494	1.556328
1348	5.314667	20.305494	1.556328
1349	5.314667	21.305494	1.556328
1350	5.314667	22.305494	1.556328
1351	5.314667	23.305494	1.556328
1352	5.314667	24.305494	1.556328
1353	5.314667	25.305494	1.556328
1354	5.314667	26.305494	1.556328
1355	5.314667	27.305494	1.556328
1356	5.314667	28.305494	1.556328
1357	5.314667	29.305494	1.556328
1358	5.314667	30.305494	1.556328
1359	5.314667	31.305494	1.556328
1360	5.314667	32.305496	1.556328
1361	5.314667	33.305496	1.556328
1362	5.314667	34.305496	1.556328
1363	5.314667	35.305496	1.556328
1364	5.314667	36.305496	1.556328
1365	5.314667	37.305496	1.556328
1366	5.314667	38.305496	1.556328
1367	5.314667	39.305496	1.556328
1368	5.314667	40.305496	1.556328
1369	5.314667	41.305496	2.649160
1370	5.314667	42.305496	2.649160
1371	5.314667	43.305496	2.649160
1372	5.314667	44.305496	4.924580
1373	5.314667	45.305496	4.924580
1374	5.314667	46.305496	4.924580
1375	5.314667	47.305496	4.924580
1376	5.314667	48.305496	4.924580
1377	5.314667	49.305496	4.924580
1378	5.314667	50.305496	4.924580
1379	5.314667	51.305496	4.924580
1380	5.314667	52.305496	4.924580
1381	5.314667	53.305496	4.924580
1382	5.314667	54.305496	4.924580
1383	5.314667	55.305496	4.924580
1384	6.314667	-6.694506	1.556328
1385	6.314667	-5.694506	1.556328
1386	6.314667	-4.694506	1.556328
1387	6.314667	-3.694506	1.556328
1388	6.314667	-2.694506	1.556328
1389	6.314667	-1.694506	1.556328
1390	6.314667	-0.694506	1.556328
1391	6.314667	0.305494	1.556328
1392	6.314667	1.305494	1.556328
1393	6.314667	2.305494	1.556328
1394	6.314667	3.305494	1.556328
1395	6.314667	4.305494	1.556328
1396	6.314667	5.305494	1.556328
1397	6.314667	6.305494	1.556328
1398	6.314667	7.305494	1.556328
1399	6.314667	8.305494	1.556328
1400	6.314667	9.305494	1.556328
1401	6.314667	10.305494	1.556328
1402	6.314667	11.305494	1.556328
1403	6.314667	12.305494	1.556328
1404	6.314667	13.305494	1.556328
1405	6.314667	14.305494	1.556328
1406	6.314667	15.305494	1.556328
1407	6.314667	16.305494	1.556328
1408	6.314667	17.305494	1.556328
1409	6.314667	18.305494	1.556328
1410	6.314667	19.305494	1.556328
1411	6.314667	20.305494	1.556328
1412	6.314667	21.305494	1.556328
1413	6.314667	22.305494	1.556328
1414	6.314667	23.305494	1.556328
1415	6.314667	24.305494	1.556328
1416	6.314667	25.305494	1.556328
1417	6.314667	26.305494	1.556328
1418	6.314667	27.305494	1.556328
1419	6.314667	28.305494	1.556328
1420	6.314667	29.305494	1.556328
1421	6.314667	30.305494	1.556328
1422	6.314667	31.305494	1.556328
1423	6.314667	32.305496	1.556328
1424	6.314667	33.305496	1.556328
1425	6.314667	34.305496	1.556328
1426	6.314667	35.305496	1.556328
1427	6.314667	36.305496	1.556328
1428	6.314667	37.305496	1.556328
1429	6.314667	38.305496	1.556328
1430	6.314667	39.305496	1.556328
1431	6.314667	40.305496	1.556328
1432	6.314667	41.305496	2.649160
1433	6.314667	42.305496	2.649160
1434	6.314667	43.305496	2.649160
1435	6.314667	44.305496	4.924580
1436	6.314667	45.305496	4.924580
1437	6.314667	46.305496	4.924580
1438	6.314667	47.305496	4.924580
1439	6.314667	48.305496	4.924580
1440	6.314667	49.305496	4.924580
1441	6.314667	50.305496	4.924580
1442	6.314667	51.305496	4.924580
1443	6.314667	54.305496	4.924580
1444	6.314667	55.305496	4.924580
1445	6.314667	56.305496	4.924580
1446	7.314667	-6.694506	1.556328
1447	7.314667	-5.694506	1.556328
1448	7.314667	-4.694506	1.556328
1449	7.314667	-3.694506	1.556328
1450	7.314667	-1.694506	1.556328
1451	7.314667	-0.694506	1.556328
1452	7.314667	0.305494	1.556328
1453	7.314667	3.305494	1.556328
1454	7.314667	4.305494	1.556328
1455	7.314667	5.305494	1.556328
1456	7.314667	7.305494	1.556328
1457	7.314667	8.305494	1.556328
1458	7.314667	9.305494	1.556328
1459	7.314667	11.305494	1.556328
1460	7.314667	12.305494	1.556328
1461	7.314667	13.305494	1.556328
1462	7.314667	16.305494	1.556328
1463	7.314667	17.305494	1.556328
1464	7.314667	18.305494	1.556328
1465	7.314667	20.305494	1.556328
1466	7.314667	21.305494	1.556328
1467	7.314667	22.305494	1.556328
1468	7.314667	24.305494	1.556328
1469	7.314667	25.305494	1.556328
1470	7.314667	26.305494	1.556328
1471	7.314667	27.305494	1.556328
1472	7.314667	29.305494	1.556328
1473	7.314667	30.305494	1.556328
1474	7.314667	31.305494	1.556328
1475	7.314667	33.305496	1.556328
1476	7.314667	34.305496	1.556328
1477	7.314667	35.305496	1.556328
1478	7.314667	37.305496	1.556328
1479	7.314667	38.305496	1.556328
1480	7.314667	39.305496	1.556328
1481	7.314667	40.305496	1.556328
1482	7.314667	41.305496	2.649160
1483	7.314667	42.305496	2.649160
1484	7.314667	43.305496	2.649160
1485	7.314667	44.305496	4.924580
1486	7.314667	45.305496	4.924580
1487	7.314667	46.305496	4.924580
1488	7.314667	47.305496	4.924580
1489	7.314667	48.305496	4.924580
1490	7.314667	49.305496	4.924580
1491	7.314667	50.305496	4.924580
1492	7.314667	51.305496	4.924580
1493	7.314667	52.305496	4.924580
1494	7.314667	53.305496	4.924580
1495	7.314667	54.305496	4.924580
1496	7.314667	55.305496	4.924580
1497	8.314667	-6.694506	1.556328
1498	8.314667	-5.694506	1.556328
1499	8.314667	-4.694506	1.556328
1500	8.314667	-3.694506	1.556328
1501	8.314667	-2.694506	1.556328
1502	8.314667	-1.694506	1.556328
1503	8.314667	-0.694506	1.556328
1504	8.314667	0.305494	1.556328
1505	8.314667	1.305494	1.556328
1506	8.314667	2.305494	1.556328
1507	8.314667	3.305494	1.556328
1508	8.314667	4.305494	1.556328
1509	8.314667	5.305494	1.556328
1510	8.314667	6.305494	1.556328
1511	8.314667	7.305494	1.556328
1512	8.314667	8.305494	1.556328
1513	8.314667	9.305494	1.556328
1514	8.314667	10.305494	1.556328
1515	8.314667	11.305494	1.556328
1516	8.314667	12.305494	1.556328
1517	8.314667	13.305494	1.556328
1518	8.314667	14.305494	1.556328
1519	8.314667	15.305494	1.556328
1520	8.314667	16.305494	1.556328
1521	8.314667	17.305494	1.556328
1522	8.314667	18.305494	1.556328
1523	8.314667	19.305494	1.556328
1524	8.314667	20.305494	1.556328
1525	8.314667	21.305494	1.556328
1526	8.314667	22.305494	1.556328
1527	8.314667	23.305494	1.556328
1528	8.314667	24.305494	1.556328
1529	8.314667	25.305494	1.556328
1530	8.314667	26.305494	1.556328
1531	8.314667	27.305494	1.556328
1532	8.314667	28.305494	1.556328
1533	8.314667	29.305494	1.556328
1534	8.314667	30.305494	1.556328
1535	8.314667	31.305494	1.556328
1536	8.314667	32.305496	1.556328
1537	8.314667	33.305496	1.556328
1538	8.314667	34.305496	1.556328
1539	8.314667	35.305496	1.556328
1540	8.314667	36.305496	1.556328
1541	8.314667	37.305496	1.556328
1542	8.314667	38.305496	1.556328
1543	8.314667	39.305496	1.556328
1544	8.314667	40.305496	1.556328
1545	8.314667	42.305496	2.649160
1546	8.314667	43.305496	2.649160
1547	8.314667	44.305496	4.924580
1548	8.314667	45.305496	4.924580
1549	8.314667	46.305496	4.924580
1550	8.314667	47.305496	4.924580
1551	8.314667	48.305496	4.924580
1552	8.314667	49.305496	4.924580
1553	8.314667	50.305496	4.924580
1554	8.314667	51.305496	4.924580
1555	8.314667	52.305496	4.924580
1556	8.314667	53.305496	4.924580
1557	8.314667	54.305496	4.924580
1558	9.314667	-6.694506	1.556328
1559	9.314667	-5.694506	1.556328
1560	9.314667	-4.694506	1.556328
1561	9.314667	-3.694506	1.556328
1562	9.314667	-2.694506	1.556328
1563	9.314667	-1.694506	1.556328
1564	9.314667	-0.694506	1.556328
1565	9.314667	0.305494	1.556328
1566	9.314667	1.305494	1.556328
1567	9.314667	2.305494	1.556328
1568	9.314667	3.305494	1.556328
1569	9.314667	4.305494	1.556328
1570	9.314667	5.305494	1.556328
1571	9.314667	6.305494	1.556328
1572	9.314667	7.305494	1.556328
1573	9.314667	8.305494	1.556328
1574	9.314667	9.305494	1.556328
1575	9.314667	10.305494	1.556328
1576	9.314667	11.305494	1.556328
1577	9.314667	12.305494	1.556328
1578	9.314667	13.305494	1.556328
1579	9.314667	14.305494	1.556328
1580	9.314667	15.305494	1.556328
1581	9.314667	16.305494	1.556328
1582	9.314667	17.305494	1.556328
1583	9.314667	18.305494	1.556328
1584	9.314667	19.305494	1.556328
1585	9.314667	20.305494	1.556328
1586	9.314667	21.305494	1.556328
1587	9.314667	22.305494	1.556328
1588	9.314667	23.305494	1.556328
1589	9.314667	24.305494	1.556328
1590	9.314667	25.305494	1.556328
1591	9.314667	26.305494	1.556328
1592	9.314667	27.305494	1.556328
1593	9.314667	28.305494	1.556328
1594	9.314667	29.305494	1.556328
1595	9.314667	30.305494	1.556328
1596	9.314667	31.305494	1.556328
1597	9.314667	32.305496	1.556328
1598	9.314667	33.305496	1.556328
1599	9.314667	34.305496	1.556328
1600	9.314667	35.305496	1.556328
1601	9.314667	36.305496	1.556328
1602	9.314667	37.305496	1.556328
1603	9.314667	39.305496	1.556328
1604	9.314667	40.305496	1.556328
1605	9.314667	41.305496	2.649160
1606	9.314667	42.305496	2.649160
1607	9.314667	43.305496	2.649160
1608	9.314667	44.305496	4.924580
1609	9.314667	45.305496	4.924580
1610	9.314667	46.305496	4.924580
1611	9.314667	47.305496	4.924580
1612	9.314667	48.305496	4.924580
1613	9.314667	49.305496	4.924580
1614	9.314667	50.305496	4.924580
1615	9.314667	51.305496	4.924580
1616	9.314667	52.305496	4.924580
1617	9.314667	53.305496	4.924580
1618	9.314667	54.305496	4.924580
1619	10.314667	-6.694506	1.556328
1620	10.314667	-5.694506	1.556328
1621	10.314667	-4.694506	1.556328
1622	10.314667	-3.694506	1.556328
1623	10.314667	-2.694506	1.556328
1624	10.314667	-1.694506	1.556328
1625	10.314667	-0.694506	1.556328
1626	10.314667	0.305494	1.556328
1627	10.314667	1.305494	1.556328
1628	10.314667	2.305494	1.556328
1629	10.314667	3.305494	1.556328
1630	10.314667	4.305494	1.556328
1631	10.314667	5.305494	1.556328
1632	10.314667	6.305494	1.556328
1633	10.314667	7.305494	1.556328
1634	10.314667	8.305494	1.556328
1635	10.314667	9.305494	1.556328
1636	10.314667	10.305494	1.556328
1637	10.314667	11.305494	1.556328
1638	10.314667	12.305494	1.556328
1639	10.314667	13.305494	1.556328
1640	10.314667	14.305494	1.556328
1641	10.314667	15.305494	1.556328
1642	10.314667	16.305494	1.556328
1643	10.314667	17.305494	1.556328
1644	10.314667	18.305494	1.556328
1645	10.314667	19.305494	1.556328
1646	10.314667	20.305494	1.556328
1647	10.314667	21.305494	1.556328
1648	10.314667	22.305494	1.556328
1649	10.314667	23.305494	1.556328
1650	10.314667	24.305494	1.556328
1651	10.314667	25.305494	1.556328
1652	10.314667	26.305494	1.556328
1653	10.314667	27.305494	1.556328
1654	10.314667	28.305494	1.556328
1655	10.314667	29.305494	1.556328
1656	10.314667	30.305494	1.556328
1657	10.314667	31.305494	1.556328
1658	10.314667	32.305496	1.556328
1659	10.314667	33.305496	1.556328
1660	10.314667	34.305496	1.556328
1661	10.314667	35.305496	1.556328
1662	10.314667	36.305496	1.556328
1663	10.314667	37.305496	1.556328
1664	10.314667	38.305496	1.556328
1665	10.314667	39.305496	1.556328
1666	10.314667	40.305496	1.556328
1667	10.314667	41.305496	2.649160
1668	10.314667	42.305496	2.649160
1669	10.314667	43.305496	2.649160
1670	10.314667	44.305496	4.924580
1671	10.314667	45.305496	4.924580
1672	10.314667	46.305496	4.924580
1673	10.314667	47.305496	4.924580
1674	10.314667	48.305496	4.924580
1675	10.314667	49.305496	4.924580
1676	10.314667	50.305496	4.924580
1677	10.314667	51.305496	4.924580
1678	10.314667	52.305496	4.924580
1679	10.314667	53.305496	4.924580
1680	11.314667	-4.694506	1.556328
1681	11.314667	-3.694506	1.556328
1682	11.314667	-2.694506	1.556328
1683	11.314667	-1.694506	1.556328
1684	11.314667	-0.694506	1.556328
1685	11.314667	0.305494	1.556328
1686	11.314667	1.305494	1.556328
1687	11.314667	2.305494	1.556328
1688	11.314667	3.305494	1.556328
1689	11.314667	4.305494	1.556328
1690	11.314667	5.305494	1.556328
1691	11.314667	6.305494	1.556328
1692	11.314667	7.305494	1.556328
1693	11.314667	8.305494	1.556328
1694	11.314667	9.305494	1.556328
1695	11.314667	10.305494	1.556328
1696	11.314667	11.305494	1.556328
1697	11.314667	12.305494	1.556328
1698	11.314667	13.305494	1.556328
1699	11.314667	14.305494	1.556328
1700	11.314667	15.305494	1.556328
1701	11.314667	16.305494	1.556328
1702	11.314667	17.305494	1.556328
1703	11.314667	18.305494	1.556328
1704	11.314667	19.305494	1.556328
1705	11.314667	20.305494	1.556328
1706	11.314667	21.305494	1.556328
1707	11.314667	22.305494	1.556328
1708	11.314667	23.305494	1.556328
1709	11.314667	24.305494	1.556328
1710	11.314667	25.305494	1.556328
1711	11.314667	26.305494	1.556328
1712	11.314667	27.305494	1.556328
1713	11.314667	28.305494	1.556328
1714	11.314667	29.305494	1.556328
1715	11.314667	30.305494	1.556328
1716	11.314667	31.305494	1.556328
1717	11.314667	32.305496	1.556328
1718	11.314667	33.305496	1.556328
1719	11.314667	34.305496	1.556328
1720	11.314667	35.305496	1.556328
1721	11.314667	36.305496	1.556328
1722	11.314667	37.305496	1.556328
1723	11.314667	39.305496	1.556328
1724	11.314667	40.305496	1.556328
1725	11.314667	42.305496	2.649160
1726	11.314667	43.305496	2.649160
1727	11.314667	44.305496	2.649160
1728	11.314667	45.305496	2.649160
1729	11.314667	46.305496	2.649160
1730	11.314667	47.305496	2.649160
1731	11.314667	48.305496	2.649160
1732	11.314667	49.305496	2.649160
1733	11.314667	50.305496	2.649160
1734	11.314667	51.305496	2.649160
1735	11.314667	52.305496	2.649160
1736	11.314667	53.305496	2.649160
1737	12.314667	-0.694506	1.556328
1738	12.314667	0.305494	1.556328
1739	12.314667	1.305494	1.556328
1740	12.314667	2.305494	1.556328
1741	12.314667	3.305494	1.556328
1742	12.314667	4.305494	1.556328
1743	12.314667	5.305494	1.556328
1744	12.314667	6.305494	1.556328
1745	12.314667	7.305494	1.556328
1746	12.314667	8.305494	1.556328
1747	12.314667	9.305494	1.556328
1748	12.314667	10.305494	1.556328
1749	12.314667	11.305494	1.556328
1750	12.314667	12.305494	1.556328
1751	12.314667	13.305494	1.556328
1752	12.314667	14.305494	1.556328
1753	12.314667	15.305494	1.556328
1754	12.314667	16.305494	1.556328
1755	12.314667	17.305494	1.556328
1756	12.314667	18.305494	1.556328
1757	12.314667	19.305494	1.556328
1758	12.314667	20.305494	1.556328
1759	12.314667	21.305494	1.556328
1760	12.314667	22.305494	1.556328
1761	12.314667	23.305494	1.556328
1762	12.314667	24.305494	1.556328
1763	12.314667	25.305494	1.556328
1764	12.314667	26.305494	1.556328
1765	12.314667	27.305494	1.556328
1766	12.314667	28.305494	1.556328
1767	12.314667	29.305494	1.556328
1768	12.314667	30.305494	1.556328
1769	12.314667	31.305494	1.556328
1770	12.314667	32.305496	1.556328
1771	12.314667	35.305496	1.556328
1772	12.314667	36.305496	1.556328
1773	12.314667	37.305496	1.556328
1774	12.314667	39.305496	1.556328
1775	12.314667	40.305496	1.556328
1776	12.314667	41.305496	2.649160
1777	12.314667	42.305496	2.649160
1778	12.314667	43.305496	2.649160
1779	12.314667	44.305496	2.649160
1780	12.314667	45.305496	2.649160
1781	12.314667	46.305496	2.649160
1782	12.314667	47.305496	2.649160
1783	12.314667	48.305496	2.649160
1784	12.314667	49.305496	2.649160
1785	12.314667	50.305496	2.649160
1786	12.314667	51.305496	2.649160
1787	12.314667	52.305496	2.649160
1788	13.314667	3.305494	1.556328
1789	13.314667	4.305494	1.556328
1790	13.314667	5.305494	1.556328
1791	13.314667	6.305494	1.556328
1792	13.314667	7.305494	1.556328
1793	13.314667	8.305494	1.556328
1794	13.314667	9.305494	1.556328
1795	13.314667	10.305494	1.556328
1796	13.314667	11.305494	1.556328
1797	13.314667	12.305494	1.556328
1798	13.314667	13.305494	1.556328
1799	13.314667	14.305494	1.556328
1800	13.314667	15.305494	1.556328
1801	13.314667	16.305494	1.556328
1802	13.314667	17.305494	1.556328
1803	13.314667	18.305494	1.556328
1804	13.314667	19.305494	1.556328
1805	13.314667	20.305494	1.556328
1806	13.314667	21.305494	1.556328
1807	13.314667	22.305494	1.556328
1808	13.314667	23.305494	1.556328
1809	13.314667	24.305494	1.556328
1810	13.314667	25.305494	1.556328
1811	13.314667	26.305494	1.556328
1812	13.314667	27.305494	1.556328
1813	13.314667	28.305494	1.556328
1814	13.314667	29.305494	1.556328
1815	13.314667	30.305494	1.556328
1816	13.314667	31.305494	1.556328
1817	13.314667	32.305496	1.556328
1818	13.314667	33.305496	1.556328
1819	13.314667	35.305496	1.556328
1820	13.314667	36.305496	1.556328
1821	13.314667	37.305496	1.556328
1822	13.314667	38.305496	1.556328
1823	13.314667	39.305496	1.556328
1824	13.314667	40.305496	1.556328
1825	13.314667	41.305496	2.649160
1826	13.314667	42.305496	2.649160
1827	13.314667	43.305496	2.649160
1828	13.314667	44.305496	2.649160
1829	13.314667	45.305496	2.649160
1830	13.314667	46.305496	2.649160
1831	13.314667	47.305496	2.649160
1832	13.314667	48.305496	2.649160
1833	13.314667	49.305496	2.649160
1834	13.314667	50.305496	2.649160
1835	13.314667	51.305496	2.649160
1836	13.314667	52.305496	2.649160
1837	14.314667	7.305494	1.556328
1838	14.314667	8.305494	1.556328
1839	14.314667	9.305494	1.556328
1840	14.314667	10.305494	1.556328
1841	14.314667	11.305494	1.556328
1842	14.314667	12.305494	1.556328
1843	14.314667	13.305494	1.556328
1844	14.314667	14.305494	1.556328
1845	14.314667	15.305494	1.556328
1846	14.314667	16.305494	1.556328
1847	14.314667	17.305494	1.556328
1848	14.314667	18.305494	1.556328
1849	14.314667	19.305494	1.556328
1850	14.314667	20.305494	1.556328
1851	14.314667	21.305494	1.556328
1852	14.314667	22.305494	1.556328
1853	14.314667	23.305494	1.556328
1854	14.314667	24.305494	1.556328
1855	14.314667	25.305494	1.556328
1856	14.314667	26.305494	1.556328
1857	14.314667	27.305494	1.556328
1858	14.314667	28.305494	1.556328
1859	14.314667	29.305494	1.556328
1860	14.314667	30.305494	1.556328
1861	14.314667	31.305494	1.556328
1862	14.314667	32.305496	1.556328
1863	14.314667	33.305496	1.556328
1864	14.314667	34.305496	1.556328
1865	14.314667	35.305496	1.556328
1866	14.314667	36.305496	1.556328
1867	14.314667	37.305496	1.556328
1868	14.314667	38.305496	1.556328
1869	14.314667	39.305496	1.556328
1870	14.314667	40.305496	1.556328
1871	14.314667	41.305496	2.649160
1872	14.314667	42.305496	2.649160
1873	14.314667	43.305496	2.649160
1874	14.314667	44.305496	2.649160
1875	14.314667	45.305496	2.649160
1876	14.314667	46.305496	2.649160
1877	14.314667	47.305496	2.649160
1878	14.314667	48.305496	2.649160
1879	14.314667	49.305496	2.649160
1880	14.314667	50.305496	2.649160
1881	14.314667	51.305496	2.649160
1882	15.314667	12.305494	1.556328
1883	15.314667	13.305494	1.556328
1884	15.314667	14.305494	1.556328
1885	15.314667	15.305494	1.556328
1886	15.314667	16.305494	1.556328
1887	15.314667	17.305494	1.556328
1888	15.314667	18.305494	1.556328
1889	15.314667	19.305494	1.556328
1890	15.314667	20.305494	1.556328
1891	15.314667	21.305494	1.556328
1892	15.314667	22.305494	1.556328
1893	15.314667	23.305494	1.556328
1894	15.314667	24.305494	1.556328
1895	15.314667	25.305494	1.556328
1896	15.314667	26.305494	1.556328
1897	15.314667	28.305494	1.556328
1898	15.314667	29.305494	1.556328
1899	15.314667	30.305494	1.556328
1900	15.314667	31.305494	1.556328
1901	15.314667	32.305496	1.556328
1902	15.314667	33.305496	1.556328
1903	15.314667	35.305496	1.556328
1904	15.314667	36.305496	1.556328
1905	15.314667	37.305496	1.556328
1906	15.314667	38.305496	1.556328
1907	15.314667	39.305496	1.556328
1908	15.314667	41.305496	2.649160
1909	15.314667	42.305496	2.649160
1910	15.314667	43.305496	2.649160
1911	15.314667	44.305496	2.649160
1912	15.314667	45.305496	2.649160
1913	15.314667	46.305496	2.649160
1914	15.314667	47.305496	2.649160
1915	15.314667	48.305496	2.649160
1916	15.314667	49.305496	2.649160
1917	15.314667	50.305496	2.649160
1918	15.314667	51.305496	2.649160
1919	16.314667	16.305494	1.556328
1920	16.314667	17.305494	1.556328
1921	16.314667	18.305494	1.556328
1922	16.314667	19.305494	1.556328
1923	16.314667	20.305494	1.556328
1924	16.314667	21.305494	1.556328
1925	16.314667	22.305494	1.556328
1926	16.314667	23.305494	1.556328
1927	16.314667	24.305494	1.556328
1928	16.314667	25.305494	1.556328
1929	16.314667	26.305494	1.556328
1930	16.314667	27.305494	1.556328
1931	16.314667	28.305494	1.556328
1932	16.314667	30.305494	1.556328
1933	16.314667	31.305494	1.556328
1934	16.314667	32.305496	1.556328
1935	16.314667	34.305496	1.556328
1936	16.314667	35.305496	1.556328
1937	16.314667	36.305496	1.556328
1938	16.314667	37.305496	1.556328
1939	16.314667	38.305496	1.556328
1940	16.314667	39.305496	1.556328
1941	16.314667	40.305496	1.556328
1942	16.314667	41.305496	2.649160
1943	16.314667	42.305496	2.649160
1944	16.314667	43.305496	2.649160
1945	16.314667	44.305496	2.649160
1946	16.314667	45.305496	2.649160
1947	16.314667	46.305496	2.649160
1948	16.314667	47.305496	2.649160
1949	16.314667	48.305496	2.649160
1950	16.314667	49.305496	2.649160
1951	16.314667	50.305496	2.649160
1952	17.314667	21.305494	1.556328
1953	17.314667	22.305494	1.556328
1954	17.314667	23.305494	1.556328
1955	17.314667	24.305494	1.556328
1956	17.314667	25.305494	1.556328
1957	17.314667	26.305494	1.556328
1958	17.314667	27.305494	1.556328
1959	17.314667	28.305494	1.556328
1960	17.314667	29.305494	1.556328
1961	17.314667	30.305494	1.556328
1962	17.314667	31.305494	1.556328
1963	17.314667	32.305496	1.556328
1964	17.314667	33.305496	1.556328
1965	17.314667	34.305496	1.556328
1966	17.314667	35.305496	1.556328
1967	17.314667	36.305496	1.556328
1968	17.314667	37.305496	1.556328
1969	17.314667	38.305496	1.556328
1970	17.314667	39.305496	1.556328
1971	17.314667	40.305496	1.556328
1972	17.314667	41.305496	2.649160
1973	17.314667	42.305496	2.649160
1974	17.314667	43.305496	2.649160
1975	17.314667	44.305496	2.649160
1976	17.314667	45.305496	2.649160
1977	17.314667	46.305496	2.649160
1978	17.314667	47.305496	2.649160
1979	17.314667	48.305496	2.649160
1980	17.314667	49.305496	2.649160
1981	18.314667	41.305496	2.649160
1982	18.314667	42.305496	2.649160
1983	18.314667	43.305496	2.649160
1984	18.314667	44.305496	2.649160
1985	18.314667	45.305496	2.649160
1986	18.314667	46.305496	2.649160
1987	18.314667	47.305496	2.649160
1988	18.314667	48.305496	2.649160
1989	18.314667	49.305496	2.649160
1990	19.314667	41.305496	2.649160
1991	19.314667	42.305496	2.649160
1992	19.314667	43.305496	2.649160
1993	19.314667	44.305496	2.649160
1994	19.314667	45.305496	2.649160
1995	19.314667	46.305496	2.649160
1996	19.314667	47.305496	2.649160
1997	19.314667	48.305496	2.649160
1998	20.314667	41.305496	2.649160
1999	20.314667	42.305496	2.649160
2000	20.314667	43.305496	2.649160
2001	20.314667	44.305496	2.649160
2002	20.314667	45.305496	2.649160
2003	20.314667	46.305496	2.649160
2004	20.314667	47.305496	2.649160
2005	21.314667	41.305496	2.649160
2006	21.314667	42.305496	2.649160
2007	21.314667	43.305496	2.649160
2008	21.314667	44.305496	2.649160
2009	21.314667	45.305496	2.649160
2010	21.314667	46.305496	2.649160
2011	21.314667	47.305496	2.649160
2012	-4.685333	50.305496	0.742019
2013	-3.685333	49.305496	0.742019
2014	-3.685333	50.305496	0.742019
2015	-3.685333	51.305496	0.742019
2016	-3.685333	52.305496	0.742019
2017	-3.685333	53.305496	0.742019
2018	-3.685333	54.305496	0.742019
2019	-3.685333	55.305496	0.742019
2020	-2.685333	49.305496	0.742019
2021	-2.685333	50.305496	0.742019
2022	-2.685333	51.305496	0.742019
2023	-2.685333	52.305496	0.742019
2024	-2.685333	53.305496	0.742019
2025	-2.685333	54.305496	0.742019
2026	-2.685333	55.305496	0.742019
2027	-2.685333	56.305496	0.742019
2028	-1.685333	49.305496	0.742019
2029	-1.685333	50.305496	0.742019
2030	-1.685333	51.305496	0.742019
2031	-1.685333	52.305496	0.742019
2032	-1.685333	53.305496	0.742019
2033	-1.685333	54.305496	0.742019
2034	-1.685333	55.305496	0.742019
2035	-1.685333	56.305496	0.742019
2036	-1.685333	57.305496	0.742019
2037	-0.685333	50.305496	0.742019
2038	-0.685333	52.305496	0.742019
2039	-0.685333	53.305496	0.742019
2040	-0.685333	54.305496	0.742019
2041	-0.685333	55.305496	0.742019
2042	-0.685333	57.305496	0.742019
2043	0.314667	47.305496	0.742019
2044	0.314667	48.305496	0.742019
2045	0.314667	49.305496	0.742019
2046	0.314667	50.305496	0.742019
2047	0.314667	51.305496	0.742019
2048	0.314667	52.305496	0.742019
2049	0.314667	53.305496	0.742019
2050	0.314667	54.305496	0.742019
2051	0.314667	55.305496	0.742019
2052	0.314667	56.305496	0.742019
2053	0.314667	57.305496	0.742019
2054	1.314667	47.305496	0.742019
2055	1.314667	48.305496	0.742019
2056	1.314667	49.305496	0.742019
2057	1.314667	50.305496	0.742019
2058	1.314667	51.305496	0.742019
2059	1.314667	52.305496	0.742019
2060	1.314667	53.305496	0.742019
2061	1.314667	54.305496	0.742019
2062	1.314667	55.305496	0.742019
2063	1.314667	56.305496	0.742019
2064	1.314667	57.305496	0.742019
2065	2.314667	49.305496	0.742019
2066	2.314667	50.305496	0.742019
2067	2.314667	52.305496	0.742019
2068	2.314667	53.305496	0.742019
2069	2.314667	54.305496	0.742019
2070	2.314667	55.305496	0.742019
2071	2.314667	56.305496	0.742019
2072	2.314667	57.305496	0.742019
2073	3.314667	49.305496	0.742019
2074	3.314667	50.305496	0.742019
2075	3.314667	51.305496	0.742019
2076	3.314667	52.305496	0.742019
2077	3.314667	53.305496	0.742019
2078	3.314667	54.305496	0.742019
2079	3.314667	55.305496	0.742019
2080	3.314667	56.305496	0.742019
2081	3.314667	57.305496	0.742019
2082	4.314667	49.305496	0.742019
2083	4.314667	50.305496	0.742019
2084	4.314667	51.305496	0.742019
2085	4.314667	52.305496	0.742019
2086	4.314667	53.305496	0.742019
2087	4.314667	54.305496	0.742019
2088	4.314667	55.305496	0.742019
2089	4.314667	56.305496	0.742019
2090	5.314667	49.305496	0.742019
2091	5.314667	50.305496	0.742019
2092	5.314667	51.305496	0.742019
2093	5.314667	52.305496	0.742019
2094	5.314667	53.305496	0.742019
2095	5.314667	54.305496	0.742019
2096	5.314667	55.305496	0.742019
2097	6.314667	49.305496	0.742019
2098	6.314667	50.305496	0.742019
2099	7.314667	49.305496	0.742019
2100	8.314667	47.305496	0.742019
2101	8.314667	49.305496	0.742019
2102	8.314667	50.305496	0.742019
