0	-3.358113	-0.125330	0.038159
1	-3.358113	0.374670	0.038159
2	-3.358113	0.874670	0.038159
3	-2.858113	-0.125330	0.038159
4	-2.858113	0.374670	0.038159
5	-2.858113	0.874670	0.038159
6	-2.858113	3.874670	0.038159
7	-2.858113	4.374670	0.038159
8	-2.858113	5.374670	0.038159
9	-2.858113	5.874670	0.038159
10	-2.358113	-0.125330	0.038159
11	-2.358113	0.374670	0.038159
12	-2.358113	0.874670	0.038159
13	-2.358113	3.874670	0.038159
14	-2.358113	4.374670	0.038159
15	-2.358113	4.874670	0.038159
16	-2.358113	5.374670	0.038159
17	-2.358113	5.874670	0.038159
18	-1.858113	-0.125330	0.038159
19	-1.858113	0.374670	0.038159
20	-1.858113	0.874670	0.038159
21	-1.858113	3.874670	0.038159
22	-1.858113	4.374670	0.038159
23	-1.858113	4.874670	0.038159
24	-1.858113	5.374670	0.038159
25	-1.858113	5.874670	0.038159
26	-1.358113	-0.125330	0.038159
27	-1.358113	0.374670	0.038159
28	-1.358113	0.874670	0.038159
29	-1.358113	3.874670	0.038159
30	-1.358113	4.374670	0.038159
31	-1.358113	4.874670	0.038159
32	-1.358113	5.374670	0.038159
33	-1.358113	5.874670	0.038159
34	-0.858113	-0.125330	0.038159
35	-0.858113	0.374670	0.038159
36	-0.858113	0.874670	0.038159
37	-0.858113	3.874670	0.038159
38	-0.858113	4.374670	0.038159
39	-0.858113	4.874670	0.038159
40	-0.858113	5.374670	0.038159
41	-0.858113	5.874670	0.038159
42	-0.358113	-0.625330	0.038159
43	-0.358113	-0.125330	0.038159
44	-0.358113	0.374670	0.038159
45	-0.358113	0.874670	0.038159
46	-0.358113	3.374670	0.038159
47	-0.358113	3.874670	0.038159
48	-0.358113	4.374670	0.038159
49	-0.358113	4.874670	0.038159
50	-0.358113	5.374670	0.038159
51	-0.358113	5.874670	0.038159
52	0.141887	-0.625330	0.038159
53	0.141887	-0.125330	0.038159
54	0.141887	0.374670	0.038159
55	0.141887	0.874670	0.038159
56	0.141887	3.374670	0.038159
57	0.141887	3.874670	0.038159
58	0.141887	4.374670	0.038159
59	0.141887	4.874670	0.038159
60	0.141887	5.374670	0.038159
61	0.641887	-0.625330	0.038159
62	0.641887	-0.125330	0.038159
63	0.641887	0.374670	0.038159
64	0.641887	0.874670	0.038159
65	0.641887	1.374670	0.038159
66	0.641887	2.874670	0.038159
67	0.641887	3.374670	0.038159
68	0.641887	3.874670	0.038159
69	0.641887	4.374670	0.038159
70	0.641887	4.874670	0.038159
71	0.641887	5.374670	0.038159
72	1.141887	-0.625330	0.038159
73	1.141887	-0.125330	0.038159
74	1.141887	0.374670	0.038159
75	1.141887	0.874670	0.038159
76	1.141887	1.374670	0.038159
77	1.141887	1.874670	0.038159
78	1.141887	2.374670	0.038159
79	1.141887	2.874670	0.038159
80	1.141887	3.374670	0.038159
81	1.141887	3.874670	0.038159
82	1.141887	4.374670	0.038159
83	1.141887	4.874670	0.038159
84	1.141887	5.874670	0.038159
85	1.641887	-0.625330	0.038159
86	1.641887	-0.125330	0.038159
87	1.641887	0.374670	0.038159
88	1.641887	0.874670	0.038159
89	1.641887	1.374670	0.038159
90	1.641887	1.874670	0.038159
91	1.641887	2.374670	0.038159
92	1.641887	2.874670	0.038159
93	1.641887	3.374670	0.038159
94	1.641887	3.874670	0.038159
95	1.641887	4.374670	0.038159
96	1.641887	4.874670	0.038159
97	1.641887	5.374670	0.038159
98	2.141887	-0.625330	0.038159
99	2.141887	-0.125330	0.038159
100	2.141887	0.374670	0.038159
101	2.141887	0.874670	0.038159
102	2.141887	1.374670	0.038159
103	2.141887	1.874670	0.038159
104	2.141887	2.374670	0.038159
105	2.141887	2.874670	0.038159
106	2.141887	3.374670	0.038159
107	2.141887	3.874670	0.038159
108	2.141887	4.374670	0.038159
109	2.141887	4.874670	0.038159
110	2.141887	5.374670	0.038159
111	2.641887	-0.625330	0.038159
112	2.641887	-0.125330	0.038159
113	2.641887	0.374670	0.038159
114	2.641887	0.874670	0.038159
115	2.641887	1.374670	0.038159
116	2.641887	1.874670	0.038159
117	2.641887	2.374670	0.038159
118	2.641887	2.874670	0.038159
119	2.641887	3.374670	0.038159
120	2.641887	3.874670	0.038159
121	2.641887	4.374670	0.038159
122	2.641887	4.874670	0.038159
123	2.641887	5.374670	0.038159
124	3.141887	-0.625330	0.038159
125	3.141887	-0.125330	0.038159
126	3.141887	0.374670	0.038159
127	3.141887	0.874670	0.038159
128	3.141887	1.374670	0.038159
129	3.141887	1.874670	0.038159
130	3.141887	2.374670	0.038159
131	3.141887	2.874670	0.038159
132	3.141887	3.374670	0.038159
133	3.141887	3.874670	0.038159
134	3.141887	4.374670	0.038159
135	3.141887	4.874670	0.038159
136	3.141887	5.374670	0.038159
137	3.641887	-0.625330	0.038159
138	3.641887	-0.125330	0.038159
139	3.641887	0.374670	0.038159
140	3.641887	0.874670	0.038159
141	3.641887	1.374670	0.038159
142	3.641887	1.874670	0.038159
143	3.641887	2.374670	0.038159
144	3.641887	2.874670	0.038159
145	3.641887	3.374670	0.038159
146	3.641887	3.874670	0.038159
147	3.641887	4.374670	0.038159
148	3.641887	4.874670	0.038159
149	3.641887	5.374670	0.038159
150	4.141888	-0.125330	0.038159
151	4.141888	0.374670	0.038159
152	4.141888	0.874670	0.038159
153	4.141888	1.374670	0.038159
154	4.141888	1.874670	0.038159
155	4.141888	2.374670	0.038159
156	4.141888	2.874670	0.038159
157	4.141888	3.374670	0.038159
158	4.141888	3.874670	0.038159
159	4.141888	4.374670	0.038159
160	4.141888	4.874670	0.038159
161	4.141888	5.374670	0.038159
162	4.641888	-0.125330	0.038159
163	4.641888	0.374670	0.038159
164	4.641888	0.874670	0.038159
165	4.641888	1.374670	0.038159
166	4.641888	2.374670	0.038159
167	4.641888	2.874670	0.038159
168	4.641888	3.374670	0.038159
169	4.641888	3.874670	0.038159
170	4.641888	4.374670	0.038159
171	4.641888	4.874670	0.038159
172	4.641888	5.374670	0.038159
173	5.141888	-1.125330	0.038159
174	5.141888	-0.625330	0.038159
175	5.141888	-0.125330	0.038159
176	5.141888	0.374670	0.038159
177	5.141888	0.874670	0.038159
178	5.141888	1.374670	0.038159
179	5.141888	1.874670	0.038159
180	5.141888	2.374670	0.038159
181	5.141888	2.874670	0.038159
182	5.141888	3.374670	0.038159
183	5.141888	3.874670	0.038159
184	5.141888	4.374670	0.038159
185	5.141888	4.874670	0.038159
186	5.141888	5.374670	0.038159
187	5.641888	2.374670	0.038159
188	5.641888	2.874670	0.038159
189	5.641888	3.374670	0.038159
190	5.641888	3.874670	0.038159
191	5.641888	4.374670	0.038159
192	5.641888	4.874670	0.038159
193	5.641888	5.374670	0.038159
194	6.141888	2.374670	0.038159
195	6.141888	2.874670	0.038159
196	6.141888	3.374670	0.038159
197	6.141888	3.874670	0.038159
198	6.141888	4.374670	0.038159
199	6.141888	4.874670	0.038159
200	6.141888	5.374670	0.038159
201	6.641888	1.874670	0.038159
202	6.641888	2.374670	0.038159
203	6.641888	2.874670	0.038159
204	6.641888	3.374670	0.038159
205	6.641888	3.874670	0.038159
206	6.641888	4.374670	0.038159
207	6.641888	4.874670	0.038159
208	6.641888	5.374670	0.038159
209	7.141888	1.874670	0.038159
210	7.141888	2.374670	0.038159
211	7.141888	2.874670	0.038159
212	7.141888	3.374670	0.038159
213	7.141888	3.874670	0.038159
214	7.141888	4.374670	0.038159
215	7.141888	4.874670	0.038159
216	7.641888	1.874670	0.038159
217	7.641888	2.374670	0.038159
218	7.641888	2.874670	0.038159
219	7.641888	3.374670	0.038159
220	7.641888	3.874670	0.038159
221	7.641888	4.374670	0.038159
222	7.641888	4.874670	0.038159
223	7.641888	5.374670	0.038159
224	8.141888	1.874670	0.038159
225	8.141888	2.374670	0.038159
226	8.141888	2.874670	0.038159
227	8.141888	3.374670	0.038159
228	8.141888	3.874670	0.038159
229	8.141888	4.374670	0.038159
230	8.141888	4.874670	0.038159
231	8.141888	5.374670	0.038159
232	8.641888	1.874670	0.038159
233	8.641888	2.374670	0.038159
234	8.641888	2.874670	0.038159
235	8.641888	3.374670	0.038159
236	8.641888	3.874670	0.038159
237	8.641888	4.374670	0.038159
238	8.641888	4.874670	0.038159
239	8.641888	5.374670	0.038159
240	9.141888	1.874670	0.038159
241	9.141888	2.374670	0.038159
242	9.141888	2.874670	0.038159
243	9.141888	4.874670	0.038159
244	9.141888	5.374670	0.038159
