0	-1.941352	-1.115273	-0.106698
1	-1.941352	-0.615273	-0.106698
2	-1.941352	-0.115273	-0.106698
3	-1.941352	0.384727	-0.106698
4	-1.941352	0.884727	-0.106698
5	-1.941352	1.384727	-0.106698
6	-1.441352	-0.615273	-0.106698
7	-1.441352	-0.115273	-0.106698
8	-1.441352	0.384727	-0.106698
9	-1.441352	0.884727	-0.106698
10	-1.441352	1.384727	-0.106698
11	-0.941352	-1.115273	-0.106698
12	-0.941352	-0.615273	-0.106698
13	-0.941352	-0.115273	-0.106698
14	-0.941352	0.384727	-0.106698
15	-0.941352	0.884727	-0.106698
16	-0.941352	1.384727	-0.106698
17	-0.941352	1.884727	-0.106698
18	-0.941352	2.384727	-0.106698
19	-0.941352	2.884727	-0.106698
20	-0.441352	-1.615273	-0.106698
21	-0.441352	-1.115273	-0.106698
22	-0.441352	-0.615273	-0.106698
23	-0.441352	-0.115273	-0.106698
24	-0.441352	0.384727	-0.106698
25	-0.441352	0.884727	-0.106698
26	-0.441352	1.384727	-0.106698
27	-0.441352	1.884727	-0.106698
28	-0.441352	2.384727	-0.106698
29	-0.441352	2.884727	-0.106698
30	-0.441352	3.384727	-0.106698
31	-0.441352	3.884727	-0.106698
32	0.058648	-1.615273	-0.106698
33	0.058648	-1.115273	-0.106698
34	0.058648	-0.615273	-0.106698
35	0.058648	-0.115273	-0.106698
36	0.058648	0.384727	-0.106698
37	0.058648	0.884727	-0.106698
38	0.058648	1.384727	-0.106698
39	0.058648	1.884727	-0.106698
40	0.058648	2.384727	-0.106698
41	0.058648	2.884727	-0.106698
42	0.058648	3.384727	-0.106698
43	0.058648	3.884727	-0.106698
44	0.058648	4.884727	-0.106698
45	0.558648	-1.115273	-0.106698
46	0.558648	-0.615273	-0.106698
47	0.558648	-0.115273	-0.106698
48	0.558648	0.384727	-0.106698
49	0.558648	1.384727	-0.106698
50	0.558648	1.884727	-0.106698
51	0.558648	2.384727	-0.106698
52	0.558648	2.884727	-0.106698
53	0.558648	3.384727	-0.106698
54	0.558648	3.884727	-0.106698
55	0.558648	4.384727	-0.106698
56	0.558648	4.884727	-0.106698
57	0.558648	5.384727	-0.106698
58	0.558648	5.884727	-0.106698
59	1.058648	-1.115273	-0.106698
60	1.058648	-0.615273	-0.106698
61	1.058648	-0.115273	-0.106698
62	1.058648	0.384727	-0.106698
63	1.058648	0.884727	-0.106698
64	1.058648	1.384727	-0.106698
65	1.058648	1.884727	-0.106698
66	1.058648	2.384727	-0.106698
67	1.058648	2.884727	-0.106698
68	1.058648	3.384727	-0.106698
69	1.058648	3.884727	-0.106698
70	1.058648	4.384727	-0.106698
71	1.058648	4.884727	-0.106698
72	1.058648	5.384727	-0.106698
73	1.058648	5.884727	-0.106698
74	1.058648	6.384727	-0.106698
75	1.558648	-1.115273	-0.106698
76	1.558648	-0.615273	-0.106698
77	1.558648	-0.115273	-0.106698
78	1.558648	0.384727	-0.106698
79	1.558648	0.884727	-0.106698
80	1.558648	1.384727	-0.106698
81	1.558648	1.884727	-0.106698
82	1.558648	2.384727	-0.106698
83	1.558648	2.884727	-0.106698
84	1.558648	3.384727	-0.106698
85	1.558648	3.884727	-0.106698
86	1.558648	4.384727	-0.106698
87	1.558648	4.884727	-0.106698
88	1.558648	5.384727	-0.106698
89	1.558648	5.884727	-0.106698
90	1.558648	6.384727	-0.106698
91	2.058648	-1.115273	-0.106698
92	2.058648	-0.615273	-0.106698
93	2.058648	-0.115273	-0.106698
94	2.058648	0.384727	-0.106698
95	2.058648	0.884727	-0.106698
96	2.058648	1.384727	-0.106698
97	2.058648	1.884727	-0.106698
98	2.058648	2.384727	-0.106698
99	2.058648	2.884727	-0.106698
100	2.058648	3.384727	-0.106698
101	2.058648	3.884727	-0.106698
102	2.058648	4.384727	-0.106698
103	2.058648	4.884727	-0.106698
104	2.058648	5.384727	-0.106698
105	2.058648	5.884727	-0.106698
106	2.058648	6.384727	-0.106698
107	2.558648	-1.115273	-0.106698
108	2.558648	-0.615273	-0.106698
109	2.558648	-0.115273	-0.106698
110	2.558648	0.384727	-0.106698
111	2.558648	0.884727	-0.106698
112	2.558648	1.384727	-0.106698
113	2.558648	2.384727	-0.106698
114	2.558648	2.884727	-0.106698
115	2.558648	3.384727	-0.106698
116	2.558648	3.884727	-0.106698
117	2.558648	4.384727	-0.106698
118	2.558648	4.884727	-0.106698
119	2.558648	5.384727	-0.106698
120	2.558648	5.884727	-0.106698
121	2.558648	6.384727	-0.106698
122	3.058648	-1.115273	-0.106698
123	3.058648	-0.615273	-0.106698
124	3.058648	-0.115273	-0.106698
125	3.058648	0.384727	-0.106698
126	3.058648	0.884727	-0.106698
127	3.058648	1.384727	-0.106698
128	3.058648	2.384727	-0.106698
129	3.058648	2.884727	-0.106698
130	3.058648	3.384727	-0.106698
131	3.058648	3.884727	-0.106698
132	3.058648	4.384727	-0.106698
133	3.058648	5.884727	-0.106698
134	3.058648	6.384727	-0.106698
135	3.058648	6.884727	-0.106698
136	3.058648	7.384727	-0.106698
137	3.058648	7.884727	-0.106698
138	3.558648	-1.115273	-0.106698
139	3.558648	-0.615273	-0.106698
140	3.558648	-0.115273	-0.106698
141	3.558648	0.384727	-0.106698
142	3.558648	0.884727	-0.106698
143	3.558648	1.384727	-0.106698
144	3.558648	2.384727	-0.106698
145	3.558648	2.884727	-0.106698
146	3.558648	3.384727	-0.106698
147	3.558648	3.884727	-0.106698
148	3.558648	4.384727	-0.106698
149	3.558648	4.884727	-0.106698
150	3.558648	5.384727	-0.106698
151	3.558648	5.884727	-0.106698
152	3.558648	6.384727	-0.106698
153	3.558648	6.884727	-0.106698
154	3.558648	7.384727	-0.106698
155	3.558648	7.884727	-0.106698
156	4.058648	-1.115273	-0.106698
157	4.058648	-0.615273	-0.106698
158	4.058648	-0.115273	-0.106698
159	4.058648	0.384727	-0.106698
160	4.058648	0.884727	-0.106698
161	4.058648	1.384727	-0.106698
162	4.058648	2.384727	-0.106698
163	4.058648	2.884727	-0.106698
164	4.058648	3.384727	-0.106698
165	4.058648	3.884727	-0.106698
166	4.058648	4.384727	-0.106698
167	4.058648	4.884727	-0.106698
168	4.058648	5.384727	-0.106698
169	4.058648	5.884727	-0.106698
170	4.058648	6.384727	-0.106698
171	4.058648	6.884727	-0.106698
172	4.058648	7.384727	-0.106698
173	4.058648	7.884727	-0.106698
174	4.558648	-1.115273	-0.106698
175	4.558648	-0.615273	-0.106698
176	4.558648	-0.115273	-0.106698
177	4.558648	0.384727	-0.106698
178	4.558648	0.884727	-0.106698
179	4.558648	1.384727	-0.106698
180	4.558648	2.384727	-0.106698
181	4.558648	2.884727	-0.106698
182	4.558648	3.384727	-0.106698
183	4.558648	3.884727	-0.106698
184	4.558648	4.384727	-0.106698
185	4.558648	4.884727	-0.106698
186	4.558648	5.384727	-0.106698
187	4.558648	5.884727	-0.106698
188	4.558648	6.384727	-0.106698
189	4.558648	6.884727	-0.106698
190	4.558648	7.384727	-0.106698
191	4.558648	7.884727	-0.106698
192	5.058648	-1.115273	-0.106698
193	5.058648	-0.615273	-0.106698
194	5.058648	-0.115273	-0.106698
195	5.058648	0.384727	-0.106698
196	5.058648	0.884727	-0.106698
197	5.058648	1.384727	-0.106698
198	5.058648	2.384727	-0.106698
199	5.058648	2.884727	-0.106698
200	5.058648	3.384727	-0.106698
201	5.058648	3.884727	-0.106698
202	5.058648	4.384727	-0.106698
203	5.058648	4.884727	-0.106698
204	5.058648	5.384727	-0.106698
205	5.058648	5.884727	-0.106698
206	5.058648	6.384727	-0.106698
207	5.058648	6.884727	-0.106698
208	5.058648	7.384727	-0.106698
209	5.058648	7.884727	-0.106698
210	5.558648	-0.615273	-0.106698
211	5.558648	-0.115273	-0.106698
212	5.558648	0.384727	-0.106698
213	5.558648	0.884727	-0.106698
214	5.558648	1.384727	-0.106698
215	5.558648	1.884727	-0.106698
216	5.558648	2.384727	-0.106698
217	5.558648	2.884727	-0.106698
218	5.558648	3.384727	-0.106698
219	5.558648	3.884727	-0.106698
220	5.558648	4.384727	-0.106698
221	5.558648	4.884727	-0.106698
222	5.558648	5.384727	-0.106698
223	5.558648	5.884727	-0.106698
224	5.558648	6.384727	-0.106698
225	5.558648	6.884727	-0.106698
226	5.558648	7.384727	-0.106698
227	5.558648	7.884727	-0.106698
228	5.558648	8.384727	-0.106698
229	6.058648	-1.115273	-0.106698
230	6.058648	-0.615273	-0.106698
231	6.058648	-0.115273	-0.106698
232	6.058648	0.384727	-0.106698
233	6.058648	0.884727	-0.106698
234	6.058648	1.384727	-0.106698
235	6.058648	1.884727	-0.106698
236	6.058648	2.384727	-0.106698
237	6.058648	2.884727	-0.106698
238	6.058648	3.384727	-0.106698
239	6.058648	3.884727	-0.106698
240	6.058648	4.384727	-0.106698
241	6.058648	4.884727	-0.106698
242	6.058648	5.384727	-0.106698
243	6.058648	5.884727	-0.106698
244	6.058648	6.384727	-0.106698
245	6.058648	6.884727	-0.106698
246	6.058648	7.384727	-0.106698
247	6.058648	7.884727	-0.106698
248	6.058648	8.384727	-0.106698
249	6.558648	-0.615273	-0.106698
250	6.558648	-0.115273	-0.106698
251	6.558648	0.384727	-0.106698
252	6.558648	0.884727	-0.106698
253	6.558648	1.384727	-0.106698
254	6.558648	1.884727	-0.106698
255	6.558648	2.384727	-0.106698
256	6.558648	2.884727	-0.106698
257	6.558648	3.384727	-0.106698
