0	-16.916191	-0.945749	1.518554
1	-16.916191	0.054251	1.518554
2	-16.916191	1.054251	1.518554
3	-16.916191	2.054251	1.518554
4	-16.916191	3.054251	1.518554
5	-16.916191	4.054251	1.518554
6	-16.916191	5.054251	1.518554
7	-16.916191	10.054251	1.518554
8	-16.916191	15.054251	1.518554
9	-15.916191	-0.945749	1.518554
10	-15.916191	0.054251	1.518554
11	-15.916191	1.054251	1.518554
12	-15.916191	2.054251	1.518554
13	-15.916191	3.054251	1.518554
14	-15.916191	5.054251	1.518554
15	-15.916191	6.054251	1.518554
16	-15.916191	7.054251	1.518554
17	-15.916191	8.054251	1.518554
18	-15.916191	9.054251	1.518554
19	-15.916191	10.054251	1.518554
20	-15.916191	11.054251	1.518554
21	-15.916191	12.054251	1.518554
22	-15.916191	13.054251	1.518554
23	-15.916191	14.054251	1.518554
24	-15.916191	16.054251	1.518554
25	-15.916191	17.054251	1.518554
26	-15.916191	18.054251	1.518554
27	-15.916191	19.054251	1.518554
28	-15.916191	20.054251	1.518554
29	-15.916191	21.054251	1.518554
30	-15.916191	22.054251	1.518554
31	-15.916191	23.054251	1.518554
32	-15.916191	24.054251	1.518554
33	-15.916191	25.054251	1.518554
34	-15.916191	26.054251	1.518554
35	-15.916191	27.054251	1.518554
36	-14.916191	-0.945749	1.518554
37	-14.916191	0.054251	1.518554
38	-14.916191	1.054251	1.518554
39	-14.916191	2.054251	1.518554
40	-14.916191	3.054251	1.518554
41	-14.916191	5.054251	1.518554
42	-14.916191	6.054251	1.518554
43	-14.916191	7.054251	1.518554
44	-14.916191	8.054251	1.518554
45	-14.916191	9.054251	1.518554
46	-14.916191	10.054251	1.518554
47	-14.916191	11.054251	1.518554
48	-14.916191	12.054251	1.518554
49	-14.916191	13.054251	1.518554
50	-14.916191	14.054251	1.518554
51	-14.916191	15.054251	1.518554
52	-14.916191	16.054251	1.518554
53	-14.916191	17.054251	1.518554
54	-14.916191	18.054251	1.518554
55	-14.916191	19.054251	1.518554
56	-14.916191	20.054251	1.518554
57	-14.916191	21.054251	1.518554
58	-14.916191	22.054251	1.518554
59	-14.916191	23.054251	1.518554
60	-14.916191	24.054251	1.518554
61	-14.916191	25.054251	1.518554
62	-14.916191	26.054251	1.518554
63	-14.916191	27.054251	1.518554
64	-14.916191	28.054251	1.518554
65	-13.916191	-0.945749	1.518554
66	-13.916191	0.054251	1.518554
67	-13.916191	1.054251	1.518554
68	-13.916191	2.054251	1.518554
69	-13.916191	3.054251	1.518554
70	-13.916191	4.054251	1.518554
71	-13.916191	5.054251	1.518554
72	-13.916191	6.054251	1.518554
73	-13.916191	7.054251	1.518554
74	-13.916191	8.054251	1.518554
75	-13.916191	9.054251	1.518554
76	-13.916191	10.054251	1.518554
77	-13.916191	11.054251	1.518554
78	-13.916191	12.054251	1.518554
79	-13.916191	13.054251	1.518554
80	-13.916191	14.054251	1.518554
81	-13.916191	15.054251	1.518554
82	-13.916191	16.054251	1.518554
83	-13.916191	17.054251	1.518554
84	-13.916191	18.054251	1.518554
85	-13.916191	19.054251	1.518554
86	-13.916191	20.054251	1.518554
87	-13.916191	21.054251	1.518554
88	-13.916191	22.054251	1.518554
89	-13.916191	23.054251	1.518554
90	-13.916191	24.054251	1.518554
91	-13.916191	25.054251	1.518554
92	-13.916191	26.054251	1.518554
93	-13.916191	27.054251	1.518554
94	-13.916191	28.054251	1.518554
95	-13.916191	29.054251	1.518554
96	-12.916191	-0.945749	1.518554
97	-12.916191	0.054251	1.518554
98	-12.916191	1.054251	1.518554
99	-12.916191	2.054251	1.518554
100	-12.916191	3.054251	1.518554
101	-12.916191	5.054251	1.518554
102	-12.916191	6.054251	1.518554
103	-12.916191	7.054251	1.518554
104	-12.916191	9.054251	1.518554
105	-12.916191	10.054251	1.518554
106	-12.916191	11.054251	1.518554
107	-12.916191	12.054251	1.518554
108	-12.916191	14.054251	1.518554
109	-12.916191	15.054251	1.518554
110	-12.916191	16.054251	1.518554
111	-12.916191	18.054251	1.518554
112	-12.916191	19.054251	1.518554
113	-12.916191	20.054251	1.518554
114	-12.916191	21.054251	1.518554
115	-12.916191	23.054251	1.518554
116	-12.916191	24.054251	1.518554
117	-12.916191	25.054251	1.518554
118	-12.916191	29.054251	1.518554
119	-12.916191	30.054251	1.518554
120	-11.916191	-0.945749	1.518554
121	-11.916191	0.054251	1.518554
122	-11.916191	1.054251	1.518554
123	-11.916191	2.054251	1.518554
124	-11.916191	3.054251	1.518554
125	-11.916191	4.054251	1.518554
126	-11.916191	5.054251	1.518554
127	-11.916191	6.054251	1.518554
128	-11.916191	7.054251	1.518554
129	-11.916191	8.054251	1.518554
130	-11.916191	9.054251	1.518554
131	-11.916191	10.054251	1.518554
132	-11.916191	11.054251	1.518554
133	-11.916191	12.054251	1.518554
134	-11.916191	13.054251	1.518554
135	-11.916191	14.054251	1.518554
136	-11.916191	15.054251	1.518554
137	-11.916191	16.054251	1.518554
138	-11.916191	17.054251	1.518554
139	-11.916191	18.054251	1.518554
140	-11.916191	19.054251	1.518554
141	-11.916191	20.054251	1.518554
142	-11.916191	21.054251	1.518554
143	-11.916191	22.054251	1.518554
144	-11.916191	23.054251	1.518554
145	-11.916191	24.054251	1.518554
146	-11.916191	25.054251	1.518554
147	-11.916191	26.054251	1.518554
148	-11.916191	27.054251	1.518554
149	-11.916191	28.054251	1.518554
150	-11.916191	29.054251	1.518554
151	-11.916191	30.054251	1.518554
152	-10.916191	-0.945749	1.518554
153	-10.916191	0.054251	1.518554
154	-10.916191	1.054251	1.518554
155	-10.916191	2.054251	1.518554
156	-10.916191	3.054251	1.518554
157	-10.916191	4.054251	1.518554
158	-10.916191	5.054251	1.518554
159	-10.916191	6.054251	1.518554
160	-10.916191	7.054251	1.518554
161	-10.916191	8.054251	1.518554
162	-10.916191	9.054251	1.518554
163	-10.916191	10.054251	1.518554
164	-10.916191	11.054251	1.518554
165	-10.916191	12.054251	1.518554
166	-10.916191	13.054251	1.518554
167	-10.916191	14.054251	1.518554
168	-10.916191	15.054251	1.518554
169	-10.916191	16.054251	1.518554
170	-10.916191	17.054251	1.518554
171	-10.916191	18.054251	1.518554
172	-10.916191	19.054251	1.518554
173	-10.916191	20.054251	1.518554
174	-10.916191	21.054251	1.518554
175	-10.916191	22.054251	1.518554
176	-10.916191	23.054251	1.518554
177	-10.916191	24.054251	1.518554
178	-10.916191	25.054251	1.518554
179	-10.916191	26.054251	1.518554
180	-10.916191	27.054251	1.518554
181	-10.916191	28.054251	1.518554
182	-10.916191	29.054251	1.518554
183	-10.916191	30.054251	1.518554
184	-9.916191	-0.945749	1.518554
185	-9.916191	0.054251	1.518554
186	-9.916191	1.054251	1.518554
187	-9.916191	2.054251	1.518554
188	-9.916191	3.054251	1.518554
189	-9.916191	4.054251	1.518554
190	-9.916191	5.054251	1.518554
191	-9.916191	6.054251	1.518554
192	-9.916191	7.054251	1.518554
193	-9.916191	8.054251	1.518554
194	-9.916191	9.054251	1.518554
195	-9.916191	10.054251	1.518554
196	-9.916191	11.054251	1.518554
197	-9.916191	12.054251	1.518554
198	-9.916191	13.054251	1.518554
199	-9.916191	14.054251	1.518554
200	-9.916191	15.054251	1.518554
201	-9.916191	16.054251	1.518554
202	-9.916191	17.054251	1.518554
203	-9.916191	18.054251	1.518554
204	-9.916191	19.054251	1.518554
205	-9.916191	20.054251	1.518554
206	-9.916191	21.054251	1.518554
207	-9.916191	22.054251	1.518554
208	-9.916191	23.054251	1.518554
209	-9.916191	24.054251	1.518554
210	-9.916191	25.054251	1.518554
211	-9.916191	26.054251	1.518554
212	-9.916191	27.054251	1.518554
213	-9.916191	28.054251	1.518554
214	-9.916191	29.054251	1.518554
215	-9.916191	30.054251	1.518554
216	-8.916191	-0.945749	1.518554
217	-8.916191	0.054251	1.518554
218	-8.916191	1.054251	1.518554
219	-8.916191	2.054251	1.518554
220	-8.916191	3.054251	1.518554
221	-8.916191	4.054251	1.518554
222	-8.916191	5.054251	1.518554
223	-8.916191	6.054251	1.518554
224	-8.916191	7.054251	1.518554
225	-8.916191	8.054251	1.518554
226	-8.916191	9.054251	1.518554
227	-8.916191	10.054251	1.518554
228	-8.916191	11.054251	1.518554
229	-8.916191	12.054251	1.518554
230	-8.916191	13.054251	1.518554
231	-8.916191	14.054251	1.518554
232	-8.916191	15.054251	1.518554
233	-8.916191	16.054251	1.518554
234	-8.916191	17.054251	1.518554
235	-8.916191	18.054251	1.518554
236	-8.916191	19.054251	1.518554
237	-8.916191	20.054251	1.518554
238	-8.916191	21.054251	1.518554
239	-8.916191	22.054251	1.518554
240	-8.916191	23.054251	1.518554
241	-8.916191	24.054251	1.518554
242	-8.916191	25.054251	1.518554
243	-8.916191	26.054251	1.518554
244	-8.916191	27.054251	1.518554
245	-8.916191	28.054251	1.518554
246	-8.916191	29.054251	1.518554
247	-8.916191	30.054251	1.518554
248	-7.916191	0.054251	1.518554
249	-7.916191	1.054251	1.518554
250	-7.916191	2.054251	1.518554
251	-7.916191	3.054251	1.518554
252	-7.916191	5.054251	1.518554
253	-7.916191	6.054251	1.518554
254	-7.916191	7.054251	1.518554
255	-7.916191	8.054251	1.518554
256	-7.916191	9.054251	1.518554
257	-7.916191	10.054251	1.518554
258	-7.916191	11.054251	1.518554
259	-7.916191	12.054251	1.518554
260	-7.916191	13.054251	1.518554
261	-7.916191	14.054251	1.518554
262	-7.916191	15.054251	1.518554
263	-7.916191	16.054251	1.518554
264	-7.916191	17.054251	1.518554
265	-7.916191	18.054251	1.518554
266	-7.916191	19.054251	1.518554
267	-7.916191	20.054251	1.518554
268	-7.916191	21.054251	1.518554
269	-7.916191	22.054251	1.518554
270	-7.916191	23.054251	1.518554
271	-7.916191	24.054251	1.518554
272	-7.916191	25.054251	1.518554
273	-7.916191	26.054251	1.518554
274	-7.916191	27.054251	1.518554
275	-7.916191	28.054251	1.518554
276	-7.916191	29.054251	1.518554
277	-7.916191	30.054251	1.518554
278	-6.916191	0.054251	1.518554
279	-6.916191	1.054251	1.518554
280	-6.916191	2.054251	1.518554
281	-6.916191	3.054251	1.518554
282	-6.916191	5.054251	1.518554
283	-6.916191	6.054251	1.518554
284	-6.916191	7.054251	1.518554
285	-6.916191	8.054251	1.518554
286	-6.916191	9.054251	1.518554
287	-6.916191	10.054251	1.518554
288	-6.916191	11.054251	1.518554
289	-6.916191	12.054251	1.518554
290	-6.916191	13.054251	1.518554
291	-6.916191	14.054251	1.518554
292	-6.916191	15.054251	1.518554
293	-6.916191	16.054251	1.518554
294	-6.916191	17.054251	1.518554
295	-6.916191	18.054251	1.518554
296	-6.916191	19.054251	1.518554
297	-6.916191	20.054251	1.518554
298	-6.916191	21.054251	1.518554
299	-6.916191	22.054251	1.518554
300	-6.916191	23.054251	1.518554
301	-6.916191	24.054251	1.518554
302	-6.916191	25.054251	1.518554
303	-6.916191	26.054251	1.518554
304	-6.916191	27.054251	1.518554
305	-6.916191	28.054251	1.518554
306	-6.916191	29.054251	1.518554
307	-6.916191	30.054251	1.518554
308	-5.916191	0.054251	1.518554
309	-5.916191	1.054251	1.518554
310	-5.916191	2.054251	1.518554
311	-5.916191	3.054251	1.518554
312	-5.916191	4.054251	1.518554
313	-5.916191	5.054251	1.518554
314	-5.916191	6.054251	1.518554
315	-5.916191	7.054251	1.518554
316	-5.916191	8.054251	1.518554
317	-5.916191	9.054251	1.518554
318	-5.916191	10.054251	1.518554
319	-5.916191	11.054251	1.518554
320	-5.916191	12.054251	1.518554
321	-5.916191	13.054251	1.518554
322	-5.916191	14.054251	1.518554
323	-5.916191	15.054251	1.518554
324	-5.916191	16.054251	1.518554
325	-5.916191	17.054251	1.518554
326	-5.916191	18.054251	1.518554
327	-5.916191	19.054251	1.518554
328	-5.916191	20.054251	1.518554
329	-5.916191	21.054251	1.518554
330	-5.916191	22.054251	1.518554
331	-5.916191	23.054251	1.518554
332	-5.916191	24.054251	1.518554
333	-5.916191	25.054251	1.518554
334	-5.916191	26.054251	1.518554
335	-5.916191	27.054251	1.518554
336	-5.916191	28.054251	1.518554
337	-5.916191	29.054251	1.518554
338	-5.916191	30.054251	1.518554
339	-4.916191	0.054251	1.518554
340	-4.916191	1.054251	1.518554
341	-4.916191	2.054251	1.518554
342	-4.916191	3.054251	1.518554
343	-4.916191	4.054251	1.518554
344	-4.916191	5.054251	1.518554
345	-4.916191	6.054251	1.518554
346	-4.916191	7.054251	1.518554
347	-4.916191	8.054251	1.518554
348	-4.916191	9.054251	1.518554
349	-4.916191	10.054251	1.518554
350	-4.916191	11.054251	1.518554
351	-4.916191	12.054251	1.518554
352	-4.916191	13.054251	1.518554
353	-4.916191	14.054251	1.518554
354	-4.916191	15.054251	1.518554
355	-4.916191	16.054251	1.518554
356	-4.916191	17.054251	1.518554
357	-4.916191	18.054251	1.518554
358	-4.916191	19.054251	1.518554
359	-4.916191	20.054251	1.518554
360	-4.916191	21.054251	1.518554
361	-4.916191	22.054251	1.518554
362	-4.916191	23.054251	1.518554
363	-4.916191	24.054251	1.518554
364	-4.916191	25.054251	1.518554
365	-4.916191	26.054251	1.518554
366	-4.916191	27.054251	1.518554
367	-4.916191	28.054251	1.518554
368	-4.916191	29.054251	1.518554
369	-4.916191	30.054251	1.518554
370	-3.916191	0.054251	1.518554
371	-3.916191	1.054251	1.518554
372	-3.916191	2.054251	1.518554
373	-3.916191	3.054251	1.518554
374	-3.916191	4.054251	1.518554
375	-3.916191	5.054251	1.518554
376	-3.916191	6.054251	1.518554
377	-3.916191	7.054251	1.518554
378	-3.916191	8.054251	1.518554
379	-3.916191	9.054251	1.518554
380	-3.916191	10.054251	1.518554
381	-3.916191	11.054251	1.518554
382	-3.916191	12.054251	1.518554
383	-3.916191	13.054251	1.518554
384	-3.916191	14.054251	1.518554
385	-3.916191	15.054251	1.518554
386	-3.916191	16.054251	1.518554
387	-3.916191	17.054251	1.518554
388	-3.916191	18.054251	1.518554
389	-3.916191	19.054251	1.518554
390	-3.916191	20.054251	1.518554
391	-3.916191	21.054251	1.518554
392	-3.916191	22.054251	1.518554
393	-3.916191	23.054251	1.518554
394	-3.916191	24.054251	1.518554
395	-3.916191	25.054251	1.518554
396	-3.916191	26.054251	1.518554
397	-3.916191	27.054251	1.518554
398	-3.916191	28.054251	1.518554
399	-3.916191	29.054251	1.518554
400	-3.916191	30.054251	1.518554
401	-2.916191	0.054251	1.518554
402	-2.916191	1.054251	1.518554
403	-2.916191	2.054251	1.518554
404	-2.916191	3.054251	1.518554
405	-2.916191	4.054251	1.518554
406	-2.916191	5.054251	1.518554
407	-2.916191	7.054251	1.518554
408	-2.916191	8.054251	1.518554
409	-2.916191	9.054251	1.518554
410	-2.916191	10.054251	1.518554
411	-2.916191	11.054251	1.518554
412	-2.916191	12.054251	1.518554
413	-2.916191	13.054251	1.518554
414	-2.916191	14.054251	1.518554
415	-2.916191	15.054251	1.518554
416	-2.916191	16.054251	1.518554
417	-2.916191	17.054251	1.518554
418	-2.916191	18.054251	1.518554
419	-2.916191	19.054251	1.518554
420	-2.916191	20.054251	1.518554
421	-2.916191	21.054251	1.518554
422	-2.916191	22.054251	1.518554
423	-2.916191	23.054251	1.518554
424	-2.916191	24.054251	1.518554
425	-2.916191	25.054251	1.518554
426	-2.916191	26.054251	1.518554
427	-2.916191	27.054251	1.518554
428	-2.916191	28.054251	1.518554
429	-2.916191	29.054251	1.518554
430	-2.916191	30.054251	1.518554
431	-1.916191	-0.945749	1.518554
432	-1.916191	0.054251	1.518554
433	-1.916191	1.054251	1.518554
434	-1.916191	2.054251	1.518554
435	-1.916191	3.054251	1.518554
436	-1.916191	5.054251	1.518554
437	-1.916191	6.054251	1.518554
438	-1.916191	7.054251	1.518554
439	-1.916191	9.054251	1.518554
440	-1.916191	10.054251	1.518554
441	-1.916191	11.054251	1.518554
442	-1.916191	12.054251	1.518554
443	-1.916191	14.054251	1.518554
444	-1.916191	15.054251	1.518554
445	-1.916191	16.054251	1.518554
446	-1.916191	18.054251	1.518554
447	-1.916191	19.054251	1.518554
448	-1.916191	20.054251	1.518554
449	-1.916191	21.054251	1.518554
450	-1.916191	23.054251	1.518554
451	-1.916191	24.054251	1.518554
452	-1.916191	25.054251	1.518554
453	-1.916191	26.054251	1.518554
454	-1.916191	27.054251	1.518554
455	-1.916191	29.054251	1.518554
456	-1.916191	30.054251	1.518554
457	-0.916191	-0.945749	1.518554
458	-0.916191	0.054251	1.518554
459	-0.916191	1.054251	1.518554
460	-0.916191	2.054251	1.518554
461	-0.916191	3.054251	1.518554
462	-0.916191	4.054251	1.518554
463	-0.916191	5.054251	1.518554
464	-0.916191	6.054251	1.518554
465	-0.916191	7.054251	1.518554
466	-0.916191	8.054251	1.518554
467	-0.916191	9.054251	1.518554
468	-0.916191	10.054251	1.518554
469	-0.916191	11.054251	1.518554
470	-0.916191	12.054251	1.518554
471	-0.916191	13.054251	1.518554
472	-0.916191	14.054251	1.518554
473	-0.916191	15.054251	1.518554
474	-0.916191	16.054251	1.518554
475	-0.916191	17.054251	1.518554
476	-0.916191	18.054251	1.518554
477	-0.916191	19.054251	1.518554
478	-0.916191	20.054251	1.518554
479	-0.916191	21.054251	1.518554
480	-0.916191	22.054251	1.518554
481	-0.916191	23.054251	1.518554
482	-0.916191	24.054251	1.518554
483	-0.916191	25.054251	1.518554
484	-0.916191	26.054251	1.518554
485	-0.916191	27.054251	1.518554
486	-0.916191	28.054251	1.518554
487	-0.916191	29.054251	1.518554
488	0.083809	-0.945749	1.518554
489	0.083809	0.054251	1.518554
490	0.083809	1.054251	1.518554
491	0.083809	2.054251	1.518554
492	0.083809	3.054251	1.518554
493	0.083809	4.054251	1.518554
494	0.083809	5.054251	1.518554
495	0.083809	6.054251	1.518554
496	0.083809	7.054251	1.518554
497	0.083809	8.054251	1.518554
498	0.083809	9.054251	1.518554
499	0.083809	10.054251	1.518554
500	0.083809	11.054251	1.518554
501	0.083809	12.054251	1.518554
502	0.083809	13.054251	1.518554
503	0.083809	14.054251	1.518554
504	0.083809	15.054251	1.518554
505	0.083809	16.054251	1.518554
506	0.083809	17.054251	1.518554
507	0.083809	18.054251	1.518554
508	0.083809	19.054251	1.518554
509	0.083809	20.054251	1.518554
510	0.083809	21.054251	1.518554
511	0.083809	22.054251	1.518554
512	0.083809	23.054251	1.518554
513	0.083809	24.054251	1.518554
514	0.083809	25.054251	1.518554
515	0.083809	26.054251	1.518554
516	0.083809	27.054251	1.518554
517	0.083809	28.054251	1.518554
518	1.083809	-0.945749	1.518554
519	1.083809	0.054251	1.518554
520	1.083809	1.054251	1.518554
521	1.083809	2.054251	1.518554
522	1.083809	3.054251	1.518554
523	1.083809	4.054251	1.518554
524	1.083809	5.054251	1.518554
525	1.083809	6.054251	1.518554
526	1.083809	7.054251	1.518554
527	1.083809	8.054251	1.518554
528	1.083809	9.054251	1.518554
529	1.083809	10.054251	1.518554
530	1.083809	11.054251	1.518554
531	1.083809	12.054251	1.518554
532	1.083809	13.054251	1.518554
533	1.083809	14.054251	1.518554
534	1.083809	15.054251	1.518554
535	1.083809	16.054251	1.518554
536	1.083809	17.054251	1.518554
537	1.083809	18.054251	1.518554
538	1.083809	19.054251	1.518554
539	1.083809	20.054251	1.518554
540	1.083809	21.054251	1.518554
541	1.083809	22.054251	1.518554
542	1.083809	23.054251	1.518554
543	1.083809	24.054251	1.518554
544	1.083809	25.054251	1.518554
545	1.083809	26.054251	1.518554
546	2.083809	-0.945749	1.518554
