0	-14.265832	4.571979	1.515308
1	-14.265832	5.571979	1.515308
2	-13.265832	0.571979	1.498219
3	-13.265832	3.571979	1.515308
4	-13.265832	4.571979	1.515308
5	-13.265832	5.571979	1.515308
6	-13.265832	6.571979	1.515308
7	-12.265832	0.571979	1.266656
8	-12.265832	1.571979	1.498219
9	-12.265832	2.571979	1.498219
10	-12.265832	3.571979	1.498219
11	-12.265832	4.571979	1.515308
12	-12.265832	5.571979	1.515308
13	-12.265832	6.571979	1.515308
14	-12.265832	7.571979	1.515308
15	-11.265832	-1.428021	1.266656
16	-11.265832	-0.428021	1.266656
17	-11.265832	2.571979	1.498219
18	-11.265832	4.571979	1.498219
19	-11.265832	5.571979	1.515308
20	-11.265832	6.571979	1.515308
21	-10.265832	-2.428021	1.266656
22	-10.265832	-1.428021	1.266656
23	-10.265832	-0.428021	1.266656
24	-10.265832	0.571979	1.266656
25	-10.265832	2.571979	1.498219
26	-10.265832	3.571979	1.498219
27	-10.265832	5.571979	1.503668
28	-9.265832	-3.428021	1.266656
29	-9.265832	-2.428021	1.266656
30	-9.265832	-1.428021	1.266656
31	-9.265832	-0.428021	1.266656
32	-9.265832	0.571979	1.266656
33	-9.265832	1.571979	1.266656
34	-9.265832	3.571979	1.498219
35	-9.265832	4.571979	1.498219
36	-9.265832	6.571979	1.503668
37	-8.265832	-4.428021	1.266656
38	-8.265832	-3.428021	1.266656
39	-8.265832	-2.428021	1.266656
40	-8.265832	-1.428021	1.266656
41	-8.265832	-0.428021	1.266656
42	-8.265832	0.571979	1.266656
43	-8.265832	3.571979	1.498219
44	-8.265832	7.571979	1.503668
45	-7.265832	-4.428021	1.266656
46	-7.265832	-3.428021	1.266656
47	-7.265832	-2.428021	1.266656
48	-7.265832	-1.428021	1.266656
49	-7.265832	-0.428021	1.266656
50	-7.265832	2.571979	1.484620
51	-7.265832	9.571979	1.470711
52	-7.265832	10.571979	1.470711
53	-6.265832	-3.428021	1.266656
54	-6.265832	-2.428021	1.266656
55	-6.265832	-1.428021	1.266656
56	-6.265832	0.571979	1.484620
57	-6.265832	1.571979	1.484620
58	-6.265832	2.571979	1.484620
59	-6.265832	3.571979	1.484620
60	-6.265832	9.571979	1.470711
61	-6.265832	10.571979	1.470711
62	-6.265832	11.571979	1.470711
63	-5.265832	-2.428021	1.500393
64	-5.265832	-1.428021	1.266656
65	-5.265832	0.571979	1.484620
66	-5.265832	1.571979	1.484620
67	-5.265832	2.571979	1.484620
68	-5.265832	3.571979	1.484620
69	-5.265832	4.571979	1.484620
70	-5.265832	7.571979	1.470711
71	-5.265832	8.571979	1.470711
72	-5.265832	9.571979	1.470711
73	-5.265832	10.571979	1.470711
74	-5.265832	11.571979	1.470711
75	-4.265832	-3.428021	1.500393
76	-4.265832	-1.428021	1.484381
77	-4.265832	0.571979	1.484620
78	-4.265832	1.571979	1.484620
79	-4.265832	2.571979	1.484620
80	-4.265832	3.571979	1.484620
81	-4.265832	4.571979	1.484620
82	-4.265832	7.571979	1.470711
83	-4.265832	8.571979	1.470711
84	-4.265832	9.571979	1.470711
85	-4.265832	10.571979	1.470711
86	-4.265832	11.571979	1.460350
87	-4.265832	13.571979	1.460350
88	-3.265832	-3.428021	1.500393
89	-3.265832	-1.428021	1.484381
90	-3.265832	0.571979	1.484620
91	-3.265832	1.571979	1.484620
92	-3.265832	2.571979	1.484620
93	-3.265832	3.571979	1.484620
94	-3.265832	4.571979	1.484620
95	-3.265832	7.571979	1.470711
96	-3.265832	8.571979	1.470711
97	-3.265832	9.571979	1.470711
98	-3.265832	10.571979	1.470711
99	-3.265832	11.571979	1.460350
100	-3.265832	12.571979	1.460350
101	-3.265832	13.571979	1.460350
102	-3.265832	14.571979	1.460350
103	-2.265832	-3.428021	1.499936
104	-2.265832	-1.428021	1.499936
105	-2.265832	1.571979	1.499936
106	-2.265832	2.571979	1.499936
107	-2.265832	3.571979	1.499936
108	-2.265832	8.571979	1.470711
109	-2.265832	9.571979	1.470711
110	-2.265832	11.571979	1.460350
111	-2.265832	12.571979	1.460350
112	-2.265832	13.571979	1.460350
113	-1.265832	-4.428021	1.499936
114	-1.265832	-3.428021	1.499936
115	-1.265832	-2.428021	1.499936
116	-1.265832	-1.428021	1.499936
117	-1.265832	-0.428021	1.499936
118	-1.265832	0.571979	1.499936
119	-1.265832	1.571979	1.499936
120	-1.265832	2.571979	1.499936
121	-1.265832	3.571979	1.499936
122	-1.265832	4.571979	1.499936
123	-1.265832	5.571979	1.499936
124	-1.265832	6.571979	1.499936
125	-1.265832	7.571979	1.499936
126	-1.265832	8.571979	1.460350
127	-1.265832	9.571979	1.460350
128	-1.265832	10.571979	1.460350
129	-1.265832	11.571979	1.460350
130	-1.265832	12.571979	1.460350
131	-1.265832	13.571979	1.460350
132	-1.265832	21.571980	1.476713
133	-1.265832	22.571980	1.476713
134	-0.265832	-5.428021	1.544200
135	-0.265832	-4.428021	1.544200
136	-0.265832	-3.428021	1.544200
137	-0.265832	-2.428021	1.544200
138	-0.265832	-1.428021	1.544200
139	-0.265832	-0.428021	1.544200
140	-0.265832	0.571979	1.480119
141	-0.265832	1.571979	1.480119
142	-0.265832	2.571979	1.480119
143	-0.265832	3.571979	1.480119
144	-0.265832	9.571979	1.460350
145	-0.265832	10.571979	1.460350
146	-0.265832	11.571979	1.460350
147	-0.265832	12.571979	1.460350
148	-0.265832	13.571979	1.460350
149	-0.265832	14.571979	1.460350
150	-0.265832	20.571980	1.476713
151	-0.265832	21.571980	1.476713
152	-0.265832	22.571980	1.476713
153	-0.265832	23.571980	1.476713
154	0.734168	-4.428021	1.544200
155	0.734168	-3.428021	1.544200
156	0.734168	-2.428021	1.544200
157	0.734168	-1.428021	1.544200
158	0.734168	-0.428021	1.544200
159	0.734168	0.571979	1.480119
160	0.734168	1.571979	1.480119
161	0.734168	2.571979	1.480119
162	0.734168	3.571979	1.480119
163	0.734168	13.571979	1.460350
164	0.734168	20.571980	1.476713
165	0.734168	21.571980	1.476713
166	0.734168	22.571980	1.476713
167	0.734168	23.571980	1.476713
168	0.734168	24.571980	1.476713
169	1.734168	-4.428021	1.544200
170	1.734168	-3.428021	1.544200
171	1.734168	-2.428021	1.544200
172	1.734168	-1.428021	1.544200
173	1.734168	-0.428021	1.544200
174	1.734168	0.571979	1.480119
175	1.734168	1.571979	1.480119
176	1.734168	2.571979	1.480119
177	1.734168	3.571979	1.480119
178	1.734168	13.571979	1.462251
179	1.734168	18.571980	1.462251
180	1.734168	20.571980	1.476713
181	1.734168	21.571980	1.476713
182	1.734168	22.571980	1.476713
183	1.734168	24.571980	1.479348
184	1.734168	25.571980	1.479348
185	2.734168	-4.428021	1.544200
186	2.734168	-3.428021	1.544200
187	2.734168	-2.428021	1.544200
188	2.734168	-1.428021	1.544200
189	2.734168	-0.428021	1.544200
190	2.734168	3.571979	1.480119
191	2.734168	13.571979	1.462251
192	2.734168	15.571979	1.462251
193	2.734168	21.571980	1.510482
194	3.734168	-5.428021	1.544200
195	3.734168	-4.428021	1.544200
196	3.734168	-3.428021	1.544200
197	3.734168	-2.428021	1.544200
198	3.734168	-1.428021	1.544200
199	3.734168	-0.428021	1.544200
200	3.734168	0.571979	1.544200
201	3.734168	15.571979	1.493533
202	3.734168	22.571980	1.510482
203	3.734168	23.571980	1.510482
204	3.734168	24.571980	1.479348
205	4.734168	-3.428021	1.544200
206	4.734168	-2.428021	1.544200
207	4.734168	-1.428021	1.544200
208	4.734168	-0.428021	1.544200
209	4.734168	13.571979	1.493533
210	4.734168	14.571979	1.493533
211	4.734168	15.571979	1.493533
212	4.734168	16.571980	1.493533
213	4.734168	17.571980	1.493533
214	4.734168	18.571980	1.480753
215	4.734168	19.571980	1.480753
216	4.734168	20.571980	1.510482
217	4.734168	21.571980	1.510482
218	4.734168	22.571980	1.510482
219	4.734168	23.571980	1.510482
220	4.734168	24.571980	1.510482
221	5.734168	13.571979	1.493533
222	5.734168	14.571979	1.493533
223	5.734168	15.571979	1.493533
224	5.734168	16.571980	1.493533
225	5.734168	21.571980	1.510482
226	5.734168	22.571980	1.510482
227	5.734168	23.571980	1.510482
228	5.734168	24.571980	1.510482
229	6.734168	13.571979	1.493533
230	6.734168	14.571979	1.493533
231	6.734168	15.571979	1.493533
232	6.734168	16.571980	1.493533
233	6.734168	17.571980	1.493533
234	6.734168	19.571980	1.510542
235	6.734168	21.571980	1.510482
236	6.734168	22.571980	1.510482
237	6.734168	23.571980	1.510482
238	6.734168	24.571980	1.510482
239	7.734168	13.571979	1.493533
240	7.734168	14.571979	1.493533
241	7.734168	15.571979	1.493533
242	7.734168	16.571980	1.493533
243	7.734168	17.571980	1.493533
244	7.734168	19.571980	1.510542
245	7.734168	20.571980	1.510542
246	7.734168	23.571980	1.510482
247	8.734168	12.571979	1.493533
248	8.734168	13.571979	1.493533
249	8.734168	14.571979	1.493533
250	8.734168	15.571979	1.493533
251	8.734168	16.571980	1.493533
252	8.734168	19.571980	1.510542
253	8.734168	20.571980	1.510542
254	8.734168	22.571980	1.510482
255	9.734168	12.571979	1.493533
256	9.734168	13.571979	1.493533
257	9.734168	14.571979	1.493533
258	9.734168	15.571979	1.493533
259	9.734168	16.571980	1.493533
260	9.734168	17.571980	1.493533
261	9.734168	19.571980	1.510542
262	9.734168	20.571980	1.510542
263	10.734168	13.571979	1.493533
264	10.734168	14.571979	1.493533
265	0.734168	-10.428021	1.522795
266	0.734168	-9.428021	1.522795
267	0.734168	-8.428021	1.522795
268	0.734168	-7.428021	1.522795
269	1.734168	-10.428021	1.522795
270	1.734168	-9.428021	1.522795
271	1.734168	-8.428021	1.522795
272	1.734168	-7.428021	1.522795
273	2.734168	-13.428021	1.533858
274	2.734168	-12.428021	1.533858
275	2.734168	-10.428021	1.522795
276	2.734168	-9.428021	1.522795
277	2.734168	-8.428021	1.522795
278	2.734168	-7.428021	1.522795
279	3.734168	-13.428021	1.533858
280	3.734168	-12.428021	1.533858
281	3.734168	-11.428021	1.522795
282	3.734168	-10.428021	1.522795
283	3.734168	-9.428021	1.522795
284	3.734168	-8.428021	1.522795
285	3.734168	-7.428021	1.522795
286	4.734168	-13.428021	1.533858
287	4.734168	-12.428021	1.533858
288	4.734168	-10.428021	1.522795
289	4.734168	-9.428021	1.522795
290	4.734168	-8.428021	1.522795
291	-4.265832	17.571980	1.506213
292	-4.265832	18.571980	1.506213
293	-4.265832	19.571980	1.506213
294	-3.265832	16.571980	1.506213
295	-3.265832	17.571980	1.506213
296	-3.265832	18.571980	1.506213
297	-3.265832	19.571980	1.506213
298	-3.265832	20.571980	1.506213
299	-2.265832	15.571979	1.506213
300	-2.265832	16.571980	1.506213
301	-2.265832	17.571980	1.506213
302	-2.265832	18.571980	1.506213
303	-2.265832	19.571980	1.506213
304	-2.265832	20.571980	1.476713
305	-1.265832	15.571979	1.506213
306	-1.265832	16.571980	1.506213
307	-1.265832	17.571980	1.506213
308	-1.265832	18.571980	1.506213
309	-1.265832	19.571980	1.476713
310	-0.265832	15.571979	1.506213
311	-0.265832	16.571980	1.506213
312	-0.265832	18.571980	1.506213
