0	-19.468372	-20.971193	0.047960
1	-19.468372	-19.971193	0.047960
2	-19.468372	-18.971193	0.047960
3	-18.468372	-21.971193	0.047960
4	-18.468372	-20.971193	0.047960
5	-18.468372	-19.971193	0.047960
6	-18.468372	-18.971193	0.047960
7	-18.468372	-17.971193	0.047960
8	-17.468372	-21.971193	0.047960
9	-17.468372	-20.971193	0.047960
10	-17.468372	-18.971193	0.047960
11	-17.468372	-17.971193	0.047960
12	-16.468372	-21.971193	0.047960
13	-16.468372	-20.971193	0.047960
14	-16.468372	-19.971193	0.047960
15	-16.468372	-18.971193	0.047960
16	-16.468372	-17.971193	0.047960
17	-16.468372	-15.971193	0.109610
18	-16.468372	-14.971193	0.109610
19	-16.468372	-13.971193	0.109610
20	-16.468372	-12.971193	0.109610
21	-16.468372	-11.971193	0.109610
22	-16.468372	-10.971193	0.109610
23	-15.468372	-21.971193	0.047960
24	-15.468372	-20.971193	0.047960
25	-15.468372	-19.971193	0.047960
26	-15.468372	-18.971193	0.047960
27	-15.468372	-17.971193	0.047960
28	-15.468372	-16.971193	0.109610
29	-15.468372	-15.971193	0.109610
30	-15.468372	-14.971193	0.109610
31	-15.468372	-13.971193	0.109610
32	-15.468372	-12.971193	0.109610
33	-15.468372	-11.971193	0.109610
34	-15.468372	-10.971193	0.109610
35	-15.468372	-7.971193	0.136720
36	-15.468372	-6.971193	0.136720
37	-15.468372	-5.971193	0.136720
38	-15.468372	-4.971193	0.136720
39	-15.468372	-3.971193	0.136720
40	-14.468372	-17.971193	0.047960
41	-14.468372	-14.971193	0.109610
42	-14.468372	-13.971193	0.109610
43	-14.468372	-12.971193	0.109610
44	-14.468372	-11.971193	0.109610
45	-14.468372	-10.971193	0.109610
46	-14.468372	-9.971193	0.109610
47	-14.468372	-8.971193	0.109610
48	-14.468372	-7.971193	0.136720
49	-14.468372	-6.971193	0.136720
50	-14.468372	-5.971193	0.136720
51	-14.468372	-4.971193	0.136720
52	-14.468372	-3.971193	0.136720
53	-13.468372	-24.971193	1.041513
54	-13.468372	-23.971193	1.041513
55	-13.468372	-22.971193	1.041513
56	-13.468372	-21.971193	1.041513
57	-13.468372	-17.971193	0.093990
58	-13.468372	-16.971193	0.109610
59	-13.468372	-15.971193	0.109610
60	-13.468372	-13.971193	0.109610
61	-13.468372	-12.971193	0.109610
62	-13.468372	-11.971193	0.109610
63	-13.468372	-10.971193	0.109610
64	-13.468372	-9.971193	0.109610
65	-13.468372	-8.971193	0.109610
66	-13.468372	-7.971193	0.136720
67	-13.468372	-6.971193	0.136720
68	-13.468372	-5.971193	0.136720
69	-13.468372	-4.971193	0.136720
70	-13.468372	-3.971193	0.136720
71	-12.468372	-25.971193	1.041513
72	-12.468372	-24.971193	1.041513
73	-12.468372	-23.971193	1.041513
74	-12.468372	-22.971193	1.041513
75	-12.468372	-21.971193	1.041513
76	-12.468372	-20.971193	1.041513
77	-12.468372	-17.971193	0.093990
78	-12.468372	-16.971193	0.093990
79	-12.468372	-15.971193	0.093990
80	-12.468372	-14.971193	0.109610
81	-12.468372	-11.971193	0.109610
82	-12.468372	-10.971193	0.109610
83	-12.468372	-6.971193	0.136720
84	-12.468372	-5.971193	0.136720
85	-12.468372	-4.971193	0.136720
86	-12.468372	-3.971193	0.136720
87	-11.468372	-25.971193	1.041513
88	-11.468372	-24.971193	1.041513
89	-11.468372	-23.971193	1.041513
90	-11.468372	-22.971193	1.041513
91	-11.468372	-21.971193	1.041513
92	-11.468372	-20.971193	1.041513
93	-11.468372	-19.971193	1.041513
94	-11.468372	-17.971193	0.201900
95	-11.468372	-14.971193	0.093990
96	-11.468372	-13.971193	0.093990
97	-11.468372	-11.971193	0.093990
98	-11.468372	-7.971193	0.136720
99	-11.468372	-6.971193	0.136720
100	-11.468372	-3.971193	0.136720
101	-10.468372	-24.971193	1.041513
102	-10.468372	-23.971193	1.041513
103	-10.468372	-22.971193	1.041513
104	-10.468372	-21.971193	1.041513
105	-10.468372	-20.971193	1.041513
106	-10.468372	-17.971193	0.201900
107	-10.468372	-15.971193	0.070000
108	-10.468372	-13.971193	0.093990
109	-10.468372	-12.971193	0.093990
110	-10.468372	-10.971193	0.093990
111	-10.468372	-6.971193	-0.568130
112	-10.468372	-5.971193	-0.568130
113	-10.468372	-4.971193	-0.568130
114	-10.468372	-3.971193	-0.568130
115	-10.468372	-2.971193	-0.568130
116	-10.468372	-1.971193	-0.568130
117	-9.468372	-25.971193	1.041513
118	-9.468372	-24.971193	1.041513
119	-9.468372	-23.971193	1.041513
120	-9.468372	-22.971193	1.041513
121	-9.468372	-21.971193	1.041513
122	-9.468372	-20.971193	1.041513
123	-9.468372	-19.971193	1.498730
124	-9.468372	-18.971193	1.498730
125	-9.468372	-17.971193	0.201900
126	-9.468372	-16.971193	3.224060
127	-9.468372	-14.971193	0.070000
128	-9.468372	-12.971193	0.093990
129	-9.468372	-11.971193	0.093990
130	-9.468372	-9.971193	0.093990
131	-9.468372	-8.971193	0.093990
132	-9.468372	-6.971193	-0.568130
133	-9.468372	-5.971193	-0.568130
134	-9.468372	-4.971193	-0.568130
135	-9.468372	-3.971193	-0.568130
136	-9.468372	-2.971193	-0.568130
137	-9.468372	-1.971193	-0.568130
138	-9.468372	-0.971193	-0.568130
139	-8.468372	-24.971193	1.041513
140	-8.468372	-23.971193	1.041513
141	-8.468372	-22.971193	1.041513
142	-8.468372	-20.971193	1.498730
143	-8.468372	-19.971193	1.498730
144	-8.468372	-18.971193	1.498730
145	-8.468372	-17.971193	1.498730
146	-8.468372	-16.971193	3.224060
147	-8.468372	-15.971193	3.224060
148	-8.468372	-14.971193	3.224060
149	-8.468372	-13.971193	3.224060
150	-8.468372	-10.971193	0.093990
151	-8.468372	-9.971193	0.093990
152	-8.468372	-6.971193	-0.568130
153	-8.468372	-5.971193	-0.568130
154	-8.468372	-4.971193	-0.568130
155	-8.468372	-3.971193	-0.568130
156	-8.468372	-2.971193	-0.568130
157	-8.468372	-1.971193	-0.568130
158	-8.468372	-0.971193	-0.568130
159	-7.468372	-22.971193	1.041513
160	-7.468372	-20.971193	1.498730
161	-7.468372	-19.971193	1.498730
162	-7.468372	-18.971193	1.498730
163	-7.468372	-17.971193	1.498730
164	-7.468372	-16.971193	1.498730
165	-7.468372	-15.971193	3.224060
166	-7.468372	-14.971193	3.224060
167	-7.468372	-13.971193	3.224060
168	-7.468372	-12.971193	0.230970
169	-7.468372	-10.971193	0.093990
170	-7.468372	-9.971193	0.093990
171	-7.468372	-6.971193	-0.568130
172	-7.468372	-5.971193	-0.568130
173	-7.468372	-4.971193	-0.568130
174	-7.468372	-3.971193	-0.568130
175	-7.468372	-2.971193	-0.568130
176	-7.468372	-1.971193	-0.568130
177	-7.468372	-0.971193	-0.568130
178	-6.468372	-19.971193	1.498730
179	-6.468372	-18.971193	1.498730
180	-6.468372	-17.971193	1.498730
181	-6.468372	-16.971193	1.498730
182	-6.468372	-15.971193	3.224060
183	-6.468372	-13.971193	0.230970
184	-6.468372	-12.971193	0.230970
185	-6.468372	-11.971193	0.230970
186	-6.468372	-10.971193	0.093990
187	-6.468372	-9.971193	0.093990
188	-6.468372	-8.971193	0.093990
189	-6.468372	-7.971193	-0.568130
190	-6.468372	-6.971193	-0.568130
191	-6.468372	-5.971193	-0.568130
192	-6.468372	-4.971193	-0.568130
193	-6.468372	-3.971193	-0.568130
194	-6.468372	-2.971193	-0.568130
195	-6.468372	-1.971193	-0.568130
196	-6.468372	-0.971193	-0.568130
197	-5.468372	-19.971193	1.498730
198	-5.468372	-18.971193	1.498730
199	-5.468372	-17.971193	1.498730
200	-5.468372	-16.971193	1.498730
201	-5.468372	-15.971193	1.498730
202	-5.468372	-14.971193	0.230970
203	-5.468372	-13.971193	0.230970
204	-5.468372	-12.971193	0.230970
205	-5.468372	-11.971193	0.230970
206	-5.468372	-10.971193	0.093990
207	-5.468372	-9.971193	0.093990
208	-5.468372	-8.971193	0.093990
209	-5.468372	-7.971193	-0.568130
210	-5.468372	-6.971193	-0.568130
211	-5.468372	-5.971193	-0.568130
212	-5.468372	-4.971193	-0.568130
213	-5.468372	-3.971193	-0.568130
214	-5.468372	-2.971193	-0.568130
215	-5.468372	-1.971193	-0.568130
216	-5.468372	-0.971193	-0.568130
217	-4.468372	-18.971193	1.498730
218	-4.468372	-17.971193	1.498730
219	-4.468372	-16.971193	1.498730
220	-4.468372	-15.971193	1.498730
221	-4.468372	-14.971193	1.498730
222	-4.468372	-6.971193	-0.568130
223	-4.468372	-5.971193	-0.568130
224	-4.468372	-4.971193	-0.568130
225	-4.468372	-3.971193	-0.568130
226	-4.468372	-2.971193	-0.568130
227	-4.468372	-1.971193	-0.568130
228	-4.468372	-0.971193	-0.568130
229	-3.468372	-16.971193	1.498730
230	-3.468372	-15.971193	1.540781
231	-3.468372	-14.971193	1.540781
232	-3.468372	-13.971193	1.540781
233	-3.468372	-6.971193	-0.568130
234	-3.468372	-5.971193	-0.568130
235	-3.468372	-4.971193	-0.568130
236	-3.468372	-3.971193	-0.568130
237	-3.468372	-2.971193	-0.568130
238	-3.468372	-1.971193	-0.568130
239	-2.468372	-14.971193	1.540781
240	-2.468372	-13.971193	1.540781
241	-2.468372	-6.971193	-0.568130
242	-2.468372	-5.971193	-0.568130
243	-2.468372	-4.971193	-0.568130
244	-2.468372	-3.971193	-0.568130
245	-2.468372	-2.971193	-0.568130
246	-2.468372	-1.971193	-0.568130
247	-2.468372	-0.971193	-0.568130
248	-1.468372	-15.971193	1.540781
249	-1.468372	-14.971193	1.540781
250	-1.468372	-13.971193	1.540781
251	-1.468372	-12.971193	1.541235
252	-1.468372	-6.971193	-0.589500
253	-1.468372	-5.971193	-0.589500
254	-1.468372	-4.971193	-0.568130
255	-1.468372	-3.971193	-0.568130
256	-1.468372	-2.971193	-0.568130
257	-1.468372	-1.971193	-0.568130
258	-0.468372	-15.971193	1.540781
259	-0.468372	-14.971193	1.540781
260	-0.468372	-13.971193	1.540781
261	-0.468372	-12.971193	1.540781
262	-0.468372	-11.971193	1.540781
263	-0.468372	-6.971193	-0.589500
264	-0.468372	-5.971193	-0.589500
265	-0.468372	-4.971193	-0.589500
266	-0.468372	-3.971193	-0.589500
267	-0.468372	-2.971193	-0.568130
268	0.531628	-15.971193	1.540781
269	0.531628	-14.971193	1.540781
270	0.531628	-13.971193	1.540781
271	0.531628	-12.971193	1.540781
272	0.531628	-11.971193	1.540781
273	0.531628	-10.971193	-0.550060
274	0.531628	-8.971193	-0.589500
275	0.531628	-7.971193	-0.589500
276	0.531628	-6.971193	-0.589500
277	0.531628	-5.971193	-0.589500
278	0.531628	-4.971193	-0.589500
279	0.531628	-3.971193	-0.589500
280	0.531628	-2.971193	-0.589500
281	1.531628	-14.971193	1.540781
282	1.531628	-13.971193	1.540781
283	1.531628	-12.971193	1.540781
284	1.531628	-10.971193	-0.550060
285	1.531628	-9.971193	-0.550060
286	1.531628	-8.971193	-0.589500
287	1.531628	-7.971193	-0.589500
288	1.531628	-6.971193	-0.589500
289	1.531628	-5.971193	-0.589500
290	1.531628	-4.971193	-0.589500
291	1.531628	-3.971193	-0.589500
292	2.531628	-7.971193	-0.589500
293	2.531628	-6.971193	-0.589500
294	2.531628	-5.971193	-0.589500
295	2.531628	-4.971193	-0.589500
296	2.531628	-3.971193	-0.589500
297	3.531628	-8.971193	-0.589500
298	3.531628	-7.971193	-0.589500
299	3.531628	-6.971193	-0.589500
300	3.531628	-5.971193	-0.589500
301	3.531628	-4.971193	-0.589500
302	3.531628	-3.971193	-0.589500
303	4.531628	-8.971193	-0.589500
304	4.531628	-7.971193	-0.589500
305	4.531628	-6.971193	-0.589500
306	4.531628	-5.971193	-0.589500
307	4.531628	-3.971193	-0.589500
308	-19.468372	-21.971193	4.828430
309	-19.468372	-20.971193	4.828430
310	-19.468372	-19.971193	4.828430
311	-19.468372	-18.971193	4.828430
312	-19.468372	-17.971193	4.828430
313	-18.468372	-21.971193	4.828430
314	-18.468372	-20.971193	4.828430
315	-18.468372	-19.971193	4.828430
316	-18.468372	-18.971193	4.828430
317	-18.468372	-17.971193	4.828430
318	-17.468372	-21.971193	4.828430
319	-17.468372	-20.971193	4.828430
320	-17.468372	-19.971193	4.828430
321	-17.468372	-18.971193	4.828430
322	-17.468372	-17.971193	4.828430
323	-17.468372	-13.971193	4.814380
324	-16.468372	-21.971193	4.828430
325	-16.468372	-20.971193	4.828430
326	-16.468372	-19.971193	4.828430
327	-16.468372	-18.971193	4.828430
328	-16.468372	-17.971193	4.828430
329	-16.468372	-16.971193	4.814380
330	-16.468372	-15.971193	4.814380
331	-16.468372	-14.971193	4.814380
332	-16.468372	-13.971193	4.814380
333	-16.468372	-12.971193	4.814380
334	-16.468372	-11.971193	4.814380
335	-15.468372	-22.971193	4.828430
336	-15.468372	-21.971193	4.828430
337	-15.468372	-20.971193	4.828430
338	-15.468372	-19.971193	4.828430
339	-15.468372	-18.971193	4.828430
340	-15.468372	-17.971193	4.828430
341	-15.468372	-15.971193	4.814380
342	-15.468372	-14.971193	4.814380
343	-15.468372	-13.971193	4.814380
344	-15.468372	-12.971193	4.814380
345	-15.468372	-11.971193	4.814380
346	-15.468372	-10.971193	4.814380
347	-15.468372	-9.971193	4.814380
348	-14.468372	-21.971193	4.778910
349	-14.468372	-17.971193	4.828430
350	-14.468372	-11.971193	4.814380
351	-14.468372	-10.971193	4.814380
352	-14.468372	-8.971193	4.800220
353	-13.468372	-21.971193	4.778910
354	-13.468372	-18.971193	4.778910
355	-13.468372	-17.971193	4.830320
356	-13.468372	-16.971193	4.814380
357	-13.468372	-15.971193	4.814380
358	-13.468372	-9.971193	4.800220
359	-13.468372	-8.971193	4.800220
360	-13.468372	-7.971193	4.800220
361	-12.468372	-22.971193	4.778910
362	-12.468372	-21.971193	4.778910
363	-12.468372	-20.971193	4.778910
364	-12.468372	-18.971193	4.778910
365	-12.468372	-17.971193	4.830320
366	-12.468372	-16.971193	4.830320
367	-12.468372	-15.971193	4.830320
368	-12.468372	-14.971193	4.830320
369	-12.468372	-9.971193	4.800220
370	-12.468372	-8.971193	4.800220
371	-12.468372	-7.971193	4.800220
372	-12.468372	-6.971193	4.800220
373	-11.468372	-23.971193	4.778910
374	-11.468372	-22.971193	4.778910
375	-11.468372	-21.971193	4.778910
376	-11.468372	-20.971193	4.778910
377	-11.468372	-19.971193	4.778910
378	-11.468372	-17.971193	4.830320
379	-11.468372	-16.971193	4.830320
380	-11.468372	-15.971193	4.830320
381	-11.468372	-14.971193	4.830320
382	-11.468372	-13.971193	4.830320
383	-11.468372	-9.971193	4.812230
384	-11.468372	-8.971193	4.800220
385	-11.468372	-7.971193	4.800220
386	-10.468372	-24.971193	4.778910
387	-10.468372	-23.971193	4.778910
388	-10.468372	-22.971193	4.778910
389	-10.468372	-21.971193	4.778910
390	-10.468372	-20.971193	4.778910
391	-10.468372	-19.971193	4.778910
392	-10.468372	-18.971193	4.778910
393	-10.468372	-17.971193	4.830320
394	-10.468372	-16.971193	4.830320
395	-10.468372	-15.971193	4.830320
396	-10.468372	-14.971193	4.830320
397	-10.468372	-13.971193	4.830320
398	-10.468372	-12.971193	4.830320
399	-10.468372	-10.971193	4.812230
400	-10.468372	-8.971193	4.800220
401	-10.468372	-7.971193	4.800220
402	-9.468372	-24.971193	4.778910
403	-9.468372	-23.971193	4.778910
404	-9.468372	-22.971193	4.778910
405	-9.468372	-21.971193	4.778910
406	-9.468372	-20.971193	4.778910
407	-9.468372	-19.971193	4.778910
408	-9.468372	-17.971193	4.830320
409	-9.468372	-16.971193	4.830320
410	-9.468372	-15.971193	4.830320
411	-9.468372	-14.971193	4.830320
412	-9.468372	-13.971193	4.830320
413	-9.468372	-12.971193	4.830320
414	-9.468372	-11.971193	4.812230
415	-9.468372	-7.971193	4.800220
416	-8.468372	-22.971193	4.778910
417	-8.468372	-21.971193	4.778910
418	-8.468372	-20.971193	4.778910
419	-8.468372	-18.971193	4.778910
420	-8.468372	-17.971193	4.830320
421	-8.468372	-16.971193	4.830320
422	-8.468372	-15.971193	4.830320
423	-8.468372	-14.971193	4.830320
424	-8.468372	-13.971193	4.830320
425	-8.468372	-12.971193	4.830320
426	-8.468372	-11.971193	4.830320
427	-8.468372	-10.971193	4.830320
428	-8.468372	-9.971193	4.830320
429	-7.468372	-18.971193	4.830320
430	-7.468372	-17.971193	4.830320
431	-7.468372	-16.971193	4.830320
432	-7.468372	-15.971193	4.830320
433	-7.468372	-14.971193	4.830320
434	-7.468372	-13.971193	4.830320
435	-7.468372	-12.971193	4.830320
436	-7.468372	-11.971193	4.830320
437	-7.468372	-10.971193	4.830320
438	-7.468372	-9.971193	4.830320
439	-6.468372	-18.971193	4.830320
440	-6.468372	-17.971193	4.830320
441	-6.468372	-16.971193	4.830320
442	-6.468372	-15.971193	4.830320
443	-6.468372	-14.971193	4.830320
444	-6.468372	-13.971193	4.830320
445	-6.468372	-12.971193	4.830320
446	-6.468372	-11.971193	4.830320
447	-6.468372	-10.971193	4.830320
448	-6.468372	-9.971193	4.830320
449	-5.468372	-18.971193	4.830320
450	-5.468372	-17.971193	4.830320
451	-5.468372	-16.971193	4.830320
452	-5.468372	-15.971193	4.830320
453	-5.468372	-14.971193	4.830320
454	-5.468372	-13.971193	4.830320
455	-5.468372	-12.971193	4.830320
456	-5.468372	-11.971193	4.830320
457	-5.468372	-10.971193	4.830320
458	-5.468372	-9.971193	4.830320
459	-4.468372	-18.971193	4.830320
460	-4.468372	-17.971193	4.830320
461	-4.468372	-16.971193	4.830320
462	-4.468372	-15.971193	4.830320
463	-4.468372	-13.971193	4.830320
464	-4.468372	-12.971193	4.830320
465	-4.468372	-11.971193	4.830320
466	-4.468372	-10.971193	4.830320
467	-4.468372	-9.971193	4.830320
468	-4.468372	-8.971193	4.892050
469	-3.468372	-13.971193	4.864460
470	-3.468372	-11.971193	4.864460
471	-3.468372	-10.971193	4.830320
472	-3.468372	-9.971193	4.830320
473	-3.468372	-8.971193	4.892050
474	-2.468372	-14.971193	4.864460
475	-2.468372	-13.971193	4.864460
476	-2.468372	-12.971193	4.864460
477	-2.468372	-10.971193	4.830320
478	-2.468372	-9.971193	4.830320
479	-2.468372	-8.971193	4.892050
480	-1.468372	-15.971193	4.864460
481	-1.468372	-14.971193	4.864460
482	-1.468372	-13.971193	4.864460
483	-1.468372	-12.971193	4.864460
484	-1.468372	-10.971193	4.830320
485	-1.468372	-9.971193	4.830320
486	-1.468372	-8.971193	4.892050
487	-1.468372	-3.971193	4.823030
488	-1.468372	-2.971193	4.823030
489	-0.468372	-15.971193	4.864460
490	-0.468372	-14.971193	4.864460
491	-0.468372	-13.971193	4.864460
492	-0.468372	-12.971193	4.864460
493	-0.468372	-11.971193	4.864460
494	-0.468372	-10.971193	4.830320
495	-0.468372	-9.971193	4.830320
496	-0.468372	-3.971193	4.823030
497	-0.468372	-2.971193	4.823030
498	0.531628	-15.971193	4.864460
499	0.531628	-14.971193	4.864460
500	0.531628	-13.971193	4.864460
501	0.531628	-12.971193	4.864460
502	0.531628	-10.971193	4.830320
503	0.531628	-9.971193	4.830320
504	0.531628	-7.971193	4.823030
505	0.531628	-6.971193	4.823030
506	0.531628	-5.971193	4.823030
507	0.531628	-4.971193	4.823030
508	0.531628	-3.971193	4.823030
509	0.531628	-2.971193	4.823030
510	1.531628	-14.971193	4.864460
511	1.531628	-13.971193	4.864460
512	1.531628	-12.971193	4.864460
513	1.531628	-10.971193	4.830320
514	1.531628	-9.971193	4.830320
515	1.531628	-7.971193	4.823030
516	1.531628	-6.971193	4.823030
517	1.531628	-5.971193	4.823030
518	1.531628	-4.971193	4.823030
519	1.531628	-3.971193	4.823030
520	2.531628	-12.971193	4.855440
521	2.531628	-10.971193	4.830320
522	2.531628	-9.971193	4.830320
523	2.531628	-8.971193	4.823030
524	2.531628	-7.971193	4.823030
525	2.531628	-6.971193	4.823030
526	2.531628	-5.971193	4.823030
527	2.531628	-4.971193	4.823030
528	2.531628	-3.971193	4.823030
529	3.531628	-12.971193	4.855440
530	3.531628	-10.971193	3.913410
531	3.531628	-9.971193	3.913410
532	3.531628	-7.971193	4.823030
533	3.531628	-6.971193	4.823030
534	3.531628	-5.971193	4.823030
535	3.531628	-4.971193	4.823030
536	3.531628	-3.971193	4.823030
537	4.531628	-12.971193	4.855440
538	4.531628	-11.971193	4.855440
539	4.531628	-10.971193	3.913410
540	4.531628	-9.971193	3.913410
541	4.531628	-7.971193	4.823030
542	4.531628	-6.971193	4.823030
543	4.531628	-5.971193	4.823030
544	4.531628	-4.971193	4.823030
545	5.531628	-10.971193	3.913410
546	5.531628	-9.971193	3.913410
547	6.531628	-10.971193	3.712890
548	6.531628	-9.971193	3.712890
549	6.531628	-7.971193	3.739240
550	6.531628	-6.971193	3.739240
551	6.531628	-5.971193	3.739240
552	6.531628	-4.971193	3.739240
553	7.531628	-10.971193	3.712890
554	7.531628	-9.971193	3.712890
555	7.531628	-7.971193	3.739240
556	7.531628	-6.971193	3.739240
557	7.531628	-5.971193	3.739240
558	7.531628	-4.971193	3.739240
559	8.531628	-10.971193	3.712890
560	8.531628	-9.971193	3.712890
561	8.531628	-8.971193	3.739240
562	8.531628	-7.971193	3.739240
563	8.531628	-6.971193	3.739240
564	8.531628	-5.971193	3.739240
565	8.531628	-4.971193	3.739240
566	9.531628	-10.971193	3.712890
567	9.531628	-9.971193	3.712890
568	9.531628	-7.971193	3.739240
569	9.531628	-6.971193	3.739240
570	9.531628	-5.971193	3.739240
571	9.531628	-4.971193	3.739240
572	10.531628	-10.971193	3.712890
573	10.531628	-9.971193	3.712890
574	10.531628	-6.971193	3.720200
575	11.531628	-10.971193	3.712890
576	11.531628	-9.971193	3.712890
577	11.531628	-6.971193	3.720200
578	11.531628	-4.971193	3.720200
579	12.531628	-10.971193	3.712890
580	12.531628	-9.971193	3.712890
581	13.531628	-10.971193	3.712890
582	13.531628	-9.971193	3.712890
583	13.531628	-6.971193	3.682660
584	14.531628	-9.971193	3.661570
585	14.531628	-6.971193	3.661570
586	15.531628	-12.971193	3.716220
587	15.531628	-11.971193	3.716220
588	15.531628	-10.971193	3.661570
589	15.531628	-9.971193	3.661570
590	15.531628	-8.971193	3.661570
591	15.531628	-7.971193	3.661570
592	15.531628	-6.971193	3.661570
593	16.531628	-9.971193	3.661570
594	16.531628	-8.971193	3.661570
595	16.531628	-7.971193	3.661570
596	16.531628	-6.971193	3.661570
597	17.531628	-10.971193	3.661570
598	17.531628	-9.971193	3.661570
599	17.531628	-8.971193	3.661570
600	17.531628	-7.971193	3.661570
601	17.531628	-6.971193	3.661570
602	18.531628	-10.971193	3.661570
603	18.531628	-9.971193	3.661570
604	18.531628	-8.971193	3.661570
605	18.531628	-7.971193	3.661570
606	18.531628	-6.971193	3.661570
607	19.531628	-9.971193	3.661570
608	19.531628	-8.971193	3.661570
609	19.531628	-7.971193	3.661570
610	19.531628	-6.971193	3.661570
611	20.531628	-9.971193	3.661570
612	20.531628	-8.971193	3.661570
613	20.531628	-7.971193	3.661570
614	20.531628	-6.971193	3.661570
615	-16.468372	-14.971193	8.745930
616	-16.468372	-13.971193	8.745930
617	-16.468372	-12.971193	8.745930
618	-16.468372	-11.971193	8.745930
619	-13.468372	-8.971193	8.745930
620	-12.468372	-14.971193	8.745930
621	-12.468372	-8.971193	8.745930
622	-11.468372	-14.971193	8.745930
623	-11.468372	-13.971193	8.745930
624	-11.468372	-8.971193	8.745930
625	-10.468372	-14.971193	8.745930
626	-10.468372	-13.971193	8.745930
627	-10.468372	-12.971193	8.745930
628	-10.468372	-8.971193	8.745930
629	-9.468372	-14.971193	8.745930
630	-9.468372	-13.971193	8.745930
631	-9.468372	-12.971193	8.745930
632	-9.468372	-11.971193	8.745930
633	-9.468372	-8.971193	8.920480
634	-8.468372	-7.971193	8.808290
635	-7.468372	-14.971193	8.752010
636	-7.468372	-13.971193	8.752010
637	-7.468372	-12.971193	8.752010
638	-7.468372	-11.971193	8.752010
639	-6.468372	-14.971193	8.752010
640	-6.468372	-13.971193	8.752010
641	-6.468372	-12.971193	8.752010
642	-6.468372	-11.971193	8.752010
643	-5.468372	-14.971193	8.752010
644	-5.468372	-13.971193	8.752010
645	-5.468372	-12.971193	8.752010
646	-4.468372	-14.971193	8.752010
647	-4.468372	-13.971193	8.752010
648	-3.468372	-14.971193	8.752010
649	-15.468372	-7.971193	-4.404230
650	-15.468372	-6.971193	-4.404230
651	-15.468372	-5.971193	-4.404230
652	-15.468372	-4.971193	-4.404230
653	-14.468372	-7.971193	-4.404230
654	-14.468372	-6.971193	-4.404230
655	-14.468372	-5.971193	-4.404230
656	-14.468372	-4.971193	-4.404230
657	-13.468372	-7.971193	-4.404230
658	-13.468372	-6.971193	-4.404230
659	-13.468372	-5.971193	-4.404230
660	-13.468372	-4.971193	-4.404230
661	-13.468372	-3.971193	-4.404230
662	-13.468372	-2.971193	-5.015960
663	-13.468372	-1.971193	-5.015960
664	-12.468372	-7.971193	-4.404230
665	-12.468372	-6.971193	-4.404230
666	-12.468372	-5.971193	-4.404230
667	-12.468372	-4.971193	-4.404230
668	-12.468372	-3.971193	-4.404230
669	-12.468372	-0.971193	-5.015960
670	-12.468372	0.028807	-5.015960
671	-11.468372	-7.971193	-5.015960
672	-11.468372	-6.971193	-5.015960
673	-11.468372	-5.971193	-5.015960
674	-11.468372	-4.971193	-5.015960
675	-11.468372	-3.971193	-5.015960
676	-11.468372	-2.971193	-5.015960
677	-11.468372	-1.971193	-5.015960
678	-11.468372	-0.971193	-5.015960
679	-11.468372	0.028807	-5.015960
680	-10.468372	-7.971193	-5.015960
681	-10.468372	-6.971193	-5.015960
682	-10.468372	-5.971193	-5.015960
683	-10.468372	-4.971193	-5.015960
684	-10.468372	-3.971193	-5.015960
685	-10.468372	-2.971193	-5.015960
686	-10.468372	-1.971193	-5.015960
687	-10.468372	-0.971193	-5.015960
688	-10.468372	0.028807	-5.015960
689	-10.468372	1.028807	-5.015960
690	-9.468372	-7.971193	-5.015960
691	-9.468372	-6.971193	-5.015960
692	-9.468372	-5.971193	-5.015960
693	-9.468372	-4.971193	-5.015960
694	-9.468372	-3.971193	-5.015960
695	-9.468372	-2.971193	-5.015960
696	-9.468372	-1.971193	-5.015960
697	-9.468372	-0.971193	-5.015960
698	-9.468372	0.028807	-5.015960
699	-9.468372	1.028807	-5.015960
700	-9.468372	2.028807	-5.015960
701	-8.468372	-6.971193	-5.015960
702	-8.468372	-5.971193	-5.015960
703	-8.468372	-4.971193	-5.015960
704	-8.468372	-3.971193	-5.015960
705	-8.468372	-2.971193	-5.015960
706	-8.468372	-1.971193	-5.015960
707	-8.468372	-0.971193	-5.015960
708	-8.468372	0.028807	-5.015960
709	-8.468372	1.028807	-5.015960
710	-8.468372	2.028807	-5.015960
711	-7.468372	-6.971193	-5.015960
712	-7.468372	-5.971193	-5.015960
713	-7.468372	-4.971193	-5.015960
714	-7.468372	-3.971193	-5.015960
715	-7.468372	-2.971193	-5.015960
716	-7.468372	-1.971193	-5.015960
717	-7.468372	-0.971193	-5.015960
718	-6.468372	-7.971193	-5.015960
719	-6.468372	-6.971193	-5.015960
720	-6.468372	-5.971193	-5.015960
721	-6.468372	-4.971193	-5.015960
722	-6.468372	-3.971193	-5.015960
723	-6.468372	-2.971193	-5.015960
724	-6.468372	-1.971193	-5.015960
725	-6.468372	-0.971193	-5.015960
726	-6.468372	0.028807	-5.015960
727	-5.468372	-7.971193	-5.015960
728	-5.468372	-6.971193	-5.015960
729	-5.468372	-5.971193	-5.015960
730	-5.468372	-4.971193	-5.015960
731	-5.468372	-3.971193	-5.015960
732	-5.468372	-2.971193	-5.015960
733	-5.468372	-1.971193	-5.015960
734	-5.468372	-0.971193	-5.015960
735	-4.468372	-6.971193	-5.015960
736	-4.468372	-5.971193	-5.015960
737	-4.468372	-4.971193	-5.015960
738	-4.468372	-3.971193	-5.015960
739	-4.468372	-2.971193	-5.015960
740	-4.468372	-1.971193	-5.015960
741	-4.468372	-0.971193	-5.015960
742	-3.468372	-7.971193	-5.015960
743	-3.468372	-6.971193	-5.015960
744	-3.468372	-5.971193	-5.015960
745	-3.468372	-4.971193	-5.015960
746	-3.468372	-3.971193	-5.015960
747	-3.468372	-2.971193	-5.015960
748	-3.468372	-1.971193	-5.015960
749	-3.468372	-0.971193	-5.015960
750	-3.468372	0.028807	-5.015960
751	-3.468372	1.028807	-5.015960
752	-3.468372	2.028807	-5.015960
753	-2.468372	-9.971193	-4.087800
754	-2.468372	-6.971193	-5.015960
755	-2.468372	-5.971193	-5.015960
756	-2.468372	-4.971193	-5.015960
757	-2.468372	-3.971193	-5.015960
758	-2.468372	-2.971193	-5.015960
759	-2.468372	-1.971193	-5.015960
760	-2.468372	-0.971193	-5.015960
761	-2.468372	0.028807	-5.015960
762	-2.468372	1.028807	-5.015960
763	-2.468372	2.028807	-5.015960
764	-1.468372	-10.971193	-4.087800
765	-1.468372	-9.971193	-4.087800
766	-1.468372	-8.971193	-4.087800
767	-1.468372	-7.971193	-4.087800
768	-1.468372	-6.971193	-5.015960
769	-1.468372	-5.971193	-5.015960
770	-1.468372	-4.971193	-5.015960
771	-1.468372	-3.971193	-5.015960
772	-1.468372	-2.971193	-5.015960
773	-1.468372	-1.971193	-5.015960
774	-1.468372	-0.971193	-5.015960
775	-1.468372	0.028807	-5.015960
776	-1.468372	1.028807	-5.015960
777	-0.468372	-6.971193	-5.015960
778	-0.468372	-5.971193	-5.015960
779	-0.468372	-4.971193	-5.015960
780	-0.468372	-3.971193	-5.015960
781	-0.468372	-2.971193	-5.015960
782	-0.468372	-1.971193	-5.015960
783	-0.468372	-0.971193	-5.015960
784	-0.468372	0.028807	-5.015960
785	-0.468372	1.028807	-5.015960
786	0.531628	-0.971193	-5.015960
787	0.531628	0.028807	-5.015960
788	-10.468372	-6.971193	4.800220
789	-9.468372	-6.971193	4.800220
790	-7.468372	-8.971193	4.830320
791	-6.468372	-8.971193	4.913380
792	-6.468372	-7.971193	4.913380
793	-5.468372	-8.971193	4.913380
794	-5.468372	-7.971193	4.913380
795	-15.468372	-14.971193	8.745930
796	-15.468372	-13.971193	8.745930
797	-15.468372	-12.971193	8.745930
798	-15.468372	-10.971193	8.745930
799	-14.468372	-18.971193	8.724680
800	-14.468372	-17.971193	8.724680
801	-14.468372	-16.971193	8.724680
802	-14.468372	-15.971193	8.724680
803	-14.468372	-14.971193	8.745930
804	-14.468372	-13.971193	8.745930
805	-14.468372	-12.971193	8.745930
806	-14.468372	-11.971193	8.745930
807	-14.468372	-10.971193	8.745930
808	-14.468372	-9.971193	8.745930
809	-13.468372	-17.971193	8.682730
810	-13.468372	-13.971193	8.745930
811	-13.468372	-12.971193	8.745930
812	-13.468372	-11.971193	8.745930
813	-13.468372	-10.971193	8.745930
814	-13.468372	-9.971193	8.745930
815	-12.468372	-13.971193	8.745930
816	-12.468372	-12.971193	8.745930
817	-12.468372	-11.971193	8.745930
818	-12.468372	-10.971193	8.745930
819	-12.468372	-9.971193	8.745930
820	-11.468372	-12.971193	8.745930
821	-11.468372	-11.971193	8.745930
822	-11.468372	-10.971193	8.745930
823	-11.468372	-9.971193	8.745930
824	-10.468372	-11.971193	8.745930
825	-10.468372	-10.971193	8.745930
826	-10.468372	-9.971193	8.745930
827	-9.468372	-9.971193	8.920480
828	-8.468372	-9.971193	8.920480
829	-7.468372	-9.971193	8.920480
830	-6.468372	-10.971193	8.752010
831	-6.468372	-9.971193	8.752010
832	-6.468372	-8.971193	8.752010
833	-6.468372	-7.971193	8.752010
834	-6.468372	-6.971193	8.752010
835	-5.468372	-11.971193	8.752010
836	-5.468372	-10.971193	8.752010
837	-5.468372	-9.971193	8.752010
838	-5.468372	-8.971193	8.752010
839	-5.468372	-7.971193	8.752010
840	-5.468372	-6.971193	8.752010
841	-4.468372	-12.971193	8.752010
842	-4.468372	-11.971193	8.752010
843	-4.468372	-10.971193	8.752010
844	-4.468372	-9.971193	8.752010
845	-4.468372	-8.971193	8.752010
846	-4.468372	-7.971193	8.752010
847	-3.468372	-13.971193	8.752010
848	-3.468372	-12.971193	8.752010
849	-3.468372	-11.971193	8.752010
850	-3.468372	-10.971193	8.752010
851	-3.468372	-9.971193	8.752010
852	-3.468372	-8.971193	8.752010
853	-2.468372	-13.971193	8.752010
854	-2.468372	-12.971193	8.752010
855	-2.468372	-11.971193	8.752010
856	-2.468372	-10.971193	8.752010
857	-2.468372	-9.971193	8.752010
858	-1.468372	-13.971193	8.752010
859	-1.468372	-12.971193	8.752010
860	-1.468372	-11.971193	8.752010
861	-1.468372	-10.971193	8.752010
862	-1.468372	-9.971193	8.752010
863	-0.468372	-13.971193	8.752010
864	-0.468372	-12.971193	8.752010
865	-0.468372	-11.971193	8.752010
866	-0.468372	-10.971193	8.752010
867	-0.468372	-9.971193	8.752010
868	0.531628	-9.971193	8.627501
869	1.531628	-9.971193	8.627501
870	1.531628	-8.971193	8.627501
871	1.531628	-7.971193	8.627501
872	1.531628	-6.971193	8.627501
873	1.531628	-5.971193	8.627501
874	2.531628	-8.971193	8.627501
875	2.531628	-7.971193	8.627501
876	2.531628	-6.971193	8.627501
877	2.531628	-5.971193	8.627501
