0	-8.036607	4.931324	-1.751090
1	-8.036607	5.931324	-1.751090
2	-8.036607	12.931324	-1.757700
3	-8.036607	13.931324	-1.757700
4	-8.036607	14.931324	-1.757700
5	-8.036607	15.931324	-1.757700
6	-8.036607	16.931324	-1.757700
7	-8.036607	17.931324	-1.757700
8	-8.036607	18.931324	-1.640680
9	-7.036607	-0.068676	-1.741250
10	-7.036607	0.931324	-1.741250
11	-7.036607	1.931324	-1.741250
12	-7.036607	2.931324	-1.741250
13	-7.036607	3.931324	-1.751090
14	-7.036607	4.931324	-1.751090
15	-7.036607	5.931324	-1.751090
16	-7.036607	6.931324	-1.751090
17	-7.036607	11.931324	-1.757700
18	-7.036607	12.931324	-1.757700
19	-7.036607	13.931324	-1.757700
20	-7.036607	14.931324	-1.757700
21	-7.036607	15.931324	-1.757700
22	-7.036607	16.931324	-1.757700
23	-7.036607	17.931324	-1.757700
24	-7.036607	18.931324	-1.640680
25	-7.036607	19.931324	-1.640680
26	-6.036607	-0.068676	-1.741250
27	-6.036607	0.931324	-1.741250
28	-6.036607	1.931324	-1.741250
29	-6.036607	2.931324	-1.741250
30	-6.036607	3.931324	-1.751090
31	-6.036607	4.931324	-1.751090
32	-6.036607	5.931324	-1.751090
33	-6.036607	6.931324	-1.751090
34	-6.036607	7.931324	-1.757280
35	-6.036607	9.931324	-1.757280
36	-6.036607	11.931324	-1.763800
37	-6.036607	12.931324	-1.757700
38	-6.036607	14.931324	-1.757700
39	-6.036607	15.931324	-1.757700
40	-6.036607	16.931324	-1.757700
41	-6.036607	17.931324	-1.757700
42	-6.036607	18.931324	-1.640680
43	-6.036607	19.931324	-1.640680
44	-5.036607	-0.068676	-1.741250
45	-5.036607	0.931324	-1.741250
46	-5.036607	1.931324	-1.741250
47	-5.036607	2.931324	-1.741250
48	-5.036607	4.931324	-1.751090
49	-5.036607	5.931324	-1.751090
50	-5.036607	6.931324	-1.751090
51	-5.036607	7.931324	-1.757280
52	-5.036607	8.931324	-1.757280
53	-5.036607	11.931324	-1.763800
54	-5.036607	12.931324	-1.757700
55	-5.036607	13.931324	-1.757700
56	-5.036607	14.931324	-1.757700
57	-5.036607	15.931324	-1.757700
58	-5.036607	16.931324	-1.757700
59	-5.036607	17.931324	-1.757700
60	-5.036607	18.931324	-1.640680
61	-5.036607	19.931324	-1.640680
62	-5.036607	20.931324	-1.640680
63	-4.036607	-0.068676	-1.741250
64	-4.036607	0.931324	-1.741250
65	-4.036607	1.931324	-1.741250
66	-4.036607	2.931324	-1.741250
67	-4.036607	4.931324	-1.751090
68	-4.036607	5.931324	-1.751090
69	-4.036607	6.931324	-1.763800
70	-4.036607	7.931324	-1.763800
71	-4.036607	8.931324	-1.763800
72	-4.036607	9.931324	-1.763800
73	-4.036607	12.931324	-1.757700
74	-4.036607	13.931324	-1.757700
75	-4.036607	14.931324	-1.757700
76	-4.036607	15.931324	-1.757700
77	-4.036607	16.931324	-1.757700
78	-4.036607	17.931324	-1.757700
79	-4.036607	18.931324	-1.640680
80	-4.036607	19.931324	-1.640680
81	-4.036607	20.931324	-1.640680
82	-3.036607	-0.068676	-1.741250
83	-3.036607	0.931324	-1.741250
84	-3.036607	1.931324	-1.741250
85	-3.036607	2.931324	-1.741250
86	-3.036607	3.931324	-1.751010
87	-3.036607	6.931324	-1.763800
88	-3.036607	7.931324	-1.763800
89	-3.036607	8.931324	-1.763800
90	-3.036607	9.931324	-1.763800
91	-3.036607	10.931324	-1.763800
92	-3.036607	11.931324	-1.763800
93	-3.036607	12.931324	-1.757700
94	-3.036607	13.931324	-1.757700
95	-3.036607	14.931324	-1.757700
96	-3.036607	15.931324	-1.757700
97	-3.036607	16.931324	-1.757700
98	-3.036607	17.931324	-1.757700
99	-3.036607	18.931324	-1.640680
100	-3.036607	19.931324	-1.640680
101	-3.036607	20.931324	-1.640680
102	-2.036607	-0.068676	-1.741250
103	-2.036607	0.931324	-1.741250
104	-2.036607	1.931324	-1.741250
105	-2.036607	2.931324	-1.741250
106	-2.036607	8.931324	-1.763800
107	-2.036607	12.931324	-1.757700
108	-2.036607	13.931324	-1.757700
109	-2.036607	14.931324	-1.757700
110	-2.036607	15.931324	-1.757700
111	-2.036607	16.931324	-1.757700
112	-2.036607	17.931324	-1.757700
113	-2.036607	18.931324	-1.640680
114	-2.036607	19.931324	-1.640680
115	-2.036607	20.931324	-1.640680
116	-1.036607	0.931324	-1.740550
117	-1.036607	2.931324	-1.740550
118	-1.036607	3.931324	-1.740550
119	-1.036607	6.931324	-1.746000
120	-1.036607	7.931324	-1.746000
121	-1.036607	8.931324	-1.746000
122	-1.036607	9.931324	-1.746000
123	-1.036607	11.931324	-1.757700
124	-1.036607	12.931324	-1.757700
125	-1.036607	13.931324	-1.757700
126	-1.036607	14.931324	-1.757700
127	-1.036607	15.931324	-1.757700
128	-1.036607	16.931324	-1.757700
129	-1.036607	17.931324	-1.757700
130	-1.036607	18.931324	-1.640680
131	-1.036607	19.931324	-1.640680
132	-1.036607	20.931324	-1.640680
133	-0.036607	-0.068676	-1.740550
134	-0.036607	0.931324	-1.740550
135	-0.036607	1.931324	-1.740550
136	-0.036607	2.931324	-1.740550
137	-0.036607	3.931324	-1.740550
138	-0.036607	6.931324	-1.746000
139	-0.036607	7.931324	-1.746000
140	-0.036607	8.931324	-1.746000
141	-0.036607	9.931324	-1.746000
142	-0.036607	10.931324	-1.746000
143	-0.036607	11.931324	-1.757700
144	-0.036607	12.931324	-1.757700
145	-0.036607	15.931324	-1.757700
146	-0.036607	16.931324	-1.757700
147	-0.036607	17.931324	-1.757700
148	-0.036607	18.931324	-1.640680
149	-0.036607	19.931324	-1.640680
150	-0.036607	20.931324	-1.640680
151	0.963393	-0.068676	-1.740550
152	0.963393	0.931324	-1.740550
153	0.963393	1.931324	-1.740550
154	0.963393	2.931324	-1.740550
155	0.963393	3.931324	-1.740550
156	0.963393	6.931324	-1.746000
157	0.963393	7.931324	-1.746000
158	0.963393	8.931324	-1.746000
159	0.963393	9.931324	-1.746000
160	0.963393	11.931324	-1.757700
161	0.963393	12.931324	-1.757700
162	0.963393	13.931324	-1.757700
163	0.963393	14.931324	-1.757700
164	0.963393	15.931324	-1.757700
165	0.963393	16.931324	-1.757700
166	0.963393	17.931324	-1.757700
167	0.963393	18.931324	-1.640680
168	0.963393	19.931324	-1.640680
169	1.963393	1.931324	-1.740550
170	1.963393	2.931324	-1.740550
171	1.963393	3.931324	-1.740550
172	1.963393	6.931324	-1.746000
173	1.963393	7.931324	-1.746000
174	1.963393	8.931324	-1.746000
175	1.963393	9.931324	-1.746000
176	1.963393	11.931324	-1.757700
177	1.963393	12.931324	-1.757700
178	1.963393	13.931324	-1.757700
179	1.963393	14.931324	-1.757700
180	1.963393	15.931324	-1.757700
181	1.963393	16.931324	-1.757700
182	1.963393	17.931324	-1.757700
183	1.963393	18.931324	-1.640680
184	1.963393	19.931324	-1.640680
185	2.963393	12.931324	-1.757700
186	2.963393	13.931324	-1.757700
187	-8.036607	11.931324	1.492323
188	-8.036607	12.931324	1.492323
189	-8.036607	13.931324	1.492323
190	-7.036607	11.931324	1.492323
191	-7.036607	12.931324	1.492323
192	-7.036607	13.931324	1.492323
193	-6.036607	11.931324	1.492323
194	-6.036607	12.931324	1.492323
195	-6.036607	13.931324	1.492323
196	-5.036607	11.931324	1.492323
197	-5.036607	12.931324	1.492323
198	-5.036607	13.931324	1.492323
199	-4.036607	12.931324	1.492323
200	-4.036607	13.931324	1.492323
201	-3.036607	12.931324	1.492323
202	-3.036607	13.931324	1.492323
203	-2.036607	12.931324	1.492323
204	-2.036607	13.931324	1.492323
205	-1.036607	11.931324	1.492323
206	-1.036607	12.931324	1.492323
207	-1.036607	13.931324	1.492323
208	-0.036607	11.931324	1.492323
209	-0.036607	12.931324	1.492323
210	-0.036607	13.931324	1.492323
211	0.963393	11.931324	1.683796
212	0.963393	12.931324	1.492323
213	0.963393	13.931324	1.492323
214	1.963393	11.931324	1.683796
215	1.963393	12.931324	1.492323
216	1.963393	13.931324	1.492323
217	-7.036607	-0.068676	1.689006
218	-7.036607	0.931324	1.689006
219	-7.036607	1.931324	1.689006
220	-6.036607	-0.068676	1.689006
221	-6.036607	0.931324	1.689006
222	-6.036607	1.931324	1.689006
223	-5.036607	-0.068676	1.689006
224	-5.036607	0.931324	1.689006
225	-5.036607	1.931324	1.689006
226	-3.036607	2.931324	1.652810
227	-3.036607	3.931324	1.652810
228	-2.036607	2.931324	1.632291
229	-0.036607	-0.068676	1.677020
230	-0.036607	0.931324	1.677020
231	-0.036607	1.931324	1.677020
232	-0.036607	2.931324	1.677020
233	0.963393	-0.068676	1.677020
234	0.963393	0.931324	1.677020
235	0.963393	1.931324	1.677020
236	0.963393	2.931324	1.677020
237	1.963393	-0.068676	1.677020
238	1.963393	0.931324	1.677020
239	1.963393	1.931324	1.677020
240	1.963393	2.931324	1.677020
241	-4.036607	9.931324	1.683796
242	-4.036607	10.931324	1.683796
243	-3.036607	9.931324	1.683796
244	-3.036607	10.931324	1.683796
245	-3.036607	11.931324	1.492323
246	-2.036607	6.931324	1.683796
247	-2.036607	7.931324	1.683796
248	-2.036607	8.931324	1.683796
249	-2.036607	9.931324	1.683796
250	-2.036607	10.931324	1.683796
251	-2.036607	11.931324	1.492323
252	-1.036607	6.931324	1.683796
253	-1.036607	7.931324	1.683796
254	-1.036607	8.931324	1.683796
255	-1.036607	9.931324	1.683796
256	-0.036607	7.931324	1.683796
257	-0.036607	8.931324	1.683796
258	-0.036607	9.931324	1.683796
259	0.963393	7.931324	1.683796
260	0.963393	8.931324	1.683796
261	0.963393	9.931324	1.683796
262	1.963393	7.931324	1.683796
263	1.963393	8.931324	1.683796
264	-8.036607	3.931324	1.662314
265	-8.036607	4.931324	1.662314
266	-8.036607	5.931324	1.662314
267	-8.036607	6.931324	1.662314
268	-7.036607	3.931324	1.662314
269	-7.036607	4.931324	1.662314
270	-7.036607	5.931324	1.662314
271	-7.036607	6.931324	1.662314
272	-6.036607	3.931324	1.662314
273	-6.036607	4.931324	1.662314
274	-6.036607	5.931324	1.662314
275	-6.036607	6.931324	1.662314
276	-6.036607	7.931324	1.652810
277	-5.036607	5.931324	1.652810
278	-5.036607	7.931324	1.652810
279	-4.036607	7.931324	1.652810
