0	-7.523994	3.230659	1.543655
1	-7.523994	4.230659	1.543655
2	-7.523994	5.230659	1.480769
3	-7.523994	6.230659	1.480769
4	-6.523994	4.230659	1.543655
5	-6.523994	5.230659	1.480769
6	-6.523994	6.230659	1.480769
7	-6.523994	8.230659	1.443621
8	-6.523994	9.230659	1.443621
9	-5.523994	2.230659	1.543655
10	-5.523994	4.230659	1.543655
11	-5.523994	5.230659	1.480769
12	-5.523994	6.230659	1.480769
13	-5.523994	9.230659	1.443621
14	-5.523994	10.230659	1.443621
15	-4.523994	2.230659	1.543655
16	-4.523994	3.230659	1.543655
17	-4.523994	4.230659	1.543655
18	-4.523994	5.230659	1.480769
19	-4.523994	6.230659	1.480769
20	-4.523994	9.230659	1.443621
21	-3.523994	2.230659	1.543655
22	-3.523994	5.230659	1.480769
23	-3.523994	6.230659	1.480769
24	-2.523994	0.230659	1.502407
25	-2.523994	1.230659	1.502407
26	-2.523994	2.230659	1.502407
27	-2.523994	3.230659	1.502407
28	-2.523994	4.230659	1.502407
29	-2.523994	5.230659	1.458284
30	-2.523994	6.230659	1.465642
31	-2.523994	7.230659	1.465642
32	-2.523994	9.230659	1.443621
33	-2.523994	10.230659	1.443621
34	-1.523994	0.230659	1.502407
35	-1.523994	1.230659	1.502407
36	-1.523994	2.230659	1.502407
37	-1.523994	3.230659	1.502407
38	-1.523994	4.230659	1.502407
39	-1.523994	5.230659	1.458284
40	-1.523994	9.230659	1.443621
41	-0.523994	0.230659	1.502407
42	-0.523994	1.230659	1.502407
43	-0.523994	2.230659	1.502407
44	-0.523994	3.230659	1.502407
45	-0.523994	4.230659	1.502407
46	-0.523994	5.230659	1.458284
47	-0.523994	8.230659	1.443621
48	0.476006	0.230659	1.502407
49	0.476006	1.230659	1.502407
50	0.476006	2.230659	1.502407
51	0.476006	3.230659	1.502407
52	0.476006	5.230659	1.458284
53	0.476006	8.230659	1.474096
54	1.476006	-1.769341	0.621009
55	1.476006	-0.769341	0.621009
56	1.476006	0.230659	0.621009
57	1.476006	1.230659	1.510198
58	1.476006	3.230659	1.500308
59	1.476006	4.230659	1.500308
60	1.476006	5.230659	1.503502
61	1.476006	6.230659	1.503502
62	1.476006	7.230659	1.503502
63	2.476006	-0.769341	0.621009
64	2.476006	1.230659	1.510198
65	2.476006	5.230659	1.503502
66	2.476006	6.230659	1.503502
67	2.476006	7.230659	1.503502
68	3.476006	-1.769341	1.513649
69	3.476006	-0.769341	1.513649
70	3.476006	0.230659	1.513649
71	3.476006	1.230659	1.513649
72	3.476006	2.230659	1.510198
73	3.476006	3.230659	1.522640
74	3.476006	4.230659	1.522640
75	3.476006	5.230659	1.503502
76	3.476006	6.230659	1.503502
77	3.476006	7.230659	1.503502
78	4.476006	1.230659	1.513649
79	4.476006	2.230659	1.510198
80	4.476006	3.230659	1.522640
81	4.476006	5.230659	1.503502
82	4.476006	6.230659	1.503502
83	4.476006	7.230659	1.503502
84	5.476006	1.230659	1.510198
85	5.476006	2.230659	1.510198
86	5.476006	3.230659	1.522640
87	5.476006	4.230659	1.522640
88	5.476006	5.230659	1.503502
89	5.476006	6.230659	1.503502
90	5.476006	7.230659	1.503502
91	5.476006	9.230659	1.519220
92	5.476006	10.230659	1.519220
93	6.476006	0.230659	1.510198
94	6.476006	1.230659	1.510198
95	6.476006	2.230659	1.510198
96	6.476006	3.230659	1.501770
97	6.476006	4.230659	1.501770
98	6.476006	5.230659	1.503502
99	6.476006	6.230659	1.503502
100	6.476006	7.230659	1.503502
101	6.476006	8.230659	1.519220
102	6.476006	9.230659	1.519220
103	6.476006	10.230659	1.519220
104	7.476006	0.230659	1.510198
105	7.476006	1.230659	1.510198
106	7.476006	2.230659	1.510198
107	7.476006	3.230659	1.501770
108	7.476006	4.230659	1.501770
109	7.476006	5.230659	1.503502
110	7.476006	6.230659	1.503502
111	7.476006	7.230659	1.503502
112	7.476006	9.230659	1.519220
113	7.476006	10.230659	1.519220
114	8.476006	0.230659	1.510198
115	8.476006	1.230659	1.510198
116	8.476006	2.230659	1.510198
117	8.476006	5.230659	1.503502
118	8.476006	6.230659	1.503502
119	8.476006	7.230659	1.503502
120	9.476006	1.230659	1.492772
121	9.476006	2.230659	1.492772
122	9.476006	3.230659	1.492772
123	9.476006	4.230659	1.492772
124	9.476006	5.230659	1.492772
125	9.476006	6.230659	1.492772
126	9.476006	7.230659	1.492772
127	10.476006	-0.769341	1.492772
128	10.476006	0.230659	1.492772
129	10.476006	1.230659	1.492772
130	10.476006	2.230659	1.492772
131	10.476006	3.230659	1.492772
132	10.476006	4.230659	1.492772
133	10.476006	5.230659	1.492772
134	10.476006	6.230659	1.492772
135	10.476006	7.230659	1.492772
136	11.476006	-0.769341	1.492772
137	11.476006	0.230659	1.492772
138	11.476006	1.230659	1.492772
139	11.476006	2.230659	1.492772
140	11.476006	3.230659	1.492772
141	11.476006	4.230659	1.492772
142	11.476006	5.230659	1.492772
143	11.476006	6.230659	1.492772
144	11.476006	7.230659	1.492772
145	12.476006	-0.769341	1.492772
146	12.476006	0.230659	1.492772
147	12.476006	1.230659	1.492772
148	12.476006	2.230659	1.492772
149	12.476006	3.230659	1.492772
150	12.476006	4.230659	1.492772
151	12.476006	5.230659	1.492772
152	12.476006	6.230659	1.492772
153	12.476006	7.230659	1.492772
154	12.476006	8.230659	1.492772
155	12.476006	9.230659	1.505189
156	12.476006	10.230659	1.505189
157	13.476006	-0.769341	1.492772
158	13.476006	0.230659	1.492772
159	13.476006	1.230659	1.492772
160	13.476006	2.230659	1.492772
161	13.476006	3.230659	1.492772
162	13.476006	4.230659	1.492772
163	13.476006	5.230659	1.492772
164	13.476006	6.230659	1.492772
165	13.476006	7.230659	1.492772
166	13.476006	8.230659	1.492772
167	13.476006	9.230659	1.505189
168	13.476006	10.230659	1.505189
169	14.476006	-0.769341	1.492772
170	14.476006	0.230659	1.492772
171	14.476006	1.230659	1.492772
172	14.476006	2.230659	1.492772
173	14.476006	3.230659	1.492772
174	14.476006	4.230659	1.492772
175	14.476006	5.230659	1.492772
176	14.476006	6.230659	1.492772
177	14.476006	7.230659	1.492772
178	14.476006	8.230659	1.492772
179	14.476006	9.230659	1.471892
180	15.476006	-0.769341	1.492772
181	15.476006	0.230659	1.492772
182	15.476006	1.230659	1.492772
183	15.476006	2.230659	1.492772
184	15.476006	3.230659	1.492772
185	15.476006	4.230659	1.492772
186	15.476006	5.230659	1.492772
187	15.476006	6.230659	1.492772
188	15.476006	7.230659	1.492772
189	15.476006	8.230659	1.492772
190	15.476006	9.230659	1.507154
191	15.476006	10.230659	1.507154
192	15.476006	11.230659	1.507154
193	16.476006	-0.769341	1.492772
194	16.476006	0.230659	1.492772
195	16.476006	1.230659	1.492772
196	16.476006	2.230659	1.492772
197	16.476006	3.230659	1.492772
198	16.476006	4.230659	1.492772
199	16.476006	5.230659	1.492772
200	16.476006	6.230659	1.492772
201	16.476006	7.230659	1.492772
202	16.476006	8.230659	1.492772
203	16.476006	9.230659	1.507154
204	16.476006	10.230659	1.507154
205	17.476006	9.230659	1.507154
206	17.476006	10.230659	1.507154
