0	-23.323277	29.397861	2.135791
1	-23.323277	30.397861	2.135791
2	-23.323277	31.397861	2.135791
3	-23.323277	33.397861	2.026417
4	-23.323277	34.397861	2.026417
5	-22.323277	29.397861	2.135791
6	-22.323277	30.397861	2.135791
7	-22.323277	31.397861	2.135791
8	-22.323277	33.397861	2.026417
9	-22.323277	34.397861	2.026417
10	-21.323277	2.397861	1.478843
11	-21.323277	30.397861	2.135791
12	-21.323277	31.397861	2.135791
13	-21.323277	32.397861	2.135791
14	-21.323277	33.397861	2.026417
15	-21.323277	34.397861	2.026417
16	-20.323277	-1.602139	1.499387
17	-20.323277	2.397861	1.478843
18	-20.323277	7.397861	1.501946
19	-20.323277	8.397861	1.501946
20	-20.323277	9.397861	1.501946
21	-20.323277	10.397861	1.501946
22	-20.323277	30.397861	2.135791
23	-20.323277	31.397861	2.135791
24	-20.323277	32.397861	2.135791
25	-20.323277	34.397861	2.026417
26	-19.323277	1.397861	1.487193
27	-19.323277	7.397861	1.501946
28	-19.323277	8.397861	1.501946
29	-19.323277	9.397861	1.501946
30	-19.323277	10.397861	1.501946
31	-19.323277	19.397861	1.523523
32	-19.323277	20.397861	1.523523
33	-19.323277	21.397861	1.523523
34	-19.323277	22.397861	1.523523
35	-19.323277	23.397861	1.523523
36	-19.323277	24.397861	1.523523
37	-19.323277	25.397861	1.523523
38	-19.323277	29.397861	2.135791
39	-19.323277	30.397861	2.135791
40	-19.323277	31.397861	2.135791
41	-19.323277	32.397861	2.135791
42	-18.323277	-2.602139	1.501031
43	-18.323277	-1.602139	1.501031
44	-18.323277	-0.602139	1.501031
45	-18.323277	1.397861	1.487193
46	-18.323277	2.397861	1.487193
47	-18.323277	3.397861	1.487193
48	-18.323277	4.397861	1.487193
49	-18.323277	7.397861	1.501946
50	-18.323277	8.397861	1.501946
51	-18.323277	9.397861	1.501946
52	-18.323277	10.397861	1.501946
53	-18.323277	19.397861	1.523523
54	-18.323277	20.397861	1.523523
55	-18.323277	21.397861	1.523523
56	-18.323277	22.397861	1.523523
57	-18.323277	23.397861	1.523523
58	-18.323277	24.397861	1.523523
59	-18.323277	25.397861	1.523523
60	-18.323277	30.397861	1.505872
61	-18.323277	31.397861	1.505872
62	-18.323277	36.397861	1.515204
63	-18.323277	37.397861	1.515204
64	-18.323277	38.397861	1.515204
65	-17.323277	-2.602139	1.501031
66	-17.323277	-1.602139	1.501031
67	-17.323277	-0.602139	1.501031
68	-17.323277	1.397861	1.487193
69	-17.323277	2.397861	1.487193
70	-17.323277	3.397861	1.487193
71	-17.323277	7.397861	1.501946
72	-17.323277	8.397861	1.501946
73	-17.323277	9.397861	1.501946
74	-17.323277	10.397861	1.501946
75	-17.323277	19.397861	1.523523
76	-17.323277	20.397861	1.523523
77	-17.323277	21.397861	1.523523
78	-17.323277	22.397861	1.523523
79	-17.323277	23.397861	1.523523
80	-17.323277	24.397861	1.523523
81	-17.323277	25.397861	1.523523
82	-17.323277	26.397861	1.470289
83	-17.323277	27.397861	1.470289
84	-17.323277	28.397861	1.470289
85	-17.323277	29.397861	1.470289
86	-17.323277	30.397861	1.470289
87	-17.323277	31.397861	1.470289
88	-17.323277	33.397861	1.515204
89	-17.323277	35.397861	1.515204
90	-17.323277	36.397861	1.515204
91	-17.323277	37.397861	1.515204
92	-17.323277	38.397861	1.515204
93	-16.323277	-0.602139	1.501031
94	-16.323277	1.397861	1.487193
95	-16.323277	7.397861	1.501946
96	-16.323277	8.397861	1.501946
97	-16.323277	9.397861	1.501946
98	-16.323277	10.397861	1.501946
99	-16.323277	19.397861	1.523523
100	-16.323277	20.397861	1.523523
101	-16.323277	21.397861	1.523523
102	-16.323277	22.397861	1.523523
103	-16.323277	23.397861	1.523523
104	-16.323277	24.397861	1.523523
105	-16.323277	25.397861	1.523523
106	-16.323277	26.397861	1.470289
107	-16.323277	27.397861	1.470289
108	-16.323277	28.397861	1.499511
109	-16.323277	29.397861	1.499511
110	-16.323277	30.397861	1.499511
111	-16.323277	31.397861	1.470289
112	-16.323277	32.397861	1.470289
113	-16.323277	33.397861	1.515204
114	-16.323277	34.397861	1.515204
115	-16.323277	35.397861	1.515204
116	-16.323277	36.397861	1.515204
117	-16.323277	37.397861	1.515204
118	-16.323277	38.397861	1.515204
119	-15.323277	-2.602139	1.490819
120	-15.323277	-1.602139	1.490819
121	-15.323277	-0.602139	1.490819
122	-15.323277	0.397861	1.490819
123	-15.323277	1.397861	1.490819
124	-15.323277	2.397861	1.490819
125	-15.323277	3.397861	1.490819
126	-15.323277	4.397861	1.490819
127	-15.323277	5.397861	1.490819
128	-15.323277	7.397861	1.490819
129	-15.323277	9.397861	1.502251
130	-15.323277	10.397861	1.502251
131	-15.323277	11.397861	1.502251
132	-15.323277	12.397861	1.502251
133	-15.323277	13.397861	1.502251
134	-15.323277	14.397861	1.502251
135	-15.323277	15.397861	1.502251
136	-15.323277	16.397861	1.502251
137	-15.323277	17.397861	1.502251
138	-15.323277	18.397861	1.502251
139	-15.323277	19.397861	1.523523
140	-15.323277	20.397861	1.523523
141	-15.323277	21.397861	1.523523
142	-15.323277	22.397861	1.523523
143	-15.323277	23.397861	1.523523
144	-15.323277	24.397861	1.523523
145	-15.323277	25.397861	1.523523
146	-15.323277	26.397861	1.470289
147	-15.323277	27.397861	1.470289
148	-15.323277	28.397861	1.499511
149	-15.323277	29.397861	1.499511
150	-15.323277	30.397861	1.499511
151	-15.323277	31.397861	1.470289
152	-15.323277	32.397861	1.470289
153	-15.323277	34.397861	1.515204
154	-15.323277	35.397861	1.515204
155	-15.323277	36.397861	1.515204
156	-15.323277	37.397861	1.515204
157	-15.323277	38.397861	1.515204
158	-14.323277	-2.602139	1.490819
159	-14.323277	-1.602139	1.490819
160	-14.323277	-0.602139	1.490819
161	-14.323277	0.397861	1.490819
162	-14.323277	1.397861	1.490819
163	-14.323277	2.397861	1.490819
164	-14.323277	3.397861	1.490819
165	-14.323277	4.397861	1.490819
166	-14.323277	5.397861	1.490819
167	-14.323277	6.397861	1.490819
168	-14.323277	7.397861	1.490819
169	-14.323277	8.397861	1.502251
170	-14.323277	9.397861	1.502251
171	-14.323277	10.397861	1.502251
172	-14.323277	11.397861	1.502251
173	-14.323277	12.397861	1.502251
174	-14.323277	13.397861	1.502251
175	-14.323277	14.397861	1.502251
176	-14.323277	15.397861	1.502251
177	-14.323277	16.397861	1.502251
178	-14.323277	17.397861	1.502251
179	-14.323277	18.397861	1.502251
180	-14.323277	19.397861	1.502251
181	-14.323277	20.397861	1.523523
182	-14.323277	21.397861	1.523523
183	-14.323277	22.397861	1.523523
184	-14.323277	23.397861	1.523523
185	-14.323277	24.397861	1.523523
186	-14.323277	25.397861	1.523523
187	-14.323277	26.397861	1.492163
188	-14.323277	27.397861	1.492163
189	-14.323277	28.397861	1.492163
190	-14.323277	31.397861	1.492163
191	-14.323277	32.397861	1.470289
192	-14.323277	33.397861	1.515204
193	-14.323277	34.397861	1.515204
194	-14.323277	35.397861	1.515204
195	-14.323277	36.397861	1.515204
196	-14.323277	37.397861	1.515204
197	-14.323277	38.397861	1.515204
198	-13.323277	-2.602139	1.490819
199	-13.323277	-1.602139	1.490819
200	-13.323277	-0.602139	1.490819
201	-13.323277	0.397861	1.490819
202	-13.323277	1.397861	1.490819
203	-13.323277	3.397861	1.490819
204	-13.323277	4.397861	1.490819
205	-13.323277	5.397861	1.490819
206	-13.323277	6.397861	1.490819
207	-13.323277	7.397861	1.490819
208	-13.323277	8.397861	1.502251
209	-13.323277	9.397861	1.502251
210	-13.323277	10.397861	1.502251
211	-13.323277	11.397861	1.502251
212	-13.323277	12.397861	1.502251
213	-13.323277	13.397861	1.502251
214	-13.323277	14.397861	1.502251
215	-13.323277	15.397861	1.502251
216	-13.323277	16.397861	1.502251
217	-13.323277	17.397861	1.502251
218	-13.323277	18.397861	1.502251
219	-13.323277	19.397861	1.502251
220	-13.323277	20.397861	1.523523
221	-13.323277	21.397861	1.523523
222	-13.323277	23.397861	1.523523
223	-13.323277	24.397861	1.486654
224	-13.323277	25.397861	1.486654
225	-13.323277	27.397861	1.492163
226	-13.323277	28.397861	1.492163
227	-13.323277	31.397861	1.492163
228	-13.323277	32.397861	1.470289
229	-13.323277	35.397861	1.515204
230	-13.323277	36.397861	1.515204
231	-13.323277	37.397861	1.515204
232	-13.323277	38.397861	1.515204
233	-13.323277	39.397861	1.515204
234	-12.323277	-2.602139	1.490819
235	-12.323277	-1.602139	1.490819
236	-12.323277	-0.602139	1.490819
237	-12.323277	0.397861	1.490819
238	-12.323277	1.397861	1.490819
239	-12.323277	2.397861	1.490819
240	-12.323277	4.397861	1.490819
241	-12.323277	5.397861	1.490819
242	-12.323277	6.397861	1.490819
243	-12.323277	7.397861	1.490819
244	-12.323277	8.397861	1.502251
245	-12.323277	9.397861	1.502251
246	-12.323277	10.397861	1.502251
247	-12.323277	11.397861	1.502251
248	-12.323277	12.397861	1.502251
249	-12.323277	13.397861	1.502251
250	-12.323277	14.397861	1.502251
251	-12.323277	15.397861	1.502251
252	-12.323277	16.397861	1.502251
253	-12.323277	17.397861	1.502251
254	-12.323277	18.397861	1.502251
255	-12.323277	19.397861	1.502251
256	-12.323277	20.397861	1.502251
257	-12.323277	21.397861	1.502251
258	-12.323277	22.397861	1.486654
259	-12.323277	24.397861	1.486654
260	-12.323277	25.397861	1.486654
261	-12.323277	26.397861	1.486654
262	-12.323277	27.397861	1.492163
263	-12.323277	28.397861	1.492163
264	-12.323277	32.397861	1.470289
265	-12.323277	33.397861	1.515204
266	-12.323277	34.397861	1.515204
267	-12.323277	35.397861	1.515204
268	-12.323277	36.397861	1.515204
269	-12.323277	37.397861	1.515204
270	-11.323277	-2.602139	1.490819
271	-11.323277	-1.602139	1.490819
272	-11.323277	-0.602139	1.490819
273	-11.323277	0.397861	1.490819
274	-11.323277	1.397861	1.520023
275	-11.323277	2.397861	1.520023
276	-11.323277	3.397861	1.490819
277	-11.323277	4.397861	1.490819
278	-11.323277	13.397861	1.502251
279	-11.323277	14.397861	1.502251
280	-11.323277	15.397861	1.502251
281	-11.323277	16.397861	1.502251
282	-11.323277	17.397861	1.502251
283	-11.323277	18.397861	1.502251
284	-11.323277	19.397861	1.502251
285	-11.323277	20.397861	1.502251
286	-11.323277	21.397861	1.486654
287	-11.323277	23.397861	1.486654
288	-11.323277	24.397861	1.486654
289	-11.323277	25.397861	1.486654
290	-11.323277	27.397861	1.492163
291	-11.323277	28.397861	1.492163
292	-11.323277	29.397861	1.492163
293	-11.323277	32.397861	1.470289
294	-11.323277	33.397861	1.515204
295	-11.323277	35.397861	1.515204
296	-11.323277	38.397861	1.515204
297	-11.323277	39.397861	1.515204
298	-10.323277	2.397861	1.520023
299	-10.323277	3.397861	1.520023
300	-10.323277	4.397861	1.520023
301	-10.323277	5.397861	1.499800
302	-10.323277	6.397861	1.499800
303	-10.323277	7.397861	1.499800
304	-10.323277	8.397861	1.499800
305	-10.323277	9.397861	1.499800
306	-10.323277	10.397861	1.499800
307	-10.323277	12.397861	1.502251
308	-10.323277	13.397861	1.502251
309	-10.323277	14.397861	1.502251
310	-10.323277	15.397861	1.502251
311	-10.323277	16.397861	1.502251
312	-10.323277	17.397861	1.502251
313	-10.323277	18.397861	1.502251
314	-10.323277	19.397861	1.502251
315	-10.323277	20.397861	1.502251
316	-10.323277	21.397861	1.486654
317	-10.323277	24.397861	1.486654
318	-10.323277	25.397861	1.486654
319	-10.323277	26.397861	1.486654
320	-10.323277	27.397861	1.486654
321	-10.323277	28.397861	1.492163
322	-10.323277	29.397861	1.492163
323	-10.323277	30.397861	1.492163
324	-10.323277	32.397861	1.470289
325	-10.323277	33.397861	1.470289
326	-10.323277	34.397861	1.470289
327	-10.323277	35.397861	1.470289
328	-10.323277	36.397861	1.470289
329	-9.323277	2.397861	1.520023
330	-9.323277	3.397861	1.520023
331	-9.323277	4.397861	1.520023
332	-9.323277	5.397861	1.499800
333	-9.323277	6.397861	1.499800
334	-9.323277	7.397861	1.499800
335	-9.323277	8.397861	1.499800
336	-9.323277	9.397861	1.499800
337	-9.323277	10.397861	1.499800
338	-9.323277	12.397861	1.499800
339	-9.323277	13.397861	1.502251
340	-9.323277	14.397861	1.502251
341	-9.323277	15.397861	1.502251
342	-9.323277	16.397861	1.502251
343	-9.323277	17.397861	1.480295
344	-9.323277	18.397861	1.480295
345	-9.323277	22.397861	1.486654
346	-9.323277	23.397861	1.486654
347	-9.323277	24.397861	1.486654
348	-9.323277	25.397861	1.486654
349	-9.323277	26.397861	1.486654
350	-9.323277	27.397861	1.486654
351	-9.323277	32.397861	1.484692
352	-9.323277	33.397861	1.470289
353	-9.323277	35.397861	1.470289
354	-9.323277	36.397861	1.470289
355	-8.323277	2.397861	1.520023
356	-8.323277	3.397861	1.520023
357	-8.323277	5.397861	1.499800
358	-8.323277	6.397861	1.499800
359	-8.323277	7.397861	1.499800
360	-8.323277	8.397861	1.499800
361	-8.323277	9.397861	1.499800
362	-8.323277	10.397861	1.499800
363	-8.323277	12.397861	1.499800
364	-8.323277	13.397861	1.502251
365	-8.323277	14.397861	1.502251
366	-8.323277	15.397861	1.480295
367	-8.323277	16.397861	1.480295
368	-8.323277	17.397861	1.480295
369	-8.323277	18.397861	1.480295
370	-8.323277	19.397861	1.480295
371	-8.323277	22.397861	1.486654
372	-8.323277	33.397861	1.470289
373	-8.323277	35.397861	1.470289
374	-8.323277	36.397861	1.470289
375	-7.323277	-2.602139	1.526677
376	-7.323277	-1.602139	1.526677
377	-7.323277	-0.602139	1.526677
378	-7.323277	0.397861	1.526677
379	-7.323277	1.397861	1.520023
380	-7.323277	2.397861	1.520023
381	-7.323277	3.397861	1.520023
382	-7.323277	5.397861	1.499800
383	-7.323277	9.397861	1.499800
384	-7.323277	10.397861	1.499800
385	-7.323277	12.397861	1.499800
386	-7.323277	13.397861	1.502251
387	-7.323277	14.397861	1.502251
388	-7.323277	15.397861	1.480295
389	-7.323277	16.397861	1.480295
390	-7.323277	17.397861	1.480295
391	-7.323277	18.397861	1.480295
392	-7.323277	19.397861	1.480295
393	-7.323277	20.397861	1.480295
394	-7.323277	24.397861	1.487986
395	-7.323277	26.397861	1.487986
396	-7.323277	27.397861	1.487986
397	-7.323277	28.397861	1.484692
398	-7.323277	29.397861	1.484692
399	-7.323277	30.397861	1.484692
400	-7.323277	33.397861	1.470289
401	-7.323277	34.397861	1.470289
402	-7.323277	35.397861	1.470289
403	-7.323277	36.397861	1.504566
404	-7.323277	37.397861	1.504566
405	-7.323277	39.397861	1.504566
406	-7.323277	40.397861	1.504566
407	-6.323277	-2.602139	1.526677
408	-6.323277	-1.602139	1.526677
409	-6.323277	-0.602139	1.526677
410	-6.323277	0.397861	1.526677
411	-6.323277	1.397861	1.526677
412	-6.323277	2.397861	1.520023
413	-6.323277	3.397861	1.520023
414	-6.323277	4.397861	1.520023
415	-6.323277	5.397861	1.499800
416	-6.323277	6.397861	1.499800
417	-6.323277	9.397861	1.499800
418	-6.323277	10.397861	1.499800
419	-6.323277	11.397861	1.499800
420	-6.323277	15.397861	1.480295
421	-6.323277	16.397861	1.480295
422	-6.323277	17.397861	1.480295
423	-6.323277	18.397861	1.480295
424	-6.323277	19.397861	1.480295
425	-6.323277	20.397861	1.480295
426	-6.323277	21.397861	1.480295
427	-6.323277	22.397861	1.487986
428	-6.323277	23.397861	1.487986
429	-6.323277	24.397861	1.487986
430	-6.323277	25.397861	1.487986
431	-6.323277	26.397861	1.487986
432	-6.323277	27.397861	1.487986
433	-6.323277	29.397861	1.484692
434	-6.323277	30.397861	1.484692
435	-6.323277	31.397861	1.484692
436	-6.323277	33.397861	1.470289
437	-6.323277	34.397861	1.470289
438	-6.323277	35.397861	1.470289
439	-6.323277	36.397861	1.504566
440	-6.323277	37.397861	1.504566
441	-6.323277	38.397861	1.504566
442	-6.323277	39.397861	1.504566
443	-6.323277	40.397861	1.504566
444	-5.323277	2.397861	1.520023
445	-5.323277	3.397861	1.520023
446	-5.323277	4.397861	1.520023
447	-5.323277	5.397861	1.520023
448	-5.323277	6.397861	1.499800
449	-5.323277	9.397861	1.499800
450	-5.323277	10.397861	1.499800
451	-5.323277	12.397861	1.499800
452	-5.323277	16.397861	1.480295
453	-5.323277	17.397861	1.480295
454	-5.323277	18.397861	1.480295
455	-5.323277	19.397861	1.480295
456	-5.323277	20.397861	1.480295
457	-5.323277	21.397861	1.480295
458	-5.323277	22.397861	1.487986
459	-5.323277	23.397861	1.487986
460	-5.323277	25.397861	1.487986
461	-5.323277	26.397861	1.487986
462	-5.323277	27.397861	1.487986
463	-5.323277	29.397861	1.484692
464	-5.323277	31.397861	1.484692
465	-5.323277	32.397861	1.484692
466	-5.323277	33.397861	1.470289
467	-5.323277	34.397861	1.470289
468	-5.323277	35.397861	1.470289
469	-5.323277	36.397861	1.504566
470	-5.323277	37.397861	1.504566
471	-4.323277	-2.602139	1.535605
472	-4.323277	-1.602139	1.535605
473	-4.323277	-0.602139	1.535605
474	-4.323277	0.397861	1.535605
475	-4.323277	2.397861	1.520023
476	-4.323277	3.397861	1.520023
477	-4.323277	4.397861	1.520023
478	-4.323277	5.397861	1.520023
479	-4.323277	6.397861	1.520023
480	-4.323277	10.397861	1.515242
481	-4.323277	11.397861	1.515242
482	-4.323277	12.397861	1.515242
483	-4.323277	16.397861	1.480295
484	-4.323277	17.397861	1.480295
485	-4.323277	18.397861	1.480295
486	-4.323277	19.397861	1.480295
487	-4.323277	20.397861	1.480295
488	-4.323277	25.397861	1.487986
489	-4.323277	26.397861	1.487986
490	-4.323277	27.397861	1.487986
491	-4.323277	28.397861	1.484692
492	-4.323277	29.397861	1.484692
493	-4.323277	30.397861	1.484692
494	-4.323277	31.397861	1.484692
495	-4.323277	32.397861	1.484692
496	-4.323277	33.397861	1.470289
497	-4.323277	34.397861	1.470289
498	-4.323277	35.397861	1.470289
499	-4.323277	36.397861	1.470289
500	-3.323277	-2.602139	1.535605
501	-3.323277	-1.602139	1.535605
502	-3.323277	-0.602139	1.535605
503	-3.323277	0.397861	1.535605
504	-3.323277	1.397861	1.535605
505	-3.323277	2.397861	1.520023
506	-3.323277	3.397861	1.520023
507	-3.323277	4.397861	1.520023
508	-3.323277	5.397861	1.520023
509	-3.323277	6.397861	1.520023
510	-3.323277	7.397861	1.515242
511	-3.323277	8.397861	1.515242
512	-3.323277	9.397861	1.515242
513	-3.323277	10.397861	1.515242
514	-3.323277	11.397861	1.515242
515	-3.323277	13.397861	1.477176
516	-3.323277	14.397861	1.477176
517	-3.323277	15.397861	1.480295
518	-3.323277	16.397861	1.480295
519	-3.323277	17.397861	1.480295
520	-3.323277	18.397861	1.480295
521	-3.323277	19.397861	1.480295
522	-3.323277	20.397861	1.480295
523	-3.323277	21.397861	1.480295
524	-3.323277	22.397861	1.487986
525	-3.323277	23.397861	1.487986
526	-3.323277	25.397861	1.487986
527	-3.323277	28.397861	1.470289
528	-3.323277	31.397861	1.470289
529	-3.323277	32.397861	1.470289
530	-3.323277	33.397861	1.470289
531	-3.323277	34.397861	1.470289
532	-3.323277	35.397861	1.470289
533	-2.323277	-2.602139	1.535605
534	-2.323277	-1.602139	1.545281
535	-2.323277	7.397861	1.527811
536	-2.323277	8.397861	1.515242
537	-2.323277	9.397861	1.515242
538	-2.323277	10.397861	1.515242
539	-2.323277	11.397861	1.515242
540	-2.323277	13.397861	1.477176
541	-2.323277	14.397861	1.477176
542	-2.323277	15.397861	1.480295
543	-2.323277	16.397861	1.480295
544	-2.323277	17.397861	1.480295
545	-2.323277	18.397861	1.480295
546	-2.323277	19.397861	1.480295
547	-2.323277	20.397861	1.480295
548	-2.323277	21.397861	1.480295
549	-2.323277	22.397861	1.477176
550	-2.323277	23.397861	1.477176
551	-2.323277	27.397861	1.470289
552	-2.323277	28.397861	1.470289
553	-2.323277	29.397861	1.470289
554	-2.323277	30.397861	1.470289
555	-2.323277	31.397861	1.470289
556	-2.323277	32.397861	1.470289
557	-2.323277	33.397861	1.470289
558	-2.323277	34.397861	1.470289
559	-2.323277	35.397861	1.470289
560	-1.323277	-0.602139	1.545281
561	-1.323277	0.397861	1.545281
562	-1.323277	1.397861	1.545281
563	-1.323277	2.397861	1.545281
564	-1.323277	4.397861	1.527811
565	-1.323277	5.397861	1.527811
566	-1.323277	6.397861	1.527811
567	-1.323277	11.397861	1.515242
568	-1.323277	12.397861	1.515242
569	-1.323277	13.397861	1.477176
570	-1.323277	14.397861	1.477176
571	-1.323277	15.397861	1.477176
572	-1.323277	16.397861	1.477176
573	-1.323277	17.397861	1.477176
574	-1.323277	18.397861	1.477176
575	-1.323277	19.397861	1.477176
576	-1.323277	20.397861	1.477176
577	-1.323277	21.397861	1.477176
578	-1.323277	22.397861	1.477176
579	-1.323277	23.397861	1.477176
580	-1.323277	24.397861	1.477176
581	-1.323277	25.397861	1.470289
582	-1.323277	26.397861	1.470289
583	-1.323277	27.397861	1.470289
584	-1.323277	28.397861	1.470289
585	-1.323277	29.397861	1.470289
586	-1.323277	30.397861	1.470289
587	-1.323277	32.397861	1.500583
588	-1.323277	33.397861	1.500583
589	-1.323277	34.397861	1.500583
590	-1.323277	35.397861	1.500583
591	-0.323277	-2.602139	1.545281
592	-0.323277	-1.602139	1.545281
593	-0.323277	-0.602139	1.545281
594	-0.323277	0.397861	1.545281
595	-0.323277	1.397861	1.545281
596	-0.323277	2.397861	1.545281
597	-0.323277	4.397861	1.527811
598	-0.323277	5.397861	1.527811
599	-0.323277	6.397861	1.527811
600	-0.323277	7.397861	1.527811
601	-0.323277	8.397861	1.515242
602	-0.323277	9.397861	1.515242
603	-0.323277	11.397861	1.515242
604	-0.323277	12.397861	1.515242
605	-0.323277	13.397861	1.477176
606	-0.323277	14.397861	1.477176
607	-0.323277	15.397861	1.477176
608	-0.323277	16.397861	1.477176
609	-0.323277	17.397861	1.477176
610	-0.323277	18.397861	1.477176
611	-0.323277	19.397861	1.477176
612	-0.323277	20.397861	1.477176
613	-0.323277	21.397861	1.477176
614	-0.323277	22.397861	1.477176
615	-0.323277	23.397861	1.477176
616	-0.323277	24.397861	1.477176
617	-0.323277	25.397861	1.470289
618	-0.323277	28.397861	1.470289
619	-0.323277	29.397861	1.470289
620	-0.323277	30.397861	1.470289
621	-0.323277	31.397861	1.500583
622	-0.323277	32.397861	1.500583
623	-0.323277	33.397861	1.500583
624	-0.323277	34.397861	1.500583
625	-0.323277	35.397861	1.500583
626	0.676723	14.397861	1.477176
627	0.676723	15.397861	1.477176
628	0.676723	16.397861	1.477176
629	0.676723	17.397861	1.477176
630	0.676723	18.397861	1.477176
631	0.676723	19.397861	1.477176
632	0.676723	22.397861	1.477176
633	0.676723	23.397861	1.477176
634	0.676723	24.397861	1.477176
635	0.676723	25.397861	1.477176
636	0.676723	26.397861	1.477176
637	0.676723	31.397861	1.500583
638	0.676723	32.397861	1.500583
639	0.676723	33.397861	1.500583
640	0.676723	34.397861	1.500583
641	0.676723	35.397861	1.500583
642	1.676723	13.397861	1.477176
643	1.676723	14.397861	1.477176
644	1.676723	15.397861	1.477176
645	1.676723	16.397861	1.477176
646	1.676723	17.397861	1.477176
647	1.676723	18.397861	1.477176
648	1.676723	19.397861	1.477176
649	1.676723	20.397861	1.477176
650	1.676723	21.397861	1.477176
651	1.676723	22.397861	1.477176
652	1.676723	23.397861	1.477176
653	1.676723	24.397861	1.477176
654	1.676723	26.397861	1.477176
655	1.676723	31.397861	1.500583
656	1.676723	32.397861	1.500583
657	1.676723	33.397861	1.500583
658	1.676723	34.397861	1.500583
659	2.676723	13.397861	1.477176
660	2.676723	14.397861	1.477176
661	2.676723	15.397861	1.477176
662	2.676723	16.397861	1.477176
663	2.676723	17.397861	1.477176
664	2.676723	18.397861	1.477176
665	2.676723	19.397861	1.477176
666	2.676723	20.397861	1.477176
667	2.676723	21.397861	1.477176
668	2.676723	22.397861	1.477176
669	2.676723	23.397861	1.477176
670	2.676723	24.397861	1.477176
671	2.676723	25.397861	1.477176
672	2.676723	26.397861	1.477176
673	2.676723	31.397861	1.500583
674	2.676723	32.397861	1.500583
675	2.676723	33.397861	1.500583
676	3.676723	13.397861	1.477176
677	3.676723	14.397861	1.477176
678	3.676723	15.397861	1.477176
679	3.676723	16.397861	1.477176
680	3.676723	17.397861	1.477176
681	3.676723	18.397861	1.477176
682	3.676723	19.397861	1.477176
683	3.676723	20.397861	1.477176
684	3.676723	21.397861	1.477176
685	3.676723	22.397861	1.477176
686	3.676723	23.397861	1.477176
687	3.676723	24.397861	1.477176
688	3.676723	25.397861	1.477176
689	3.676723	26.397861	1.477176
690	4.676723	13.397861	1.477176
691	4.676723	14.397861	1.477176
692	4.676723	15.397861	1.477176
693	4.676723	16.397861	1.477176
694	4.676723	17.397861	1.477176
695	4.676723	18.397861	1.477176
696	4.676723	19.397861	1.477176
697	4.676723	20.397861	1.477176
698	4.676723	21.397861	1.477176
699	4.676723	22.397861	1.477176
700	4.676723	23.397861	1.477176
701	4.676723	24.397861	1.477176
702	4.676723	25.397861	1.477176
703	4.676723	26.397861	1.477176
704	5.676723	13.397861	1.477176
705	5.676723	14.397861	1.477176
706	5.676723	15.397861	1.477176
707	5.676723	16.397861	1.477176
708	5.676723	17.397861	1.477176
709	5.676723	18.397861	1.477176
710	5.676723	19.397861	1.477176
711	5.676723	20.397861	1.477176
712	5.676723	21.397861	1.477176
713	5.676723	22.397861	1.477176
714	5.676723	23.397861	1.477176
715	5.676723	24.397861	1.477176
716	5.676723	25.397861	1.477176
717	6.676723	13.397861	1.477176
718	6.676723	14.397861	1.477176
719	6.676723	15.397861	1.477176
720	6.676723	16.397861	1.477176
721	6.676723	17.397861	1.477176
722	6.676723	18.397861	1.477176
723	6.676723	19.397861	1.477176
724	6.676723	20.397861	1.477176
725	6.676723	21.397861	1.477176
726	6.676723	22.397861	1.477176
727	6.676723	23.397861	1.477176
728	6.676723	24.397861	1.477176
729	6.676723	25.397861	1.477176
730	7.676723	13.397861	1.477176
731	7.676723	14.397861	1.477176
732	7.676723	15.397861	1.477176
733	7.676723	16.397861	1.477176
734	7.676723	17.397861	1.477176
735	7.676723	18.397861	1.477176
736	7.676723	19.397861	1.477176
737	7.676723	20.397861	1.477176
738	7.676723	21.397861	1.477176
739	7.676723	22.397861	1.477176
740	7.676723	23.397861	1.477176
741	7.676723	24.397861	1.477176
742	7.676723	25.397861	1.477176
743	7.676723	26.397861	1.477176
744	8.676723	14.397861	1.477176
745	8.676723	15.397861	1.477176
746	8.676723	16.397861	1.477176
747	8.676723	17.397861	1.477176
748	8.676723	18.397861	1.477176
749	8.676723	19.397861	1.477176
750	8.676723	22.397861	1.477176
751	8.676723	23.397861	1.477176
752	8.676723	24.397861	1.477176
753	8.676723	25.397861	1.477176
754	8.676723	26.397861	1.477176
