0	-34.621361	4.372473	1.474147
1	-34.621361	5.372473	1.474147
2	-34.621361	6.372473	1.474147
3	-34.621361	7.372473	1.474147
4	-34.621361	8.372473	1.474147
5	-34.621361	9.372473	1.474147
6	-34.621361	10.372473	1.474147
7	-34.621361	11.372473	1.474147
8	-34.621361	13.372473	1.474147
9	-34.621361	14.372473	1.474147
10	-34.621361	15.372473	1.474147
11	-33.621361	4.372473	1.474147
12	-33.621361	5.372473	1.474147
13	-33.621361	6.372473	1.474147
14	-33.621361	7.372473	1.474147
15	-33.621361	8.372473	1.474147
16	-33.621361	9.372473	1.474147
17	-33.621361	10.372473	1.474147
18	-33.621361	11.372473	1.474147
19	-33.621361	12.372473	1.474147
20	-33.621361	13.372473	1.474147
21	-33.621361	14.372473	1.474147
22	-33.621361	15.372473	1.474147
23	-32.621361	4.372473	1.474147
24	-32.621361	5.372473	1.474147
25	-32.621361	6.372473	1.474147
26	-32.621361	7.372473	1.474147
27	-32.621361	8.372473	1.474147
28	-32.621361	9.372473	1.474147
29	-32.621361	10.372473	1.474147
30	-32.621361	11.372473	1.474147
31	-32.621361	12.372473	1.474147
32	-32.621361	13.372473	1.474147
33	-32.621361	14.372473	1.474147
34	-32.621361	15.372473	1.474147
35	-32.621361	17.372473	1.505426
36	-32.621361	18.372473	1.505426
37	-32.621361	19.372473	1.505426
38	-32.621361	20.372473	1.505426
39	-31.621361	2.372473	1.516790
40	-31.621361	3.372473	1.516790
41	-31.621361	4.372473	1.474147
42	-31.621361	5.372473	1.474147
43	-31.621361	6.372473	1.474147
44	-31.621361	7.372473	1.474147
45	-31.621361	8.372473	1.474147
46	-31.621361	9.372473	1.474147
47	-31.621361	10.372473	1.474147
48	-31.621361	11.372473	1.474147
49	-31.621361	12.372473	1.474147
50	-31.621361	13.372473	1.474147
51	-31.621361	14.372473	1.474147
52	-31.621361	15.372473	1.474147
53	-31.621361	17.372473	1.505426
54	-31.621361	18.372473	1.505426
55	-31.621361	19.372473	1.505426
56	-31.621361	20.372473	1.505426
57	-30.621361	2.372473	1.516790
58	-30.621361	3.372473	1.516790
59	-30.621361	4.372473	1.474147
60	-30.621361	5.372473	1.474147
61	-30.621361	6.372473	1.474147
62	-30.621361	7.372473	1.474147
63	-30.621361	8.372473	1.474147
64	-30.621361	9.372473	1.474147
65	-30.621361	10.372473	1.474147
66	-30.621361	11.372473	1.474147
67	-30.621361	12.372473	1.474147
68	-30.621361	13.372473	1.474147
69	-30.621361	14.372473	1.474147
70	-30.621361	15.372473	1.474147
71	-30.621361	17.372473	1.505426
72	-30.621361	18.372473	1.505426
73	-30.621361	19.372473	1.505426
74	-30.621361	20.372473	1.505426
75	-29.621361	2.372473	1.516790
76	-29.621361	3.372473	1.516790
77	-29.621361	4.372473	1.474147
78	-29.621361	5.372473	1.474147
79	-29.621361	6.372473	1.474147
80	-29.621361	7.372473	1.474147
81	-29.621361	8.372473	1.474147
82	-29.621361	9.372473	1.474147
83	-29.621361	10.372473	1.474147
84	-29.621361	11.372473	1.474147
85	-29.621361	12.372473	1.474147
86	-29.621361	13.372473	1.474147
87	-29.621361	14.372473	1.474147
88	-29.621361	15.372473	1.474147
89	-29.621361	17.372473	1.505426
90	-29.621361	18.372473	1.505426
91	-29.621361	19.372473	1.505426
92	-29.621361	20.372473	1.505426
93	-29.621361	21.372473	1.505426
94	-28.621361	2.372473	1.516790
95	-28.621361	3.372473	1.516790
96	-28.621361	4.372473	1.474147
97	-28.621361	5.372473	1.474147
98	-28.621361	6.372473	1.474147
99	-28.621361	7.372473	1.474147
100	-28.621361	8.372473	1.474147
101	-28.621361	9.372473	1.474147
102	-28.621361	10.372473	1.474147
103	-28.621361	11.372473	1.474147
104	-28.621361	12.372473	1.474147
105	-28.621361	13.372473	1.474147
106	-28.621361	14.372473	1.474147
107	-28.621361	15.372473	1.474147
108	-28.621361	17.372473	1.505426
109	-28.621361	18.372473	1.505426
110	-28.621361	19.372473	1.505426
111	-28.621361	20.372473	1.505426
112	-28.621361	21.372473	1.505426
113	-27.621361	2.372473	1.516790
114	-27.621361	3.372473	1.516790
115	-27.621361	4.372473	1.474147
116	-27.621361	5.372473	1.474147
117	-27.621361	6.372473	1.474147
118	-27.621361	7.372473	1.474147
119	-27.621361	8.372473	1.474147
120	-27.621361	9.372473	1.474147
121	-27.621361	10.372473	1.474147
122	-27.621361	11.372473	1.474147
123	-27.621361	12.372473	1.474147
124	-27.621361	13.372473	1.474147
125	-27.621361	14.372473	1.474147
126	-27.621361	15.372473	1.474147
127	-27.621361	17.372473	1.505426
128	-27.621361	18.372473	1.505426
129	-27.621361	19.372473	1.505426
130	-27.621361	20.372473	1.505426
131	-27.621361	21.372473	1.505426
132	-26.621361	2.372473	1.506980
133	-26.621361	3.372473	1.506980
134	-26.621361	4.372473	1.474147
135	-26.621361	5.372473	1.474147
136	-26.621361	6.372473	1.474147
137	-26.621361	7.372473	1.474147
138	-26.621361	8.372473	1.474147
139	-26.621361	9.372473	1.474147
140	-26.621361	10.372473	1.474147
141	-26.621361	11.372473	1.474147
142	-26.621361	12.372473	1.474147
143	-26.621361	13.372473	1.474147
144	-26.621361	14.372473	1.474147
145	-26.621361	15.372473	1.474147
146	-26.621361	17.372473	1.505426
147	-26.621361	18.372473	1.505426
148	-26.621361	19.372473	1.505426
149	-26.621361	20.372473	1.505426
150	-26.621361	21.372473	1.505426
151	-25.621361	2.372473	1.506980
152	-25.621361	3.372473	1.506980
153	-25.621361	4.372473	1.474147
154	-25.621361	5.372473	1.474147
155	-25.621361	6.372473	1.474147
156	-25.621361	7.372473	1.474147
157	-25.621361	8.372473	1.474147
158	-25.621361	9.372473	1.474147
159	-25.621361	10.372473	1.474147
160	-25.621361	11.372473	1.474147
161	-25.621361	13.372473	1.474147
162	-25.621361	14.372473	1.474147
163	-25.621361	15.372473	1.474147
164	-25.621361	17.372473	1.505426
165	-25.621361	18.372473	1.505426
166	-25.621361	19.372473	1.505426
167	-25.621361	20.372473	1.505426
168	-25.621361	21.372473	1.505426
169	-24.621361	2.372473	1.506980
170	-24.621361	3.372473	1.506980
171	-24.621361	4.372473	1.474147
172	-24.621361	5.372473	1.474147
173	-24.621361	6.372473	1.474147
174	-24.621361	7.372473	1.474147
175	-24.621361	8.372473	1.474147
176	-24.621361	9.372473	1.474147
177	-24.621361	10.372473	1.474147
178	-24.621361	11.372473	1.474147
179	-24.621361	12.372473	1.474147
180	-24.621361	13.372473	1.474147
181	-24.621361	14.372473	1.474147
182	-24.621361	15.372473	1.474147
183	-24.621361	17.372473	1.505426
184	-24.621361	18.372473	1.505426
185	-24.621361	19.372473	1.505426
186	-24.621361	20.372473	1.505426
187	-24.621361	21.372473	1.505426
188	-23.621361	5.372473	1.474147
189	-23.621361	6.372473	1.474147
190	-23.621361	7.372473	1.474147
191	-23.621361	8.372473	1.474147
192	-23.621361	9.372473	1.474147
193	-23.621361	10.372473	1.474147
194	-23.621361	11.372473	1.474147
195	-23.621361	12.372473	1.474147
196	-23.621361	13.372473	1.474147
197	-23.621361	14.372473	1.474147
198	-23.621361	15.372473	1.474147
199	-23.621361	17.372473	1.505426
200	-23.621361	18.372473	1.505426
201	-23.621361	19.372473	1.505426
202	-23.621361	20.372473	1.505426
203	-23.621361	21.372473	1.505426
204	-22.621361	5.372473	1.474147
205	-22.621361	6.372473	1.474147
206	-22.621361	7.372473	1.474147
207	-22.621361	8.372473	1.474147
208	-22.621361	9.372473	1.474147
209	-22.621361	10.372473	1.474147
210	-22.621361	11.372473	1.474147
211	-22.621361	12.372473	1.474147
212	-22.621361	13.372473	1.474147
213	-22.621361	14.372473	1.474147
214	-22.621361	15.372473	1.474147
215	-22.621361	17.372473	1.505426
216	-22.621361	18.372473	1.505426
217	-22.621361	19.372473	1.505426
218	-22.621361	20.372473	1.505426
219	-22.621361	21.372473	1.505426
220	-21.621361	5.372473	1.474147
221	-21.621361	6.372473	1.474147
222	-21.621361	7.372473	1.474147
223	-21.621361	8.372473	1.474147
224	-21.621361	9.372473	1.474147
225	-21.621361	10.372473	1.474147
226	-21.621361	11.372473	1.474147
227	-21.621361	12.372473	1.474147
228	-21.621361	13.372473	1.474147
229	-21.621361	14.372473	1.474147
230	-21.621361	15.372473	1.474147
231	-21.621361	17.372473	1.505426
232	-21.621361	18.372473	1.505426
233	-21.621361	19.372473	1.505426
234	-21.621361	20.372473	1.505426
235	-21.621361	21.372473	1.505426
236	-20.621361	5.372473	1.474147
237	-20.621361	6.372473	1.474147
238	-20.621361	7.372473	1.474147
239	-20.621361	8.372473	1.474147
240	-20.621361	9.372473	1.474147
241	-20.621361	10.372473	1.474147
242	-20.621361	11.372473	1.474147
243	-20.621361	12.372473	1.474147
244	-20.621361	13.372473	1.474147
245	-20.621361	14.372473	1.474147
246	-20.621361	15.372473	1.474147
247	-20.621361	17.372473	1.505426
248	-20.621361	18.372473	1.505426
249	-20.621361	19.372473	1.505426
250	-20.621361	20.372473	1.505426
251	-20.621361	21.372473	1.505426
252	-19.621361	5.372473	1.474147
253	-19.621361	6.372473	1.474147
254	-19.621361	7.372473	1.474147
255	-19.621361	8.372473	1.474147
256	-19.621361	9.372473	1.474147
257	-19.621361	10.372473	1.474147
258	-19.621361	11.372473	1.474147
259	-19.621361	12.372473	1.474147
260	-19.621361	13.372473	1.474147
261	-19.621361	14.372473	1.474147
262	-19.621361	15.372473	1.474147
263	-19.621361	17.372473	1.505426
264	-19.621361	18.372473	1.505426
265	-19.621361	19.372473	1.505426
266	-19.621361	20.372473	1.505426
267	-19.621361	21.372473	1.505426
268	-18.621361	4.372473	1.474147
269	-18.621361	5.372473	1.474147
270	-18.621361	6.372473	1.474147
271	-18.621361	7.372473	1.474147
272	-18.621361	8.372473	1.474147
273	-18.621361	9.372473	1.474147
274	-18.621361	10.372473	1.474147
275	-18.621361	11.372473	1.474147
276	-18.621361	12.372473	1.474147
277	-18.621361	13.372473	1.474147
278	-18.621361	14.372473	1.474147
279	-18.621361	15.372473	1.474147
280	-18.621361	17.372473	1.505426
281	-18.621361	18.372473	1.505426
282	-18.621361	19.372473	1.505426
283	-18.621361	20.372473	1.505426
284	-18.621361	21.372473	1.505426
285	-17.621361	4.372473	1.474147
286	-17.621361	5.372473	1.474147
287	-17.621361	6.372473	1.474147
288	-17.621361	7.372473	1.474147
289	-17.621361	8.372473	1.474147
290	-17.621361	9.372473	1.474147
291	-17.621361	10.372473	1.474147
292	-17.621361	11.372473	1.474147
293	-17.621361	12.372473	1.474147
294	-17.621361	13.372473	1.474147
295	-17.621361	14.372473	1.474147
296	-17.621361	15.372473	1.474147
297	-17.621361	17.372473	1.505426
298	-17.621361	18.372473	1.505426
299	-17.621361	19.372473	1.505426
300	-17.621361	20.372473	1.505426
301	-17.621361	21.372473	1.505426
302	-16.621361	4.372473	1.474147
303	-16.621361	5.372473	1.474147
304	-16.621361	6.372473	1.474147
305	-16.621361	7.372473	1.474147
306	-16.621361	8.372473	1.474147
307	-16.621361	9.372473	1.474147
308	-16.621361	10.372473	1.474147
309	-16.621361	11.372473	1.474147
310	-16.621361	12.372473	1.474147
311	-16.621361	13.372473	1.474147
312	-16.621361	14.372473	1.474147
313	-16.621361	15.372473	1.474147
314	-16.621361	17.372473	1.505426
315	-16.621361	18.372473	1.505426
316	-16.621361	19.372473	1.505426
317	-16.621361	20.372473	1.505426
318	-16.621361	21.372473	1.505426
319	-15.621361	4.372473	1.474147
320	-15.621361	5.372473	1.474147
321	-15.621361	6.372473	1.474147
322	-15.621361	7.372473	1.474147
323	-15.621361	8.372473	1.474147
324	-15.621361	9.372473	1.474147
325	-15.621361	10.372473	1.474147
326	-15.621361	11.372473	1.474147
327	-15.621361	12.372473	1.474147
328	-15.621361	13.372473	1.474147
329	-15.621361	14.372473	1.474147
330	-15.621361	15.372473	1.474147
331	-15.621361	17.372473	1.505426
332	-15.621361	18.372473	1.505426
333	-15.621361	19.372473	1.505426
334	-15.621361	20.372473	1.505426
335	-15.621361	21.372473	1.505426
336	-14.621361	4.372473	1.474147
337	-14.621361	5.372473	1.474147
338	-14.621361	6.372473	1.474147
339	-14.621361	7.372473	1.474147
340	-14.621361	8.372473	1.474147
341	-14.621361	9.372473	1.474147
342	-14.621361	10.372473	1.474147
343	-14.621361	11.372473	1.474147
344	-14.621361	12.372473	1.474147
345	-14.621361	13.372473	1.474147
346	-14.621361	14.372473	1.474147
347	-14.621361	15.372473	1.474147
348	-14.621361	17.372473	1.505426
349	-14.621361	18.372473	1.505426
350	-14.621361	19.372473	1.505426
351	-14.621361	20.372473	1.505426
352	-14.621361	21.372473	1.505426
353	-13.621361	-2.627527	1.519851
354	-13.621361	-1.627527	1.519851
355	-13.621361	-0.627527	1.511760
356	-13.621361	0.372473	1.511760
357	-13.621361	4.372473	1.474147
358	-13.621361	5.372473	1.474147
359	-13.621361	6.372473	1.474147
360	-13.621361	7.372473	1.474147
361	-13.621361	8.372473	1.474147
362	-13.621361	9.372473	1.474147
363	-13.621361	10.372473	1.474147
364	-13.621361	11.372473	1.474147
365	-13.621361	12.372473	1.474147
366	-13.621361	13.372473	1.474147
367	-13.621361	14.372473	1.474147
368	-13.621361	15.372473	1.474147
369	-13.621361	17.372473	1.505426
370	-13.621361	18.372473	1.505426
371	-13.621361	19.372473	1.505426
372	-13.621361	20.372473	1.505426
373	-13.621361	21.372473	1.505426
374	-12.621361	-4.627527	1.519851
375	-12.621361	-3.627527	1.519851
376	-12.621361	-2.627527	1.519851
377	-12.621361	-1.627527	1.519851
378	-12.621361	-0.627527	1.511760
379	-12.621361	0.372473	1.511760
380	-12.621361	1.372473	1.511760
381	-12.621361	4.372473	1.474147
382	-12.621361	5.372473	1.474147
383	-12.621361	6.372473	1.474147
384	-12.621361	7.372473	1.474147
385	-12.621361	8.372473	1.474147
386	-12.621361	9.372473	1.474147
387	-12.621361	10.372473	1.474147
388	-12.621361	11.372473	1.474147
389	-12.621361	12.372473	1.474147
390	-12.621361	13.372473	1.474147
391	-12.621361	14.372473	1.474147
392	-12.621361	15.372473	1.474147
393	-12.621361	17.372473	1.505426
394	-12.621361	18.372473	1.505426
395	-12.621361	19.372473	1.505426
396	-12.621361	20.372473	1.505426
397	-12.621361	21.372473	1.505426
398	-11.621361	-4.627527	1.519851
399	-11.621361	-3.627527	1.519851
400	-11.621361	-2.627527	1.519851
401	-11.621361	-1.627527	1.519851
402	-11.621361	-0.627527	1.511760
403	-11.621361	0.372473	1.511760
404	-11.621361	1.372473	1.511760
405	-11.621361	2.372473	1.511760
406	-11.621361	4.372473	1.474147
407	-11.621361	5.372473	1.474147
408	-11.621361	6.372473	1.474147
409	-11.621361	7.372473	1.474147
410	-11.621361	8.372473	1.474147
411	-11.621361	9.372473	1.474147
412	-11.621361	10.372473	1.474147
413	-11.621361	11.372473	1.474147
414	-11.621361	12.372473	1.474147
415	-11.621361	13.372473	1.474147
416	-11.621361	14.372473	1.474147
417	-11.621361	15.372473	1.474147
418	-11.621361	17.372473	1.505426
419	-11.621361	18.372473	1.505426
420	-11.621361	19.372473	1.505426
421	-11.621361	20.372473	1.505426
422	-11.621361	21.372473	1.505426
423	-10.621361	-4.627527	1.519851
424	-10.621361	-2.627527	1.519851
425	-10.621361	-1.627527	1.519851
426	-10.621361	-0.627527	1.511760
427	-10.621361	1.372473	1.511760
428	-10.621361	4.372473	1.474147
429	-10.621361	5.372473	1.474147
430	-10.621361	6.372473	1.474147
431	-10.621361	7.372473	1.474147
432	-10.621361	8.372473	1.474147
433	-10.621361	9.372473	1.474147
434	-10.621361	10.372473	1.474147
435	-10.621361	11.372473	1.474147
436	-10.621361	12.372473	1.474147
437	-10.621361	13.372473	1.474147
438	-10.621361	14.372473	1.474147
439	-10.621361	15.372473	1.474147
440	-10.621361	17.372473	1.505426
441	-10.621361	18.372473	1.505426
442	-10.621361	19.372473	1.505426
443	-10.621361	20.372473	1.505426
444	-10.621361	21.372473	1.505426
445	-9.621361	-4.627527	1.519851
446	-9.621361	-3.627527	1.519851
447	-9.621361	-2.627527	1.510026
448	-9.621361	-1.627527	1.510026
449	-9.621361	-0.627527	1.510026
450	-9.621361	0.372473	1.510026
451	-9.621361	4.372473	1.474147
452	-9.621361	5.372473	1.474147
453	-9.621361	6.372473	1.474147
454	-9.621361	7.372473	1.474147
455	-9.621361	8.372473	1.474147
456	-9.621361	9.372473	1.474147
457	-9.621361	10.372473	1.474147
458	-9.621361	11.372473	1.474147
459	-9.621361	12.372473	1.474147
460	-9.621361	13.372473	1.474147
461	-9.621361	14.372473	1.474147
462	-9.621361	15.372473	1.474147
463	-9.621361	17.372473	1.505426
464	-9.621361	18.372473	1.505426
465	-9.621361	19.372473	1.505426
466	-9.621361	20.372473	1.505426
467	-9.621361	21.372473	1.505426
468	-8.621361	-16.627527	1.490898
469	-8.621361	-15.627527	1.490898
470	-8.621361	-14.627527	1.490898
471	-8.621361	-13.627527	1.490898
472	-8.621361	-12.627527	1.490898
473	-8.621361	-1.627527	1.510026
474	-8.621361	4.372473	1.474147
475	-8.621361	5.372473	1.474147
476	-8.621361	6.372473	1.474147
477	-8.621361	7.372473	1.474147
478	-8.621361	8.372473	1.474147
479	-8.621361	9.372473	1.474147
480	-8.621361	10.372473	1.474147
481	-8.621361	11.372473	1.474147
482	-8.621361	12.372473	1.474147
483	-8.621361	13.372473	1.474147
484	-8.621361	14.372473	1.474147
485	-8.621361	15.372473	1.474147
486	-8.621361	17.372473	1.505426
487	-8.621361	18.372473	1.505426
488	-8.621361	19.372473	1.505426
489	-8.621361	20.372473	1.505426
490	-8.621361	21.372473	1.505426
491	-7.621361	-16.627527	1.490898
492	-7.621361	-15.627527	1.490898
493	-7.621361	-14.627527	1.490898
494	-7.621361	-13.627527	1.490898
495	-7.621361	-12.627527	1.490898
496	-7.621361	-10.627527	1.506003
497	-7.621361	-9.627527	1.506003
498	-7.621361	-8.627527	1.506003
499	-7.621361	-7.627527	1.506003
500	-7.621361	-6.627527	1.506003
501	-7.621361	-5.627527	1.506003
502	-7.621361	-4.627527	1.506003
503	-7.621361	-3.627527	1.506003
504	-7.621361	-2.627527	1.506003
505	-7.621361	-1.627527	1.506003
506	-7.621361	-0.627527	1.506003
507	-7.621361	0.372473	1.506003
508	-7.621361	1.372473	1.506003
509	-7.621361	2.372473	1.506003
510	-7.621361	4.372473	1.474147
511	-7.621361	5.372473	1.474147
512	-7.621361	6.372473	1.474147
513	-7.621361	7.372473	1.474147
514	-7.621361	12.372473	1.474147
515	-7.621361	13.372473	1.474147
516	-7.621361	14.372473	1.474147
517	-7.621361	15.372473	1.474147
518	-7.621361	17.372473	1.505426
519	-7.621361	18.372473	1.505426
520	-7.621361	19.372473	1.505426
521	-7.621361	20.372473	1.505426
522	-7.621361	21.372473	1.505426
523	-6.621361	-16.627527	1.490898
524	-6.621361	-15.627527	1.490898
525	-6.621361	-14.627527	1.490898
526	-6.621361	-13.627527	1.490898
527	-6.621361	-12.627527	1.490898
528	-6.621361	-10.627527	1.506003
529	-6.621361	-9.627527	1.506003
530	-6.621361	-8.627527	1.506003
531	-6.621361	-7.627527	1.506003
532	-6.621361	-6.627527	1.506003
533	-6.621361	-5.627527	1.506003
534	-6.621361	-4.627527	1.506003
535	-6.621361	-3.627527	1.506003
536	-6.621361	-2.627527	1.506003
537	-6.621361	-1.627527	1.506003
538	-6.621361	-0.627527	1.506003
539	-6.621361	0.372473	1.506003
540	-6.621361	1.372473	1.506003
541	-6.621361	2.372473	1.506003
542	-6.621361	3.372473	1.506003
543	-6.621361	5.372473	1.498069
544	-6.621361	7.372473	1.498069
545	-6.621361	8.372473	1.498069
546	-6.621361	12.372473	1.498069
547	-6.621361	13.372473	1.498069
548	-6.621361	14.372473	1.498069
549	-6.621361	15.372473	1.498069
550	-6.621361	17.372473	1.505426
551	-6.621361	18.372473	1.505426
552	-6.621361	19.372473	1.505426
553	-6.621361	20.372473	1.505426
554	-6.621361	21.372473	1.505426
555	-5.621361	-16.627527	1.490898
556	-5.621361	-15.627527	1.490898
557	-5.621361	-14.627527	1.490898
558	-5.621361	-13.627527	1.490898
559	-5.621361	-12.627527	1.490898
560	-5.621361	-10.627527	1.506003
561	-5.621361	-7.627527	1.506003
562	-5.621361	-6.627527	1.506003
563	-5.621361	-5.627527	1.506003
564	-5.621361	-4.627527	1.506003
565	-5.621361	-3.627527	1.506003
566	-5.621361	-2.627527	1.506003
567	-5.621361	-1.627527	1.506003
568	-5.621361	-0.627527	1.506003
569	-5.621361	0.372473	1.506003
570	-5.621361	1.372473	1.506003
571	-5.621361	2.372473	1.506003
572	-5.621361	3.372473	1.506003
573	-5.621361	4.372473	1.498069
574	-5.621361	5.372473	1.498069
575	-5.621361	6.372473	1.498069
576	-5.621361	7.372473	1.498069
577	-5.621361	8.372473	1.498069
578	-5.621361	9.372473	1.498069
579	-5.621361	10.372473	1.498069
580	-5.621361	11.372473	1.498069
581	-5.621361	12.372473	1.498069
582	-5.621361	13.372473	1.498069
583	-5.621361	14.372473	1.498069
584	-5.621361	15.372473	1.498069
585	-5.621361	17.372473	1.505426
586	-5.621361	18.372473	1.505426
587	-5.621361	19.372473	1.505426
588	-5.621361	20.372473	1.505426
589	-5.621361	21.372473	1.505426
590	-4.621361	-10.627527	1.506003
591	-4.621361	-9.627527	1.506003
592	-4.621361	-8.627527	1.506003
593	-4.621361	-7.627527	1.506003
594	-4.621361	-6.627527	1.506003
595	-4.621361	-5.627527	1.506003
596	-4.621361	-4.627527	1.506003
597	-4.621361	-3.627527	1.506003
598	-4.621361	-2.627527	1.506003
599	-4.621361	-1.627527	1.506003
600	-4.621361	-0.627527	1.506003
601	-4.621361	0.372473	1.506003
602	-4.621361	1.372473	1.506003
603	-4.621361	2.372473	1.506003
604	-4.621361	3.372473	1.506003
605	-4.621361	4.372473	1.498069
606	-4.621361	5.372473	1.498069
607	-4.621361	6.372473	1.498069
608	-4.621361	7.372473	1.498069
609	-4.621361	8.372473	1.498069
610	-4.621361	9.372473	1.498069
611	-4.621361	10.372473	1.498069
612	-4.621361	11.372473	1.498069
613	-4.621361	12.372473	1.498069
614	-4.621361	13.372473	1.498069
615	-4.621361	14.372473	1.498069
616	-4.621361	15.372473	1.498069
617	-4.621361	17.372473	1.505426
618	-4.621361	18.372473	1.505426
619	-4.621361	19.372473	1.505426
620	-4.621361	20.372473	1.505426
621	-4.621361	21.372473	1.505426
622	-3.621361	-10.627527	1.506003
623	-3.621361	-9.627527	1.506003
624	-3.621361	-8.627527	1.506003
625	-3.621361	-6.627527	1.506003
626	-3.621361	-5.627527	1.506003
627	-3.621361	-4.627527	1.506003
628	-3.621361	-3.627527	1.506003
629	-3.621361	-2.627527	1.506003
630	-3.621361	-1.627527	1.506003
631	-3.621361	-0.627527	1.506003
632	-3.621361	0.372473	1.506003
633	-3.621361	1.372473	1.506003
634	-3.621361	2.372473	1.506003
635	-3.621361	3.372473	1.506003
636	-3.621361	4.372473	1.498069
637	-3.621361	5.372473	1.498069
638	-3.621361	6.372473	1.498069
639	-3.621361	7.372473	1.498069
640	-3.621361	8.372473	1.498069
641	-3.621361	9.372473	1.498069
642	-3.621361	10.372473	1.498069
643	-3.621361	11.372473	1.498069
644	-3.621361	12.372473	1.498069
645	-3.621361	13.372473	1.498069
646	-3.621361	14.372473	1.498069
647	-3.621361	15.372473	1.498069
648	-3.621361	17.372473	1.505426
649	-3.621361	18.372473	1.505426
650	-3.621361	19.372473	1.505426
651	-3.621361	20.372473	1.505426
652	-3.621361	21.372473	1.505426
653	-2.621361	-10.627527	1.506003
654	-2.621361	-9.627527	1.506003
655	-2.621361	-8.627527	1.506003
656	-2.621361	-7.627527	1.506003
657	-2.621361	-6.627527	1.506003
658	-2.621361	-5.627527	1.506003
659	-2.621361	-4.627527	1.506003
660	-2.621361	-3.627527	1.506003
661	-2.621361	-2.627527	1.506003
662	-2.621361	-1.627527	1.506003
663	-2.621361	-0.627527	1.506003
664	-2.621361	0.372473	1.506003
665	-2.621361	2.372473	1.506003
666	-2.621361	4.372473	1.498069
667	-2.621361	5.372473	1.498069
668	-2.621361	6.372473	1.498069
669	-2.621361	7.372473	1.498069
670	-2.621361	8.372473	1.498069
671	-2.621361	9.372473	1.498069
672	-2.621361	10.372473	1.498069
673	-2.621361	11.372473	1.498069
674	-2.621361	12.372473	1.498069
675	-2.621361	13.372473	1.498069
676	-2.621361	14.372473	1.498069
677	-2.621361	15.372473	1.498069
678	-2.621361	17.372473	1.505426
679	-2.621361	18.372473	1.505426
680	-2.621361	19.372473	1.505426
681	-2.621361	20.372473	1.505426
682	-1.621361	-8.627527	1.506003
683	-1.621361	-7.627527	1.506003
684	-1.621361	-6.627527	1.506003
685	-1.621361	-5.627527	1.506003
686	-1.621361	-4.627527	1.506003
687	-1.621361	-2.627527	0.147480
688	-1.621361	-1.627527	0.147480
689	-1.621361	0.372473	1.506003
690	-1.621361	4.372473	1.498069
691	-1.621361	5.372473	1.498069
692	-1.621361	7.372473	1.498069
693	-1.621361	8.372473	1.498069
694	-1.621361	9.372473	1.498069
695	-1.621361	10.372473	1.498069
696	-1.621361	11.372473	1.498069
697	-1.621361	12.372473	1.498069
698	-1.621361	13.372473	1.498069
699	-1.621361	14.372473	1.498069
700	-1.621361	15.372473	1.498069
701	-1.621361	17.372473	1.505426
702	-1.621361	18.372473	1.505426
703	-1.621361	19.372473	1.505426
704	-1.621361	20.372473	1.505426
705	-1.621361	21.372473	1.505426
706	-0.621361	-6.627527	1.506003
707	-0.621361	-5.627527	1.506003
708	-0.621361	-4.627527	1.506003
709	-0.621361	-3.627527	0.147480
710	-0.621361	-2.627527	0.147480
711	-0.621361	-1.627527	0.147480
712	-0.621361	4.372473	1.516691
713	-0.621361	5.372473	1.516691
714	-0.621361	7.372473	1.528333
715	-0.621361	9.372473	1.539546
716	-0.621361	10.372473	1.539546
717	-0.621361	11.372473	1.539546
718	-0.621361	17.372473	1.505426
719	-0.621361	18.372473	1.505426
720	-0.621361	19.372473	1.505426
721	-0.621361	20.372473	1.505426
722	-0.621361	21.372473	1.505426
723	0.378639	-3.627527	0.147480
724	0.378639	-2.627527	0.147480
725	0.378639	4.372473	1.516691
726	0.378639	5.372473	1.516691
727	0.378639	6.372473	1.528333
728	0.378639	7.372473	1.528333
729	0.378639	9.372473	1.539546
730	0.378639	10.372473	1.539546
731	0.378639	11.372473	1.539546
732	0.378639	17.372473	1.505426
733	0.378639	18.372473	1.505426
734	0.378639	19.372473	1.505426
735	0.378639	20.372473	1.505426
736	1.378639	4.372473	1.528333
737	1.378639	5.372473	1.528333
738	1.378639	6.372473	1.528333
739	1.378639	7.372473	1.528333
740	1.378639	9.372473	1.539546
741	1.378639	10.372473	1.539546
742	1.378639	17.372473	1.505426
743	1.378639	18.372473	1.505426
744	1.378639	19.372473	1.505426
745	1.378639	20.372473	1.505426
746	2.378639	4.372473	1.528333
747	2.378639	5.372473	1.528333
748	2.378639	6.372473	1.528333
749	2.378639	7.372473	1.528333
750	2.378639	8.372473	1.528333
751	2.378639	9.372473	1.539546
752	2.378639	10.372473	1.539546
753	2.378639	17.372473	1.505426
754	2.378639	18.372473	1.505426
755	2.378639	19.372473	1.505426
756	2.378639	20.372473	1.505426
