0	-12.736669	-13.759968	-1.630440
1	-12.736669	-12.759968	-1.630440
2	-12.736669	-11.759968	-1.630440
3	-12.736669	-10.759968	-1.630440
4	-12.736669	-9.759968	-1.630440
5	-12.736669	-7.759968	-1.644840
6	-12.736669	-6.759968	-1.644840
7	-12.736669	-5.759968	-1.644840
8	-12.736669	-4.759968	-1.644840
9	-12.736669	-3.759968	-1.644840
10	-12.736669	-2.759968	-1.644840
11	-12.736669	-1.759968	-1.644840
12	-11.736669	-14.759968	-1.630440
13	-11.736669	-13.759968	-1.630440
14	-11.736669	-12.759968	-1.630440
15	-11.736669	-11.759968	-1.630440
16	-11.736669	-10.759968	-1.630440
17	-11.736669	-7.759968	-1.644840
18	-11.736669	-6.759968	-1.644840
19	-11.736669	-5.759968	-1.644840
20	-11.736669	-4.759968	-1.644840
21	-11.736669	-3.759968	-1.644840
22	-11.736669	-2.759968	-1.644840
23	-11.736669	-1.759968	-1.644840
24	-10.736669	-15.759968	-1.630440
25	-10.736669	-14.759968	-1.630440
26	-10.736669	-13.759968	-1.630440
27	-10.736669	-12.759968	-1.630440
28	-10.736669	-11.759968	-1.630440
29	-10.736669	-10.759968	-1.630440
30	-10.736669	-7.759968	-1.644840
31	-10.736669	-6.759968	-1.644840
32	-10.736669	-5.759968	-1.644840
33	-10.736669	-4.759968	-1.644840
34	-10.736669	-3.759968	-1.644840
35	-10.736669	-2.759968	-1.644840
36	-10.736669	-1.759968	-1.644840
37	-9.736669	-15.759968	-1.630440
38	-9.736669	-14.759968	-1.630440
39	-9.736669	-13.759968	-1.630440
40	-9.736669	-12.759968	-1.630440
41	-9.736669	-11.759968	-1.630440
42	-9.736669	-10.759968	-1.630440
43	-9.736669	-7.759968	-1.644840
44	-9.736669	-6.759968	-1.644840
45	-9.736669	-5.759968	-1.644840
46	-9.736669	-4.759968	-1.644840
47	-9.736669	-3.759968	-1.644840
48	-9.736669	-2.759968	-1.644840
49	-9.736669	-1.759968	-1.644840
50	-8.736669	-15.759968	-1.630440
51	-8.736669	-14.759968	-1.630440
52	-8.736669	-13.759968	-1.630440
53	-8.736669	-12.759968	-1.630440
54	-8.736669	-11.759968	-1.630440
55	-8.736669	-10.759968	-1.630440
56	-8.736669	-9.759968	-1.630440
57	-8.736669	-8.759968	-1.674870
58	-8.736669	-7.759968	-1.644840
59	-8.736669	-6.759968	-1.644840
60	-8.736669	-5.759968	-1.644840
61	-8.736669	-4.759968	-1.644840
62	-8.736669	-3.759968	-1.644840
63	-8.736669	-2.759968	-1.644840
64	-8.736669	-1.759968	-1.644840
65	-7.736669	-15.759968	-1.630440
66	-7.736669	-14.759968	-1.630440
67	-7.736669	-13.759968	-1.630440
68	-7.736669	-12.759968	-1.630440
69	-7.736669	-11.759968	-1.630440
70	-7.736669	-10.759968	-1.630440
71	-7.736669	-7.759968	-1.644840
72	-7.736669	-6.759968	-1.644840
73	-7.736669	-5.759968	-1.644840
74	-7.736669	-2.759968	-1.644840
75	-7.736669	-1.759968	-1.644840
76	-6.736669	-15.759968	-1.630440
77	-6.736669	-14.759968	-1.630440
78	-6.736669	-13.759968	-1.630440
79	-6.736669	-12.759968	-1.630440
80	-6.736669	-11.759968	-1.630440
81	-6.736669	-10.759968	-1.630440
82	-6.736669	-7.759968	-1.674870
83	-6.736669	-6.759968	-1.674870
84	-6.736669	-5.759968	-1.674870
85	-6.736669	-4.759968	-1.674870
86	-5.736669	-15.759968	-1.630440
87	-5.736669	-14.759968	-1.630440
88	-5.736669	-13.759968	-1.630440
89	-5.736669	-12.759968	-1.630440
90	-5.736669	-11.759968	-1.630440
91	-5.736669	-10.759968	-1.630440
92	-5.736669	-7.759968	-1.674870
93	-5.736669	-6.759968	-1.674870
94	-5.736669	-5.759968	-1.674870
95	-5.736669	-4.759968	-1.674870
96	-4.736669	-13.759968	-1.630440
97	-4.736669	-12.759968	-1.630440
98	-4.736669	-11.759968	-1.630440
99	-4.736669	-10.759968	-1.674870
100	-4.736669	-9.759968	-1.674870
101	-4.736669	-7.759968	-1.674870
102	-4.736669	-6.759968	-1.674870
103	-4.736669	-5.759968	-1.674870
104	-4.736669	-4.759968	-1.674870
105	-4.736669	0.240032	-1.709410
106	-3.736669	-10.759968	-1.674870
107	-3.736669	-7.759968	-1.674870
108	-3.736669	0.240032	-1.709410
109	-2.736669	-10.759968	-1.674870
110	-2.736669	-9.759968	-1.674870
111	-2.736669	-8.759968	-1.674870
112	-2.736669	-7.759968	-1.674870
113	-2.736669	-6.759968	-1.674870
114	-2.736669	-5.759968	-1.308980
115	-2.736669	-1.759968	-1.309400
116	-2.736669	-0.759968	-1.309400
117	-2.736669	1.240032	-1.308980
118	-2.736669	2.240032	-1.308980
119	-2.736669	3.240032	-1.308980
120	-1.736669	-10.759968	-1.674870
121	-1.736669	-9.759968	-1.674870
122	-1.736669	-8.759968	-1.674870
123	-1.736669	-7.759968	-1.674870
124	-1.736669	-6.759968	-1.667550
125	-1.736669	-4.759968	-1.308980
126	-1.736669	-3.759968	-1.308980
127	-1.736669	-1.759968	-1.309400
128	-1.736669	-0.759968	-1.309400
129	-1.736669	1.240032	-1.308980
130	-1.736669	2.240032	-1.308980
131	-1.736669	3.240032	-1.308980
132	-0.736669	-11.759968	-1.674870
133	-0.736669	-10.759968	-1.674870
134	-0.736669	-9.759968	-1.674870
135	-0.736669	-8.759968	-1.674870
136	-0.736669	-7.759968	-1.674870
137	-0.736669	-6.759968	-1.667550
138	-0.736669	-5.759968	-1.674870
139	-0.736669	-4.759968	-1.308980
140	-0.736669	-3.759968	-1.308980
141	-0.736669	-2.759968	-1.308980
142	-0.736669	1.240032	-1.308980
143	-0.736669	2.240032	-1.308980
144	-0.736669	3.240032	-2.428970
145	-0.736669	4.240032	-2.428970
146	0.263331	-11.759968	-1.674870
147	0.263331	-10.759968	-1.674870
148	0.263331	-9.759968	-1.674870
149	0.263331	-8.759968	-1.674870
150	0.263331	-7.759968	-1.674870
151	0.263331	-6.759968	-1.667550
152	0.263331	-5.759968	-1.674870
153	0.263331	-4.759968	-1.308980
154	0.263331	-3.759968	-1.308980
155	0.263331	-2.759968	-1.308980
156	0.263331	1.240032	-1.308980
157	0.263331	2.240032	-1.308980
158	0.263331	3.240032	-2.428970
159	0.263331	4.240032	-2.428970
160	1.263331	-10.759968	-1.674870
161	1.263331	-9.759968	-1.674870
162	1.263331	-8.759968	-1.674870
163	1.263331	-7.759968	-1.674870
164	1.263331	-6.759968	-1.667550
165	1.263331	-5.759968	-1.674870
166	1.263331	-4.759968	-1.308980
167	1.263331	-3.759968	-1.308980
168	1.263331	-1.759968	-1.308630
169	1.263331	-0.759968	-1.308630
170	1.263331	2.240032	-1.308980
171	1.263331	3.240032	-1.308980
172	2.263331	-10.759968	-1.674870
173	2.263331	-9.759968	-1.674870
174	2.263331	-8.759968	-1.674870
175	2.263331	-7.759968	-1.674870
176	2.263331	-6.759968	-1.674870
177	2.263331	-5.759968	-1.674870
178	2.263331	-2.759968	-1.308630
179	2.263331	-1.759968	-1.308630
180	2.263331	-0.759968	-1.308630
181	2.263331	0.240032	-1.308980
182	2.263331	1.240032	-1.308980
183	2.263331	2.240032	-1.308980
184	2.263331	3.240032	-1.308980
185	3.263331	-11.759968	-1.674870
186	3.263331	-10.759968	-1.674870
187	3.263331	-9.759968	-1.674870
188	3.263331	-7.759968	-1.674870
189	3.263331	-4.759968	-1.674870
190	4.263331	-12.759968	-1.673880
191	4.263331	-10.759968	-1.673880
192	4.263331	-7.759968	-1.674870
193	4.263331	-6.759968	-1.674870
194	4.263331	-5.759968	-1.674870
195	4.263331	-4.759968	-1.674870
196	4.263331	0.240032	-1.724170
197	5.263331	-14.759968	-1.673880
198	5.263331	-13.759968	-1.673880
199	5.263331	-12.759968	-1.673880
200	5.263331	-11.759968	-1.673880
201	5.263331	-10.759968	-1.673880
202	5.263331	-9.759968	-1.673880
203	5.263331	-7.759968	-1.674870
204	5.263331	-5.759968	-1.674870
205	5.263331	-4.759968	-1.674870
206	5.263331	0.240032	-1.724170
207	6.263331	-15.759968	-1.673880
208	6.263331	-14.759968	-1.673880
209	6.263331	-13.759968	-1.673880
210	6.263331	-12.759968	-1.673880
211	6.263331	-11.759968	-1.673880
212	6.263331	-10.759968	-1.673880
213	6.263331	-9.759968	-1.673880
214	6.263331	-7.759968	-1.674870
215	6.263331	-6.759968	-1.674870
216	6.263331	-5.759968	-1.674870
217	6.263331	-4.759968	-1.674870
218	7.263331	-15.759968	-1.673880
219	7.263331	-14.759968	-1.673880
220	7.263331	-13.759968	-1.673880
221	7.263331	-12.759968	-1.673880
222	7.263331	-11.759968	-1.673880
223	7.263331	-10.759968	-1.673880
224	7.263331	-9.759968	-1.673880
225	7.263331	-7.759968	-1.674570
226	7.263331	-6.759968	-1.674570
227	7.263331	-2.759968	-1.674570
228	7.263331	-1.759968	-1.674570
229	8.263331	-15.759968	-1.673880
230	8.263331	-14.759968	-1.673880
231	8.263331	-13.759968	-1.673880
232	8.263331	-12.759968	-1.673880
233	8.263331	-11.759968	-1.673880
234	8.263331	-10.759968	-1.673880
235	8.263331	-9.759968	-1.673880
236	8.263331	-8.759968	-1.674570
237	8.263331	-7.759968	-1.674570
238	8.263331	-6.759968	-1.674570
239	8.263331	-5.759968	-1.674570
240	8.263331	-4.759968	-1.674570
241	8.263331	-3.759968	-1.674570
242	8.263331	-2.759968	-1.674570
243	8.263331	-1.759968	-1.674570
244	9.263331	-15.759968	-1.673880
245	9.263331	-14.759968	-1.673880
246	9.263331	-13.759968	-1.673880
247	9.263331	-12.759968	-1.673880
248	9.263331	-11.759968	-1.673880
249	9.263331	-10.759968	-1.673880
250	9.263331	-7.759968	-1.674570
251	9.263331	-6.759968	-1.674570
252	9.263331	-5.759968	-1.674570
253	9.263331	-4.759968	-1.674570
254	9.263331	-3.759968	-1.674570
255	9.263331	-2.759968	-1.674570
256	9.263331	-1.759968	-1.674570
257	10.263331	-15.759968	-1.673880
258	10.263331	-14.759968	-1.673880
259	10.263331	-13.759968	-1.673880
260	10.263331	-12.759968	-1.673880
261	10.263331	-11.759968	-1.673880
262	10.263331	-10.759968	-1.673880
263	10.263331	-9.759968	-1.673880
264	10.263331	-7.759968	-1.674570
265	10.263331	-6.759968	-1.674570
266	10.263331	-5.759968	-1.674570
267	10.263331	-4.759968	-1.674570
268	10.263331	-3.759968	-1.674570
269	10.263331	-2.759968	-1.674570
270	10.263331	-1.759968	-1.674570
271	11.263331	-14.759968	-1.673880
272	11.263331	-13.759968	-1.673880
273	11.263331	-12.759968	-1.673880
274	11.263331	-11.759968	-1.673880
275	11.263331	-10.759968	-1.673880
276	11.263331	-9.759968	-1.673880
277	11.263331	-7.759968	-1.674570
278	11.263331	-6.759968	-1.674570
279	11.263331	-5.759968	-1.674570
280	11.263331	-4.759968	-1.674570
281	11.263331	-3.759968	-1.674570
282	11.263331	-2.759968	-1.674570
283	11.263331	-1.759968	-1.674570
284	11.263331	-0.759968	-1.674570
285	12.263331	-13.759968	-1.673880
286	12.263331	-12.759968	-1.673880
287	12.263331	-11.759968	-1.673880
288	12.263331	-10.759968	-1.673880
289	12.263331	-9.759968	-1.673880
290	12.263331	-7.759968	-1.674570
291	12.263331	-6.759968	-1.674570
292	12.263331	-5.759968	-1.674570
293	12.263331	-4.759968	-1.674570
294	12.263331	-3.759968	-1.674570
295	12.263331	-2.759968	-1.674570
296	12.263331	-1.759968	-1.674570
297	-0.736669	-1.759968	1.982290
298	-0.736669	-0.759968	1.982290
299	-0.736669	0.240032	1.982290
300	0.263331	-1.759968	1.982290
301	0.263331	-0.759968	1.982290
302	0.263331	0.240032	1.982290
303	-12.736669	-13.759968	4.558680
304	-12.736669	-12.759968	4.558680
305	-12.736669	-11.759968	4.558680
306	-12.736669	-10.759968	4.558680
307	-12.736669	-7.759968	4.551120
308	-12.736669	-6.759968	4.551120
309	-12.736669	-5.759968	4.551120
310	-12.736669	-4.759968	4.551120
311	-12.736669	-3.759968	4.551120
312	-12.736669	-2.759968	4.551120
313	-12.736669	-1.759968	4.551120
314	-11.736669	-15.759968	4.558680
315	-11.736669	-14.759968	4.558680
316	-11.736669	-13.759968	4.558680
317	-11.736669	-12.759968	4.558680
318	-11.736669	-11.759968	4.558680
319	-11.736669	-10.759968	4.558680
320	-11.736669	-7.759968	4.551120
321	-11.736669	-6.759968	4.551120
322	-11.736669	-5.759968	4.551120
323	-11.736669	-4.759968	4.551120
324	-11.736669	-3.759968	4.551120
325	-11.736669	-2.759968	4.551120
326	-11.736669	-1.759968	4.551120
327	-11.736669	-0.759968	4.551120
328	-10.736669	-15.759968	4.558680
329	-10.736669	-14.759968	4.558680
330	-10.736669	-13.759968	4.558680
331	-10.736669	-12.759968	4.558680
332	-10.736669	-11.759968	4.558680
333	-10.736669	-10.759968	4.558680
334	-10.736669	-7.759968	4.551120
335	-10.736669	-6.759968	4.551120
336	-10.736669	-5.759968	4.551120
337	-10.736669	-4.759968	4.551120
338	-10.736669	-3.759968	4.551120
339	-10.736669	-2.759968	4.551120
340	-10.736669	-1.759968	4.551120
341	-9.736669	-15.759968	4.558680
342	-9.736669	-14.759968	4.558680
343	-9.736669	-13.759968	4.558680
344	-9.736669	-12.759968	4.558680
345	-9.736669	-11.759968	4.558680
346	-9.736669	-10.759968	4.558680
347	-9.736669	-9.759968	4.558680
348	-9.736669	-7.759968	4.551120
349	-9.736669	-6.759968	4.551120
350	-9.736669	-5.759968	4.551120
351	-9.736669	-4.759968	4.551120
352	-9.736669	-3.759968	4.551120
353	-9.736669	-2.759968	4.551120
354	-9.736669	-1.759968	4.551120
355	-8.736669	-15.759968	4.558680
356	-8.736669	-14.759968	4.558680
357	-8.736669	-13.759968	4.558680
358	-8.736669	-12.759968	4.558680
359	-8.736669	-11.759968	4.558680
360	-8.736669	-10.759968	4.558680
361	-8.736669	-9.759968	4.570130
362	-8.736669	-8.759968	4.570130
363	-8.736669	-7.759968	4.570130
364	-8.736669	-6.759968	4.551120
365	-8.736669	-5.759968	4.551120
366	-8.736669	-4.759968	4.551120
367	-8.736669	-3.759968	4.551120
368	-8.736669	-2.759968	4.551120
369	-8.736669	-1.759968	4.551120
370	-8.736669	-0.759968	4.551120
371	-7.736669	-15.759968	4.558680
372	-7.736669	-14.759968	4.558680
373	-7.736669	-13.759968	4.558680
374	-7.736669	-12.759968	4.558680
375	-7.736669	-11.759968	4.558680
376	-7.736669	-10.759968	4.570130
377	-7.736669	-9.759968	4.570130
378	-7.736669	-7.759968	4.570130
379	-7.736669	-6.759968	4.551120
380	-7.736669	-5.759968	4.551120
381	-7.736669	-3.759968	4.551120
382	-7.736669	-2.759968	4.551120
383	-7.736669	-1.759968	4.551120
384	-6.736669	-15.759968	4.558680
385	-6.736669	-14.759968	4.558680
386	-6.736669	-13.759968	4.558680
387	-6.736669	-12.759968	4.558680
388	-6.736669	-11.759968	4.558680
389	-6.736669	-10.759968	4.570130
390	-6.736669	-7.759968	4.570130
391	-5.736669	-15.759968	4.558680
392	-5.736669	-14.759968	4.558680
393	-5.736669	-13.759968	4.558680
394	-5.736669	-12.759968	4.558680
395	-5.736669	-11.759968	4.558680
396	-5.736669	-10.759968	4.570130
397	-5.736669	-7.759968	4.570130
398	-4.736669	-11.759968	4.558680
399	-4.736669	-10.759968	4.570130
400	-4.736669	-9.759968	4.570130
401	-4.736669	-7.759968	4.570130
402	-3.736669	-10.759968	4.570130
403	-3.736669	-7.759968	4.570130
404	-2.736669	-13.759968	4.579660
405	-2.736669	-12.759968	4.579660
406	-2.736669	-11.759968	4.579660
407	-2.736669	-10.759968	4.579660
408	-2.736669	-9.759968	4.579660
409	-2.736669	-8.759968	4.579660
410	-2.736669	-7.759968	4.570130
411	-2.736669	-6.759968	4.727050
412	-2.736669	-5.759968	4.727050
413	-2.736669	-4.759968	4.727050
414	-2.736669	-3.759968	4.727050
415	-2.736669	-2.759968	4.727050
416	-2.736669	-1.759968	4.727050
417	-1.736669	-13.759968	4.579660
418	-1.736669	-12.759968	4.579660
419	-1.736669	-11.759968	4.579660
420	-1.736669	-10.759968	4.579660
421	-1.736669	-9.759968	4.579660
422	-1.736669	-8.759968	4.579660
423	-1.736669	-7.759968	4.570130
424	-1.736669	-6.759968	4.727050
425	-1.736669	-5.759968	4.727050
426	-1.736669	-4.759968	4.727050
427	-1.736669	-3.759968	4.727050
428	-1.736669	-2.759968	4.727050
429	-1.736669	-1.759968	4.727050
430	-1.736669	-0.759968	4.727050
431	-0.736669	-13.759968	4.579660
432	-0.736669	-12.759968	4.579660
433	-0.736669	-11.759968	4.579660
434	-0.736669	-10.759968	4.579660
435	-0.736669	-9.759968	4.579660
436	-0.736669	-8.759968	4.579660
437	-0.736669	-7.759968	4.570130
438	-0.736669	-6.759968	4.727050
439	-0.736669	-5.759968	4.727050
440	-0.736669	-4.759968	4.727050
441	-0.736669	-3.759968	4.727050
442	-0.736669	-2.759968	4.727050
443	-0.736669	-1.759968	4.727050
444	-0.736669	-0.759968	4.727050
445	-0.736669	0.240032	4.727050
446	0.263331	-14.759968	4.579660
447	0.263331	-13.759968	4.579660
448	0.263331	-12.759968	4.579660
449	0.263331	-11.759968	4.579660
450	0.263331	-10.759968	4.579660
451	0.263331	-9.759968	4.579660
452	0.263331	-8.759968	4.579660
453	0.263331	-7.759968	4.570130
454	0.263331	-5.759968	4.727050
455	0.263331	-4.759968	4.727050
456	0.263331	-3.759968	4.727050
457	0.263331	-2.759968	4.727050
458	0.263331	-1.759968	4.727050
459	0.263331	-0.759968	4.727050
460	0.263331	0.240032	4.727050
461	1.263331	-13.759968	4.579660
462	1.263331	-12.759968	4.579660
463	1.263331	-11.759968	4.579660
464	1.263331	-10.759968	4.579660
465	1.263331	-9.759968	4.579660
466	1.263331	-8.759968	4.579660
467	1.263331	-7.759968	4.570130
468	1.263331	-6.759968	4.727050
469	1.263331	-5.759968	4.727050
470	1.263331	-4.759968	4.727050
471	1.263331	-3.759968	4.727050
472	1.263331	-2.759968	4.727050
473	1.263331	-1.759968	4.727050
474	1.263331	-0.759968	4.727050
475	2.263331	-13.759968	4.579660
476	2.263331	-12.759968	4.579660
477	2.263331	-11.759968	4.579660
478	2.263331	-10.759968	4.579660
479	2.263331	-9.759968	4.579660
480	2.263331	-8.759968	4.579660
481	2.263331	-7.759968	4.570130
482	2.263331	-6.759968	4.727050
483	2.263331	-5.759968	4.727050
484	2.263331	-4.759968	4.727050
485	2.263331	-3.759968	4.727050
486	2.263331	-2.759968	4.727050
487	2.263331	-1.759968	4.727050
488	2.263331	-0.759968	4.727050
489	3.263331	-13.759968	4.579660
490	3.263331	-12.759968	4.579660
491	3.263331	-11.759968	4.579660
492	3.263331	-10.759968	4.579660
493	3.263331	-7.759968	4.570130
494	4.263331	-15.759968	4.517900
495	4.263331	-13.759968	4.517900
496	4.263331	-12.759968	4.517900
497	4.263331	-10.759968	4.517900
498	4.263331	-7.759968	4.570130
499	5.263331	-15.759968	4.517900
500	5.263331	-14.759968	4.517900
501	5.263331	-13.759968	4.517900
502	5.263331	-12.759968	4.517900
503	5.263331	-11.759968	4.517900
504	5.263331	-10.759968	4.517900
505	5.263331	-7.759968	4.570130
506	6.263331	-15.759968	4.517900
507	6.263331	-14.759968	4.517900
508	6.263331	-13.759968	4.517900
509	6.263331	-12.759968	4.517900
510	6.263331	-11.759968	4.517900
511	6.263331	-10.759968	4.517900
512	6.263331	-7.759968	4.570130
513	7.263331	-15.759968	4.517900
514	7.263331	-14.759968	4.517900
515	7.263331	-13.759968	4.517900
516	7.263331	-12.759968	4.517900
517	7.263331	-11.759968	4.517900
518	7.263331	-10.759968	4.517900
519	7.263331	-7.759968	4.508580
520	7.263331	-6.759968	4.508580
521	7.263331	-2.759968	4.508580
522	7.263331	-1.759968	4.508580
523	8.263331	-15.759968	4.517900
524	8.263331	-14.759968	4.517900
525	8.263331	-13.759968	4.517900
526	8.263331	-12.759968	4.517900
527	8.263331	-11.759968	4.517900
528	8.263331	-10.759968	4.517900
529	8.263331	-9.759968	4.517900
530	8.263331	-8.759968	4.508580
531	8.263331	-7.759968	4.508580
532	8.263331	-6.759968	4.508580
533	8.263331	-5.759968	4.508580
534	8.263331	-4.759968	4.508580
535	8.263331	-3.759968	4.508580
536	8.263331	-2.759968	4.508580
537	8.263331	-1.759968	4.508580
538	8.263331	-0.759968	4.508580
539	9.263331	-15.759968	4.517900
540	9.263331	-14.759968	4.517900
541	9.263331	-13.759968	4.517900
542	9.263331	-12.759968	4.517900
543	9.263331	-11.759968	4.517900
544	9.263331	-10.759968	4.517900
545	9.263331	-7.759968	4.508580
546	9.263331	-6.759968	4.508580
547	9.263331	-5.759968	4.508580
548	9.263331	-4.759968	4.508580
549	9.263331	-3.759968	4.508580
550	9.263331	-2.759968	4.508580
551	9.263331	-1.759968	4.508580
552	10.263331	-15.759968	4.517900
553	10.263331	-14.759968	4.517900
554	10.263331	-13.759968	4.517900
555	10.263331	-12.759968	4.517900
556	10.263331	-11.759968	4.517900
557	10.263331	-10.759968	4.517900
558	10.263331	-7.759968	4.508580
559	10.263331	-6.759968	4.508580
560	10.263331	-5.759968	4.508580
561	10.263331	-4.759968	4.508580
562	10.263331	-3.759968	4.508580
563	10.263331	-2.759968	4.508580
564	10.263331	-1.759968	4.508580
565	11.263331	-15.759968	4.517900
566	11.263331	-14.759968	4.517900
567	11.263331	-13.759968	4.517900
568	11.263331	-12.759968	4.517900
569	11.263331	-11.759968	4.517900
570	11.263331	-10.759968	4.517900
571	11.263331	-7.759968	4.508580
572	11.263331	-6.759968	4.508580
573	11.263331	-5.759968	4.508580
574	11.263331	-4.759968	4.508580
575	11.263331	-3.759968	4.508580
576	11.263331	-2.759968	4.508580
577	11.263331	-1.759968	4.508580
578	11.263331	-0.759968	4.508580
579	12.263331	-14.759968	4.517900
580	12.263331	-13.759968	4.517900
581	12.263331	-12.759968	4.517900
582	12.263331	-11.759968	4.517900
583	12.263331	-10.759968	4.517900
584	12.263331	-7.759968	4.508580
585	12.263331	-6.759968	4.508580
586	12.263331	-5.759968	4.508580
587	12.263331	-4.759968	4.508580
588	12.263331	-3.759968	4.508580
589	12.263331	-2.759968	4.508580
590	12.263331	-1.759968	4.508580
