0	-0.918586	-0.612875	-0.089886
1	-0.918586	0.387125	-0.089886
2	-0.918586	0.887125	-0.089886
3	-0.918586	1.387125	-0.089886
4	-0.418586	-5.112875	-0.089886
5	-0.418586	-4.112875	-0.089886
6	-0.418586	-3.612875	-0.089886
7	-0.418586	-3.112875	-0.089886
8	-0.418586	-2.612875	-0.089886
9	-0.418586	-2.112875	-0.089886
10	-0.418586	-1.612875	-0.089886
11	-0.418586	-1.112875	-0.089886
12	-0.418586	-0.112875	-0.089886
13	-0.418586	0.387125	-0.089886
14	-0.418586	0.887125	-0.089886
15	-0.418586	1.387125	-0.089886
16	-0.418586	2.387125	-0.089886
17	-0.418586	2.887125	-0.089886
18	0.081414	-5.112875	-0.089886
19	0.081414	-4.612875	-0.089886
20	0.081414	-4.112875	-0.089886
21	0.081414	-3.612875	-0.089886
22	0.081414	-3.112875	-0.089886
23	0.081414	-2.612875	-0.089886
24	0.081414	-2.112875	-0.089886
25	0.081414	-1.612875	-0.089886
26	0.081414	-1.112875	-0.089886
27	0.081414	-0.612875	-0.089886
28	0.081414	-0.112875	-0.089886
29	0.081414	0.387125	-0.089886
30	0.081414	0.887125	-0.089886
31	0.081414	1.387125	-0.089886
32	0.081414	1.887125	-0.089886
33	0.081414	2.387125	-0.089886
34	0.081414	2.887125	-0.089886
35	0.081414	3.387125	-0.089886
36	0.581414	-5.112875	-0.089886
37	0.581414	-4.612875	-0.089886
38	0.581414	-4.112875	-0.089886
39	0.581414	-3.612875	-0.089886
40	0.581414	-3.112875	-0.089886
41	0.581414	-2.612875	-0.089886
42	0.581414	-2.112875	-0.089886
43	0.581414	-1.612875	-0.089886
44	0.581414	-1.112875	-0.089886
45	0.581414	-0.612875	-0.089886
46	0.581414	-0.112875	-0.089886
47	0.581414	0.387125	-0.089886
48	0.581414	0.887125	-0.089886
49	0.581414	1.387125	-0.089886
50	0.581414	1.887125	-0.089886
51	0.581414	2.387125	-0.089886
52	0.581414	2.887125	-0.089886
53	1.081414	-5.112875	-0.089886
54	1.081414	-4.612875	-0.089886
55	1.081414	-4.112875	-0.089886
56	1.081414	-3.612875	-0.089886
57	1.081414	-3.112875	-0.089886
58	1.081414	-2.612875	-0.089886
59	1.081414	-2.112875	-0.089886
60	1.081414	-1.612875	-0.089886
61	1.081414	-1.112875	-0.089886
62	1.081414	-0.612875	-0.089886
63	1.081414	-0.112875	-0.089886
64	1.081414	0.387125	-0.089886
65	1.081414	0.887125	-0.089886
66	1.581414	-5.112875	-0.089886
67	1.581414	-4.612875	-0.089886
68	1.581414	-4.112875	-0.089886
69	1.581414	-3.612875	-0.089886
70	1.581414	-3.112875	-0.089886
71	1.581414	-2.612875	-0.089886
72	1.581414	-2.112875	-0.089886
73	1.581414	-1.612875	-0.089886
74	1.581414	-1.112875	-0.089886
75	2.081414	-5.112875	-0.089886
76	2.081414	-4.612875	-0.089886
77	2.081414	-4.112875	-0.089886
78	2.081414	-3.612875	-0.089886
79	2.081414	-3.112875	-0.089886
80	2.081414	-2.612875	-0.089886
81	2.081414	-2.112875	-0.089886
82	2.081414	-1.612875	-0.089886
83	2.081414	-1.112875	-0.089886
84	2.581414	-9.112875	-0.089886
85	2.581414	-8.612875	-0.089886
86	2.581414	-8.112875	-0.089886
87	2.581414	-7.612875	-0.089886
88	2.581414	-7.112875	-0.089886
89	2.581414	-6.612875	-0.089886
90	2.581414	-6.112875	-0.089886
91	2.581414	-5.112875	-0.089886
92	2.581414	-4.612875	-0.089886
93	2.581414	-4.112875	-0.089886
94	2.581414	-3.612875	-0.089886
95	2.581414	-3.112875	-0.089886
96	2.581414	-2.612875	-0.089886
97	2.581414	-2.112875	-0.089886
98	2.581414	-1.612875	-0.089886
99	2.581414	-1.112875	-0.089886
100	3.081414	-8.612875	-0.089886
101	3.081414	-8.112875	-0.089886
102	3.081414	-7.612875	-0.089886
103	3.081414	-7.112875	-0.089886
104	3.081414	-6.612875	-0.089886
105	3.081414	-6.112875	-0.089886
106	3.081414	-5.612875	-0.089886
107	3.081414	-5.112875	-0.089886
108	3.081414	-4.612875	-0.089886
109	3.081414	-4.112875	-0.089886
110	3.081414	-3.612875	-0.089886
111	3.081414	-3.112875	-0.089886
112	3.081414	-2.612875	-0.089886
113	3.081414	-2.112875	-0.089886
114	3.081414	-1.612875	-0.089886
115	3.081414	-1.112875	-0.089886
116	3.081414	-0.612875	-0.089886
117	3.081414	-0.112875	-0.089886
118	3.581414	-8.612875	-0.089886
119	3.581414	-8.112875	-0.089886
120	3.581414	-7.612875	-0.089886
121	3.581414	-7.112875	-0.089886
122	3.581414	-6.612875	-0.089886
123	3.581414	-6.112875	-0.089886
124	3.581414	-5.612875	-0.089886
125	3.581414	-5.112875	-0.089886
126	3.581414	-4.612875	-0.089886
127	3.581414	-4.112875	-0.089886
128	3.581414	-3.612875	-0.089886
129	3.581414	-3.112875	-0.089886
130	3.581414	-2.612875	-0.089886
131	3.581414	-2.112875	-0.089886
132	3.581414	-1.612875	-0.089886
133	3.581414	-1.112875	-0.089886
134	3.581414	-0.612875	-0.089886
135	3.581414	-0.112875	-0.089886
136	3.581414	0.387125	-0.089886
137	3.581414	0.887125	-0.089886
138	3.581414	1.887125	-0.089886
139	3.581414	2.387125	-0.089886
140	3.581414	2.887125	-0.089886
141	4.081413	-8.612875	-0.089886
142	4.081413	-8.112875	-0.089886
143	4.081413	-7.612875	-0.089886
144	4.081413	-7.112875	-0.089886
145	4.081413	-6.612875	-0.089886
146	4.081413	-6.112875	-0.089886
147	4.081413	-5.612875	-0.089886
148	4.081413	-5.112875	-0.089886
149	4.081413	-4.612875	-0.089886
150	4.081413	-4.112875	-0.089886
151	4.081413	-3.612875	-0.089886
152	4.081413	-3.112875	-0.089886
153	4.081413	-2.612875	-0.089886
154	4.081413	-2.112875	-0.089886
155	4.081413	-1.612875	-0.089886
156	4.081413	-1.112875	-0.089886
157	4.081413	-0.612875	-0.089886
158	4.081413	-0.112875	-0.089886
159	4.081413	0.387125	-0.089886
160	4.081413	0.887125	-0.089886
161	4.081413	1.387125	-0.089886
162	4.081413	1.887125	-0.089886
163	4.081413	2.387125	-0.089886
164	4.081413	2.887125	-0.089886
165	4.581413	-8.612875	-0.089886
166	4.581413	-8.112875	-0.089886
167	4.581413	-7.612875	-0.089886
168	4.581413	-7.112875	-0.089886
169	4.581413	-6.612875	-0.089886
170	4.581413	-6.112875	-0.089886
171	4.581413	-5.612875	-0.089886
172	4.581413	-5.112875	-0.089886
173	4.581413	-4.612875	-0.089886
174	4.581413	-4.112875	-0.089886
175	4.581413	-3.612875	-0.089886
176	4.581413	-3.112875	-0.089886
177	4.581413	-2.612875	-0.089886
178	4.581413	-2.112875	-0.089886
179	4.581413	-1.612875	-0.089886
180	4.581413	-1.112875	-0.089886
181	4.581413	-0.612875	-0.089886
182	4.581413	-0.112875	-0.089886
183	4.581413	0.387125	-0.089886
184	4.581413	0.887125	-0.089886
185	4.581413	1.387125	-0.089886
186	4.581413	1.887125	-0.089886
187	4.581413	2.387125	-0.089886
188	5.081413	-8.612875	-0.089886
189	5.081413	-8.112875	-0.089886
190	5.081413	-7.612875	-0.089886
191	5.081413	-7.112875	-0.089886
192	5.081413	-6.612875	-0.089886
193	5.081413	-6.112875	-0.089886
194	5.081413	-5.612875	-0.089886
195	5.081413	-5.112875	-0.089886
196	5.081413	-4.612875	-0.089886
197	5.081413	-4.112875	-0.089886
198	5.081413	-3.612875	-0.089886
199	5.081413	-3.112875	-0.089886
200	5.081413	-2.612875	-0.089886
201	5.081413	-2.112875	-0.089886
202	5.081413	-1.612875	-0.089886
203	5.081413	-1.112875	-0.089886
204	5.081413	-0.612875	-0.089886
205	5.081413	-0.112875	-0.089886
206	5.081413	0.387125	-0.089886
207	5.081413	0.887125	-0.089886
208	5.081413	1.387125	-0.089886
209	5.081413	1.887125	-0.089886
210	5.081413	2.387125	-0.089886
211	5.581413	-8.112875	-0.089886
212	5.581413	-7.612875	-0.089886
213	5.581413	-7.112875	-0.089886
214	5.581413	-6.612875	-0.089886
215	5.581413	-6.112875	-0.089886
216	5.581413	-5.612875	-0.089886
217	5.581413	-5.112875	-0.089886
218	5.581413	-4.612875	-0.089886
219	5.581413	-4.112875	-0.089886
220	5.581413	-3.612875	-0.089886
221	5.581413	-3.112875	-0.089886
222	5.581413	-2.612875	-0.089886
223	5.581413	-2.112875	-0.089886
224	5.581413	-1.612875	-0.089886
225	5.581413	-1.112875	-0.089886
226	5.581413	-0.612875	-0.089886
227	5.581413	-0.112875	-0.089886
228	5.581413	0.387125	-0.089886
229	5.581413	0.887125	-0.089886
230	5.581413	1.387125	-0.089886
231	5.581413	1.887125	-0.089886
232	5.581413	2.387125	-0.089886
233	5.581413	2.887125	-0.089886
234	6.081413	-8.112875	-0.089886
235	6.081413	-7.612875	-0.089886
236	6.081413	-7.112875	-0.089886
