0	1.378019	-12.710798	0.277310
1	1.378019	-11.710798	0.277310
2	1.378019	-10.710798	0.279580
3	1.378019	-8.710798	0.279580
4	1.378019	-7.710798	0.279580
5	1.378019	-6.710798	0.277310
6	1.378019	-5.710798	0.277310
7	1.378019	-4.710798	0.277310
8	1.378019	-3.710798	0.277310
9	1.378019	-1.710798	0.229500
10	1.378019	-0.710798	0.204050
11	1.378019	0.289202	0.204050
12	2.378019	-12.710798	0.277310
13	2.378019	-11.710798	0.277310
14	2.378019	-10.710798	0.277310
15	2.378019	-9.710798	0.277310
16	2.378019	-8.710798	0.277310
17	2.378019	-7.710798	0.277310
18	2.378019	-6.710798	0.277310
19	2.378019	-5.710798	0.277310
20	2.378019	-4.710798	0.277310
21	2.378019	-3.710798	0.277310
22	2.378019	-1.710798	0.229500
23	2.378019	-0.710798	0.204050
24	2.378019	0.289202	0.204050
25	3.378019	-14.710798	0.277310
26	3.378019	-13.710798	0.277310
27	3.378019	-12.710798	0.277310
28	3.378019	-11.710798	0.277310
29	3.378019	-10.710798	0.298110
30	3.378019	-9.710798	0.298110
31	3.378019	-8.710798	0.298110
32	3.378019	-7.710798	0.277310
33	3.378019	-6.710798	0.277310
34	3.378019	-5.710798	0.277310
35	3.378019	-4.710798	0.277310
36	3.378019	-3.710798	0.277310
37	3.378019	-2.710798	0.286840
38	3.378019	-1.710798	0.229500
39	4.378019	-12.710798	0.292590
40	4.378019	-8.710798	0.298110
41	4.378019	-7.710798	0.298110
42	4.378019	-6.710798	0.286840
43	4.378019	-5.710798	0.286840
44	4.378019	-4.710798	0.286840
45	4.378019	-3.710798	0.286840
46	4.378019	-1.710798	0.229500
47	4.378019	1.289202	0.207820
48	4.378019	2.289202	0.207820
49	5.378019	-14.710798	0.316430
50	5.378019	-12.710798	0.292590
51	5.378019	-10.710798	0.298110
52	5.378019	-8.710798	0.298110
53	5.378019	-7.710798	0.298110
54	5.378019	-6.710798	0.286840
55	5.378019	-5.710798	0.286840
56	5.378019	-4.710798	0.286840
57	5.378019	-3.710798	0.286840
58	5.378019	-1.710798	0.229500
59	5.378019	-0.710798	0.229500
60	5.378019	0.289202	0.229500
61	5.378019	1.289202	0.207820
62	5.378019	2.289202	0.207820
63	6.378019	-14.710798	0.316430
64	6.378019	-12.710798	0.292590
65	6.378019	-10.710798	0.298110
66	6.378019	-8.710798	0.298110
67	6.378019	-7.710798	0.298110
68	6.378019	-6.710798	0.286840
69	6.378019	-5.710798	0.286840
70	6.378019	-4.710798	0.286840
71	6.378019	-3.710798	0.286840
72	6.378019	-1.710798	0.227090
73	6.378019	0.289202	0.227090
74	6.378019	1.289202	0.227090
75	7.378019	-14.710798	0.316430
76	7.378019	-9.710798	0.298110
77	7.378019	-8.710798	0.298110
78	7.378019	-7.710798	0.298110
79	7.378019	-6.710798	0.286840
80	7.378019	-5.710798	0.286840
81	7.378019	-4.710798	0.286840
82	7.378019	-3.710798	0.286840
83	7.378019	-1.710798	0.227090
84	7.378019	-0.710798	0.227090
85	7.378019	0.289202	0.227090
86	7.378019	1.289202	0.227090
87	7.378019	2.289202	0.227090
88	8.378019	-14.710798	0.288200
89	8.378019	-13.710798	0.288200
90	8.378019	-12.710798	0.288200
91	8.378019	-11.710798	0.288200
92	8.378019	-10.710798	0.298110
93	8.378019	-9.710798	0.298110
94	8.378019	-8.710798	0.298110
95	8.378019	-7.710798	0.298110
96	8.378019	-6.710798	0.286840
97	8.378019	-5.710798	0.286840
98	8.378019	-4.710798	0.286840
99	8.378019	-3.710798	0.286840
100	8.378019	-1.710798	0.227090
101	8.378019	-0.710798	0.227090
102	8.378019	0.289202	0.227090
103	8.378019	1.289202	0.227090
104	8.378019	2.289202	0.227090
105	9.378019	-13.710798	0.288200
106	9.378019	-12.710798	0.288200
107	9.378019	-11.710798	0.288200
108	9.378019	-10.710798	0.288200
109	9.378019	-9.710798	0.298110
110	9.378019	-8.710798	0.298110
111	9.378019	-7.710798	0.298110
112	9.378019	-6.710798	0.286840
113	9.378019	-5.710798	0.286840
114	9.378019	-4.710798	0.286840
115	9.378019	-3.710798	0.286840
116	9.378019	-2.710798	0.286840
117	9.378019	-1.710798	0.227090
118	9.378019	-0.710798	0.227090
119	9.378019	0.289202	0.227090
120	9.378019	1.289202	0.227090
121	9.378019	2.289202	0.227090
122	10.378019	-13.710798	0.288200
123	10.378019	-12.710798	0.288200
124	10.378019	-11.710798	0.288200
125	10.378019	-10.710798	0.288200
126	10.378019	-9.710798	0.288200
127	10.378019	-8.710798	0.188970
128	10.378019	-7.710798	0.188970
129	10.378019	-6.710798	0.188970
130	10.378019	-5.710798	0.188970
131	10.378019	-4.710798	0.188970
132	10.378019	-3.710798	0.188970
133	10.378019	-0.710798	0.188970
134	10.378019	0.289202	0.188970
135	10.378019	1.289202	0.188970
136	10.378019	2.289202	0.188970
137	11.378019	-13.710798	0.288200
138	11.378019	-12.710798	0.288200
139	11.378019	-11.710798	0.288200
140	11.378019	-10.710798	0.288200
141	11.378019	-9.710798	0.288200
142	11.378019	-8.710798	0.188970
143	11.378019	-7.710798	0.188970
144	11.378019	-6.710798	0.188970
145	11.378019	-5.710798	0.188970
146	11.378019	-4.710798	0.188970
147	11.378019	-3.710798	0.188970
148	11.378019	-2.710798	0.188970
149	11.378019	-1.710798	0.188970
150	11.378019	-0.710798	0.188970
151	11.378019	0.289202	0.188970
152	11.378019	1.289202	0.188970
153	11.378019	2.289202	0.188970
154	12.378019	-13.710798	0.288200
155	12.378019	-12.710798	0.288200
156	12.378019	-11.710798	0.288200
157	12.378019	-10.710798	0.288200
158	12.378019	-9.710798	0.288200
159	12.378019	-8.710798	0.188970
160	12.378019	-7.710798	0.188970
161	12.378019	-6.710798	0.188970
162	12.378019	-5.710798	0.188970
163	12.378019	-4.710798	0.188970
164	12.378019	-3.710798	0.188970
165	12.378019	-2.710798	0.188970
166	12.378019	-1.710798	0.188970
167	12.378019	-0.710798	0.188970
168	12.378019	0.289202	0.188970
169	12.378019	1.289202	0.188970
170	13.378019	-14.710798	0.288200
171	13.378019	-13.710798	0.282240
172	13.378019	-12.710798	0.282240
173	13.378019	-11.710798	0.282240
174	13.378019	-10.710798	0.282240
175	13.378019	-9.710798	0.282240
176	13.378019	-8.710798	0.188970
177	13.378019	-7.710798	0.188970
178	13.378019	-6.710798	0.188970
179	13.378019	-5.710798	0.188970
180	13.378019	-4.710798	0.188970
181	13.378019	-3.710798	0.188970
182	13.378019	-2.710798	0.188970
183	13.378019	-1.710798	0.188970
184	13.378019	-0.710798	0.188970
185	13.378019	0.289202	0.188970
186	14.378019	-13.710798	0.282240
187	14.378019	-12.710798	0.282240
188	14.378019	-11.710798	0.282240
189	14.378019	-10.710798	0.282240
190	14.378019	-9.710798	0.282240
191	14.378019	-8.710798	0.188970
192	14.378019	-7.710798	0.188970
193	14.378019	-6.710798	0.188970
194	14.378019	-5.710798	0.188970
195	14.378019	-4.710798	0.188970
196	14.378019	-3.710798	0.188970
197	14.378019	-2.710798	0.188970
198	14.378019	-1.710798	0.188970
199	15.378019	-13.710798	0.282240
200	15.378019	-12.710798	0.282240
201	15.378019	-11.710798	0.282240
202	15.378019	-10.710798	0.282240
203	15.378019	-9.710798	0.282240
204	15.378019	-8.710798	0.188970
205	15.378019	-7.710798	0.188970
206	15.378019	-6.710798	0.188970
207	15.378019	-5.710798	0.188970
208	15.378019	-4.710798	0.188970
209	15.378019	-3.710798	0.188970
210	15.378019	-2.710798	0.188970
211	16.378019	-13.710798	0.282240
212	16.378019	-12.710798	0.282240
213	16.378019	-11.710798	0.282240
214	16.378019	-10.710798	0.282240
215	16.378019	-9.710798	0.282240
216	16.378019	-8.710798	0.188970
217	16.378019	-7.710798	0.188970
218	16.378019	-6.710798	0.188970
219	16.378019	-5.710798	0.188970
220	16.378019	-4.710798	0.188970
221	17.378019	-13.710798	0.282240
222	17.378019	-12.710798	0.282240
223	17.378019	-11.710798	0.282240
224	17.378019	-10.710798	0.282240
225	17.378019	-9.710798	0.282240
226	18.378019	-12.710798	0.282240
227	18.378019	-11.710798	0.282240
228	18.378019	-10.710798	0.282240
229	18.378019	-9.710798	0.282240
230	-4.621981	-0.710798	4.379740
231	-4.621981	0.289202	4.379740
232	-3.621981	-2.710798	4.379740
233	-3.621981	-1.710798	4.379740
234	-3.621981	-0.710798	4.379740
235	-3.621981	0.289202	4.379740
236	-3.621981	1.289202	4.379740
237	-3.621981	2.289202	4.379740
238	-2.621981	-2.710798	4.379740
239	-2.621981	-1.710798	4.379740
240	-2.621981	-0.710798	4.379740
241	-2.621981	0.289202	4.379740
242	-2.621981	1.289202	4.379740
243	-2.621981	2.289202	4.379740
244	-1.621981	-2.710798	4.379740
245	-1.621981	-1.710798	4.379740
246	-1.621981	-0.710798	4.379740
247	-1.621981	0.289202	4.379740
248	-1.621981	1.289202	4.379740
249	-1.621981	2.289202	4.379740
250	0.378019	-1.710798	4.443960
251	0.378019	-0.710798	4.443960
252	0.378019	0.289202	4.443960
253	0.378019	1.289202	4.443960
254	0.378019	2.289202	4.443960
255	1.378019	-14.710798	4.427140
256	1.378019	-13.710798	4.427140
257	1.378019	-12.710798	4.427140
258	1.378019	-11.710798	4.427140
259	1.378019	-10.710798	4.427140
260	1.378019	-9.710798	4.448190
261	1.378019	-8.710798	4.448190
262	1.378019	-7.710798	4.448190
263	1.378019	-6.710798	4.448190
264	1.378019	-5.710798	4.448190
265	1.378019	-4.710798	4.448190
266	1.378019	-3.710798	4.448190
267	1.378019	-2.710798	4.443960
268	1.378019	-1.710798	4.443960
269	1.378019	-0.710798	4.443960
270	1.378019	0.289202	4.443960
271	1.378019	1.289202	4.443960
272	1.378019	2.289202	4.443960
273	2.378019	-14.710798	4.427140
274	2.378019	-13.710798	4.427140
275	2.378019	-12.710798	4.427140
276	2.378019	-11.710798	4.427140
277	2.378019	-10.710798	4.427140
278	2.378019	-9.710798	4.448190
279	2.378019	-8.710798	4.448190
280	2.378019	-7.710798	4.448190
281	2.378019	-6.710798	4.448190
282	2.378019	-5.710798	4.448190
283	2.378019	-4.710798	4.448190
284	2.378019	-3.710798	4.448190
285	2.378019	-1.710798	4.443960
286	2.378019	-0.710798	4.443960
287	2.378019	0.289202	4.443960
288	2.378019	1.289202	4.443960
289	2.378019	2.289202	4.443960
290	3.378019	-14.710798	4.427140
291	3.378019	-13.710798	4.427140
292	3.378019	-5.710798	4.448190
293	3.378019	-4.710798	4.448190
294	3.378019	-3.710798	4.448190
295	3.378019	0.289202	4.469040
296	3.378019	1.289202	4.469040
297	3.378019	2.289202	4.469040
298	4.378019	-14.710798	4.427140
299	4.378019	-13.710798	4.427140
300	4.378019	-12.710798	4.427140
301	4.378019	-11.710798	4.427140
302	4.378019	-10.710798	4.427140
303	4.378019	-8.710798	4.448190
304	4.378019	-7.710798	4.448190
305	4.378019	-6.710798	4.448190
306	4.378019	-5.710798	4.448190
307	4.378019	-4.710798	4.448190
308	4.378019	-3.710798	4.448190
309	4.378019	0.289202	4.469040
310	4.378019	1.289202	4.469040
311	4.378019	2.289202	4.469040
312	5.378019	-14.710798	4.427140
313	5.378019	-13.710798	4.427140
314	5.378019	-12.710798	4.427140
315	5.378019	-11.710798	4.427140
316	5.378019	-10.710798	4.427140
317	5.378019	-8.710798	4.448190
318	5.378019	-3.710798	4.448190
319	5.378019	-2.710798	4.524560
320	5.378019	-1.710798	4.524560
321	5.378019	-0.710798	4.524560
322	5.378019	0.289202	4.524560
323	6.378019	-8.710798	4.448190
324	6.378019	-3.710798	4.524560
325	6.378019	-2.710798	4.524560
326	6.378019	-1.710798	4.524560
327	6.378019	-0.710798	4.524560
328	6.378019	0.289202	4.524560
329	7.378019	-13.710798	4.436240
330	7.378019	-12.710798	4.436240
331	7.378019	-11.710798	4.436240
332	7.378019	-10.710798	4.436240
333	7.378019	-9.710798	4.436240
334	7.378019	-8.710798	4.436240
335	7.378019	-3.710798	4.524560
336	7.378019	-2.710798	4.524560
337	7.378019	-1.710798	4.524560
338	7.378019	-0.710798	4.524560
339	7.378019	0.289202	4.524560
340	7.378019	1.289202	4.695610
341	7.378019	2.289202	4.695610
342	8.378019	-13.710798	4.436240
343	8.378019	-12.710798	4.436240
344	8.378019	-11.710798	4.436240
345	8.378019	-10.710798	4.436240
346	8.378019	-9.710798	4.436240
347	8.378019	-3.710798	4.524560
348	8.378019	-2.710798	4.524560
349	8.378019	-1.710798	4.524560
350	8.378019	-0.710798	4.524560
351	8.378019	0.289202	4.524560
352	8.378019	1.289202	4.695610
353	8.378019	2.289202	4.695610
354	9.378019	-13.710798	4.436240
355	9.378019	-12.710798	4.436240
356	9.378019	-11.710798	4.436240
357	9.378019	-10.710798	4.436240
358	9.378019	-9.710798	4.436240
359	9.378019	-3.710798	4.524560
360	9.378019	-2.710798	4.524560
361	9.378019	-1.710798	4.524560
362	9.378019	-0.710798	4.524560
363	9.378019	0.289202	4.524560
364	9.378019	1.289202	4.695610
365	9.378019	2.289202	4.695610
366	10.378019	-13.710798	4.436240
367	10.378019	-12.710798	4.436240
368	10.378019	-11.710798	4.436240
369	10.378019	-10.710798	4.436240
370	10.378019	-9.710798	4.436240
371	10.378019	-8.710798	4.436240
372	10.378019	-3.710798	4.477510
373	10.378019	-2.710798	4.477510
374	10.378019	-1.710798	4.477510
375	11.378019	-11.710798	4.436240
376	11.378019	-10.710798	4.436240
377	11.378019	-9.710798	4.436240
378	11.378019	-8.710798	4.436240
379	11.378019	-3.710798	4.477510
380	11.378019	-2.710798	4.477510
381	11.378019	-1.710798	4.477510
382	12.378019	-14.710798	4.377560
383	12.378019	-13.710798	4.377560
384	12.378019	-12.710798	4.377560
385	12.378019	-11.710798	4.377560
386	12.378019	-10.710798	4.377560
387	12.378019	-9.710798	4.377560
388	12.378019	-8.710798	4.377560
389	13.378019	-13.710798	4.377560
390	13.378019	-12.710798	4.377560
391	13.378019	-11.710798	4.377560
392	13.378019	-10.710798	4.377560
393	13.378019	-9.710798	4.377560
394	13.378019	-8.710798	4.377560
395	14.378019	-13.710798	4.377560
396	14.378019	-12.710798	4.377560
397	14.378019	-11.710798	4.377560
398	14.378019	-10.710798	4.377560
399	14.378019	-9.710798	4.377560
400	14.378019	-8.710798	4.377560
401	15.378019	-13.710798	4.377560
402	15.378019	-12.710798	4.377560
403	15.378019	-11.710798	4.377560
404	15.378019	-10.710798	4.377560
405	15.378019	-9.710798	4.377560
406	15.378019	-8.710798	4.377560
407	16.378019	-13.710798	4.377560
408	16.378019	-12.710798	4.377560
409	16.378019	-11.710798	4.377560
410	16.378019	-10.710798	4.377560
411	16.378019	-9.710798	4.377560
412	16.378019	-8.710798	4.377560
413	17.378019	-13.710798	4.377560
414	17.378019	-12.710798	4.377560
415	17.378019	-11.710798	4.377560
416	17.378019	-10.710798	4.377560
417	17.378019	-9.710798	4.377560
418	17.378019	-8.710798	4.377560
419	6.378019	-7.710798	4.470940
420	6.378019	-6.710798	4.470940
421	7.378019	-7.710798	4.470940
422	7.378019	-6.710798	4.470940
423	7.378019	-5.710798	4.470940
424	7.378019	-4.710798	4.470940
425	8.378019	-6.710798	4.470940
426	8.378019	-5.710798	4.470940
427	8.378019	-4.710798	4.470940
428	9.378019	-7.710798	4.470940
429	9.378019	-6.710798	4.470940
430	9.378019	-5.710798	4.470940
431	9.378019	-4.710798	4.470940
432	10.378019	-7.710798	4.470940
433	10.378019	-6.710798	4.470940
434	10.378019	-5.710798	4.470940
435	10.378019	-4.710798	4.470940
436	11.378019	-7.710798	4.470940
437	11.378019	-6.710798	4.470940
438	11.378019	-5.710798	4.470940
439	11.378019	-4.710798	4.470940
