0	-10.436509	15.610944	1.508856
1	-9.436509	1.610944	1.489772
2	-9.436509	2.610944	1.489772
3	-9.436509	3.610944	1.489772
4	-9.436509	7.610944	1.489772
5	-9.436509	8.610944	1.489772
6	-9.436509	9.610944	1.489772
7	-9.436509	10.610944	1.489772
8	-9.436509	11.610944	1.508856
9	-9.436509	12.610944	1.508856
10	-9.436509	13.610944	1.508856
11	-9.436509	14.610944	1.508856
12	-9.436509	15.610944	1.508856
13	-9.436509	16.610943	1.508856
14	-9.436509	17.610943	1.508856
15	-9.436509	18.610943	1.508856
16	-9.436509	19.610943	1.494573
17	-9.436509	20.610943	1.494573
18	-9.436509	21.610943	1.494573
19	-9.436509	22.610943	1.494573
20	-9.436509	23.610943	1.494573
21	-9.436509	24.610943	1.494573
22	-9.436509	25.610943	1.494573
23	-9.436509	26.610943	1.494573
24	-9.436509	27.610943	1.494573
25	-9.436509	28.610943	1.494573
26	-8.436509	1.610944	1.489772
27	-8.436509	2.610944	1.489772
28	-8.436509	3.610944	1.489772
29	-8.436509	4.610944	1.489772
30	-8.436509	5.610944	1.489772
31	-8.436509	6.610944	1.489772
32	-8.436509	7.610944	1.489772
33	-8.436509	8.610944	1.489772
34	-8.436509	9.610944	1.489772
35	-8.436509	10.610944	1.489772
36	-8.436509	11.610944	1.508856
37	-8.436509	12.610944	1.508856
38	-8.436509	13.610944	1.508856
39	-8.436509	14.610944	1.508856
40	-8.436509	15.610944	1.508856
41	-8.436509	16.610943	1.508856
42	-8.436509	17.610943	1.508856
43	-8.436509	18.610943	1.508856
44	-8.436509	19.610943	1.494573
45	-8.436509	20.610943	1.494573
46	-8.436509	21.610943	1.494573
47	-8.436509	22.610943	1.494573
48	-8.436509	23.610943	1.494573
49	-8.436509	24.610943	1.494573
50	-8.436509	25.610943	1.494573
51	-8.436509	26.610943	1.494573
52	-8.436509	27.610943	1.494573
53	-8.436509	28.610943	1.494573
54	-7.436509	1.610944	1.489772
55	-7.436509	2.610944	1.489772
56	-7.436509	3.610944	1.489772
57	-7.436509	4.610944	1.489772
58	-7.436509	5.610944	1.489772
59	-7.436509	6.610944	1.489772
60	-7.436509	7.610944	1.489772
61	-7.436509	8.610944	1.489772
62	-7.436509	9.610944	1.489772
63	-7.436509	10.610944	1.489772
64	-7.436509	11.610944	1.508856
65	-7.436509	12.610944	1.508856
66	-7.436509	13.610944	1.508856
67	-7.436509	14.610944	1.508856
68	-7.436509	15.610944	1.508856
69	-7.436509	16.610943	1.508856
70	-7.436509	17.610943	1.508856
71	-7.436509	18.610943	1.508856
72	-7.436509	22.610943	1.494573
73	-7.436509	25.610943	1.494573
74	-7.436509	26.610943	1.494573
75	-7.436509	27.610943	1.494573
76	-7.436509	28.610943	1.494573
77	-6.436509	1.610944	1.489772
78	-6.436509	2.610944	1.489772
79	-6.436509	3.610944	1.489772
80	-6.436509	4.610944	1.489772
81	-6.436509	5.610944	1.489772
82	-6.436509	6.610944	1.489772
83	-6.436509	7.610944	1.489772
84	-6.436509	8.610944	1.489772
85	-6.436509	9.610944	1.489772
86	-6.436509	10.610944	1.489772
87	-6.436509	11.610944	1.508856
88	-6.436509	12.610944	1.508856
89	-6.436509	13.610944	1.508856
90	-6.436509	14.610944	1.508856
91	-6.436509	15.610944	1.508856
92	-6.436509	16.610943	1.508856
93	-6.436509	17.610943	1.508856
94	-6.436509	18.610943	1.508856
95	-6.436509	22.610943	1.494573
96	-6.436509	25.610943	1.494573
97	-6.436509	26.610943	1.494573
98	-6.436509	27.610943	1.494573
99	-6.436509	28.610943	1.494573
100	-5.436509	1.610944	1.489772
101	-5.436509	2.610944	1.489772
102	-5.436509	3.610944	1.489772
103	-5.436509	4.610944	1.489772
104	-5.436509	5.610944	1.489772
105	-5.436509	6.610944	1.489772
106	-5.436509	7.610944	1.489772
107	-5.436509	8.610944	1.489772
108	-5.436509	9.610944	1.489772
109	-5.436509	10.610944	1.489772
110	-5.436509	11.610944	1.508856
111	-5.436509	12.610944	1.508856
112	-5.436509	13.610944	1.508856
113	-5.436509	14.610944	1.508856
114	-5.436509	15.610944	1.508856
115	-5.436509	16.610943	1.508856
116	-5.436509	17.610943	1.508856
117	-5.436509	18.610943	1.508856
118	-5.436509	24.610943	1.494573
119	-5.436509	25.610943	1.494573
120	-5.436509	26.610943	1.494573
121	-5.436509	27.610943	1.494573
122	-5.436509	28.610943	1.494573
123	-4.436509	2.610944	1.489772
124	-4.436509	3.610944	1.489772
125	-4.436509	8.610944	1.489772
126	-4.436509	9.610944	1.489772
127	-4.436509	12.610944	1.489772
128	-4.436509	24.610943	1.494573
129	-4.436509	25.610943	1.494573
130	-3.436509	0.610944	1.489772
131	-3.436509	1.610944	1.489772
132	-3.436509	2.610944	1.489772
133	-3.436509	3.610944	1.489772
134	-3.436509	4.610944	1.489772
135	-3.436509	5.610944	1.489772
136	-3.436509	6.610944	1.489772
137	-3.436509	7.610944	1.489772
138	-3.436509	8.610944	1.489772
139	-3.436509	9.610944	1.489772
140	-3.436509	10.610944	1.489772
141	-3.436509	11.610944	1.489772
142	-3.436509	12.610944	1.489772
143	-3.436509	13.610944	1.506877
144	-3.436509	14.610944	1.506877
145	-3.436509	15.610944	1.506877
146	-3.436509	16.610943	1.506877
147	-3.436509	17.610943	1.506877
148	-3.436509	18.610943	1.506877
149	-3.436509	19.610943	1.506877
150	-3.436509	20.610943	1.506877
151	-3.436509	22.610943	1.490592
152	-3.436509	24.610943	1.490592
153	-3.436509	25.610943	1.490592
154	-3.436509	26.610943	1.490592
155	-2.436509	0.610944	1.489772
156	-2.436509	1.610944	1.489772
157	-2.436509	2.610944	1.489772
158	-2.436509	3.610944	1.489772
159	-2.436509	4.610944	1.489772
160	-2.436509	5.610944	1.489772
161	-2.436509	6.610944	1.489772
162	-2.436509	7.610944	1.539959
163	-2.436509	8.610944	1.539959
164	-2.436509	9.610944	1.539959
165	-2.436509	10.610944	1.539959
166	-2.436509	11.610944	1.539959
167	-2.436509	13.610944	1.506877
168	-2.436509	14.610944	1.506877
169	-2.436509	15.610944	1.506877
170	-2.436509	16.610943	1.506877
171	-2.436509	17.610943	1.506877
172	-2.436509	18.610943	1.506877
173	-2.436509	19.610943	1.506877
174	-2.436509	20.610943	1.506877
175	-2.436509	24.610943	1.490592
176	-2.436509	25.610943	1.490592
177	-1.436509	0.610944	1.489772
178	-1.436509	1.610944	1.489772
179	-1.436509	2.610944	1.489772
180	-1.436509	3.610944	1.489772
181	-1.436509	5.610944	1.489772
182	-1.436509	6.610944	1.489772
183	-1.436509	8.610944	1.539959
184	-1.436509	9.610944	1.539959
185	-1.436509	10.610944	1.539959
186	-1.436509	11.610944	1.539959
187	-1.436509	12.610944	1.539959
188	-1.436509	13.610944	1.506877
189	-1.436509	14.610944	1.506877
190	-1.436509	15.610944	1.506877
191	-1.436509	16.610943	1.506877
192	-1.436509	17.610943	1.506877
193	-1.436509	18.610943	1.506877
194	-1.436509	19.610943	1.506877
195	-1.436509	20.610943	1.506877
196	-1.436509	24.610943	1.490592
197	-1.436509	25.610943	1.490592
198	-0.436509	0.610944	1.489772
199	-0.436509	1.610944	1.489772
200	-0.436509	2.610944	1.489772
201	-0.436509	3.610944	1.489772
202	-0.436509	4.610944	1.489772
203	-0.436509	5.610944	1.489772
204	-0.436509	6.610944	1.489772
205	-0.436509	7.610944	1.539959
206	-0.436509	8.610944	1.539959
207	-0.436509	10.610944	1.539959
208	-0.436509	11.610944	1.539959
209	-0.436509	12.610944	1.539959
210	-0.436509	13.610944	1.506877
211	-0.436509	14.610944	1.506877
212	-0.436509	15.610944	1.506877
213	-0.436509	16.610943	1.506877
214	-0.436509	17.610943	1.506877
215	-0.436509	18.610943	1.506877
216	-0.436509	19.610943	1.506877
217	-0.436509	20.610943	1.506877
218	-0.436509	23.610943	1.509739
219	-0.436509	24.610943	1.509739
220	-0.436509	25.610943	1.509739
221	0.563491	0.610944	1.489772
222	0.563491	1.610944	1.489772
223	0.563491	2.610944	1.489772
224	0.563491	3.610944	1.489772
225	0.563491	4.610944	1.489772
226	0.563491	5.610944	1.489772
227	0.563491	6.610944	1.489772
228	0.563491	7.610944	1.539959
229	0.563491	10.610944	1.539959
230	0.563491	11.610944	1.539959
231	0.563491	12.610944	1.539959
232	0.563491	13.610944	1.506877
233	0.563491	14.610944	1.506877
234	0.563491	15.610944	1.506877
235	0.563491	17.610943	1.506877
236	0.563491	18.610943	1.506877
237	0.563491	19.610943	1.506877
238	0.563491	20.610943	1.506877
239	0.563491	22.610943	1.509739
240	0.563491	23.610943	1.509739
241	0.563491	24.610943	1.509739
242	0.563491	25.610943	1.509739
243	0.563491	26.610943	1.509739
244	1.563491	0.610944	1.489772
245	1.563491	1.610944	1.489772
246	1.563491	2.610944	1.489772
247	1.563491	3.610944	1.489772
248	1.563491	4.610944	1.489772
249	1.563491	5.610944	1.489772
250	1.563491	6.610944	1.489772
251	1.563491	7.610944	1.539959
252	1.563491	8.610944	1.539959
253	1.563491	9.610944	1.539959
254	1.563491	10.610944	1.539959
255	1.563491	11.610944	1.539959
256	1.563491	12.610944	1.539959
257	1.563491	13.610944	1.506877
258	1.563491	14.610944	1.506877
259	1.563491	15.610944	1.506877
260	1.563491	16.610943	1.506877
261	1.563491	17.610943	1.506877
262	1.563491	18.610943	1.506877
263	1.563491	19.610943	1.506877
264	1.563491	20.610943	1.506877
265	1.563491	21.610943	1.509739
266	1.563491	22.610943	1.509739
267	1.563491	23.610943	1.509739
268	1.563491	24.610943	1.509739
269	1.563491	25.610943	1.509739
270	1.563491	26.610943	1.509739
271	1.563491	27.610943	1.509739
272	2.563491	0.610944	1.489772
273	2.563491	1.610944	1.489772
274	2.563491	2.610944	1.489772
275	2.563491	3.610944	1.489772
276	2.563491	4.610944	1.489772
277	2.563491	5.610944	1.489772
278	2.563491	6.610944	1.489772
279	2.563491	7.610944	1.539959
280	2.563491	8.610944	1.539959
281	2.563491	9.610944	1.539959
282	2.563491	10.610944	1.539959
283	2.563491	11.610944	1.539959
284	2.563491	22.610943	1.509739
285	2.563491	23.610943	1.509739
286	2.563491	24.610943	1.509739
287	2.563491	25.610943	1.509739
288	2.563491	26.610943	1.509739
289	3.563491	0.610944	1.489772
290	3.563491	1.610944	1.489772
291	3.563491	2.610944	1.489772
292	3.563491	3.610944	1.489772
293	3.563491	4.610944	1.489772
294	3.563491	5.610944	1.489772
295	3.563491	6.610944	1.489772
296	3.563491	7.610944	1.489772
297	3.563491	10.610944	1.489772
298	4.563491	0.610944	1.457105
299	4.563491	1.610944	1.457105
300	4.563491	2.610944	1.469058
301	4.563491	4.610944	1.457105
302	4.563491	5.610944	1.488923
303	4.563491	6.610944	1.488923
304	4.563491	7.610944	1.488923
305	4.563491	8.610944	1.488923
306	4.563491	9.610944	1.488923
307	4.563491	10.610944	1.488923
308	5.563491	0.610944	1.457105
309	5.563491	2.610944	1.469058
310	5.563491	4.610944	1.457105
311	5.563491	5.610944	1.488923
312	5.563491	6.610944	1.488923
313	5.563491	7.610944	1.488923
314	5.563491	8.610944	1.488923
315	5.563491	10.610944	1.488923
316	6.563491	0.610944	1.457105
317	6.563491	4.610944	1.488923
318	6.563491	5.610944	1.488923
319	6.563491	6.610944	1.488923
320	6.563491	7.610944	1.488923
321	6.563491	8.610944	1.488923
322	6.563491	9.610944	1.488923
323	6.563491	10.610944	1.488923
324	7.563491	0.610944	1.457105
325	7.563491	5.610944	1.488923
326	7.563491	6.610944	1.488923
327	7.563491	7.610944	1.488923
328	7.563491	8.610944	1.488923
329	7.563491	9.610944	1.488923
330	7.563491	10.610944	1.488923
331	8.563491	0.610944	1.457105
332	8.563491	1.610944	1.457105
333	8.563491	2.610944	1.457105
334	8.563491	6.610944	1.488923
335	8.563491	9.610944	1.488923
336	9.563491	4.610944	1.466767
337	9.563491	10.610944	1.461862
338	10.563491	7.610944	1.456788
339	10.563491	8.610944	1.456788
340	10.563491	9.610944	1.456788
341	10.563491	10.610944	1.461862
342	11.563491	6.610944	1.461862
343	11.563491	7.610944	1.461862
344	11.563491	8.610944	1.461862
345	11.563491	9.610944	1.461862
346	11.563491	10.610944	1.461862
347	12.563491	6.610944	1.461862
348	12.563491	7.610944	1.461862
349	12.563491	8.610944	1.461862
350	12.563491	9.610944	1.461862
351	12.563491	10.610944	1.461862
352	12.563491	11.610944	1.461862
353	13.563491	6.610944	1.461862
354	13.563491	7.610944	1.461862
355	13.563491	8.610944	1.461862
356	13.563491	9.610944	1.461862
357	13.563491	10.610944	1.461862
358	13.563491	11.610944	1.461862
359	14.563491	6.610944	1.461862
360	14.563491	7.610944	1.461862
361	14.563491	8.610944	1.461862
362	14.563491	9.610944	1.461862
363	14.563491	10.610944	1.461862
364	15.563491	6.610944	1.461862
365	15.563491	7.610944	1.461862
366	15.563491	8.610944	1.461862
367	15.563491	9.610944	1.461862
368	-10.436509	8.610944	5.605230
369	-10.436509	15.610944	5.605230
370	-9.436509	2.610944	5.603120
371	-9.436509	3.610944	5.603120
372	-9.436509	7.610944	5.605230
373	-9.436509	8.610944	5.605230
374	-9.436509	9.610944	5.605230
375	-9.436509	10.610944	5.605230
376	-9.436509	11.610944	5.605230
377	-9.436509	12.610944	5.605230
378	-9.436509	13.610944	5.605230
379	-9.436509	14.610944	5.605230
380	-9.436509	15.610944	5.605230
381	-9.436509	16.610943	5.605230
382	-8.436509	1.610944	5.603120
383	-8.436509	2.610944	5.603120
384	-8.436509	3.610944	5.603120
385	-8.436509	4.610944	5.603120
386	-8.436509	8.610944	5.605230
387	-8.436509	9.610944	5.605230
388	-8.436509	10.610944	5.605230
389	-8.436509	12.610944	5.605230
390	-8.436509	14.610944	5.605230
391	-8.436509	15.610944	5.605230
392	-8.436509	16.610943	5.605230
393	-7.436509	1.610944	5.603120
394	-7.436509	2.610944	5.603120
395	-7.436509	3.610944	5.603120
396	-7.436509	4.610944	5.603120
397	-7.436509	5.610944	5.603120
398	-7.436509	6.610944	5.603120
399	-7.436509	7.610944	5.605230
400	-7.436509	8.610944	5.605230
401	-7.436509	9.610944	5.605230
402	-7.436509	10.610944	5.605230
403	-7.436509	12.610944	5.605230
404	-7.436509	14.610944	5.605230
405	-7.436509	15.610944	5.605230
406	-7.436509	16.610943	5.605230
407	-6.436509	1.610944	5.603120
408	-6.436509	2.610944	5.603120
409	-6.436509	3.610944	5.603120
410	-6.436509	4.610944	5.603120
411	-6.436509	6.610944	5.593320
412	-6.436509	10.610944	5.605230
413	-6.436509	14.610944	5.605230
414	-6.436509	15.610944	5.605230
415	-6.436509	16.610943	5.605230
416	-5.436509	1.610944	5.603120
417	-5.436509	2.610944	5.603120
418	-5.436509	3.610944	5.603120
419	-5.436509	4.610944	5.603120
420	-5.436509	6.610944	5.593320
421	-5.436509	8.610944	5.593320
422	-5.436509	9.610944	5.593320
423	-5.436509	10.610944	5.605230
424	-5.436509	13.610944	5.605230
425	-5.436509	14.610944	5.605230
426	-5.436509	15.610944	5.605230
427	-5.436509	16.610943	5.605230
428	-3.436509	5.610944	5.602980
429	-3.436509	6.610944	5.602980
430	-3.436509	7.610944	5.602980
431	-3.436509	8.610944	5.602980
432	-3.436509	9.610944	5.602980
433	-3.436509	10.610944	5.602980
434	-3.436509	11.610944	5.602980
435	-3.436509	12.610944	5.602980
436	-3.436509	13.610944	5.602980
437	-3.436509	14.610944	5.602980
438	-3.436509	15.610944	5.602980
439	-3.436509	16.610943	5.602980
440	-3.436509	17.610943	5.602980
441	-2.436509	13.610944	5.619600
442	-1.436509	13.610944	5.619600
443	-0.436509	13.610944	5.619600
444	0.563491	13.610944	5.619600
445	1.563491	13.610944	5.619600
446	2.563491	5.610944	5.620550
447	2.563491	6.610944	5.620550
448	2.563491	7.610944	5.620550
449	2.563491	8.610944	5.620550
450	2.563491	9.610944	5.620550
451	2.563491	10.610944	5.620550
452	2.563491	11.610944	5.620550
453	2.563491	12.610944	5.620550
454	2.563491	13.610944	5.620550
455	3.563491	2.610944	5.621710
456	3.563491	5.610944	5.620550
457	3.563491	8.610944	5.620550
458	3.563491	9.610944	5.620550
459	3.563491	10.610944	5.620550
460	3.563491	11.610944	5.620550
461	3.563491	12.610944	5.620550
462	4.563491	0.610944	5.621710
463	4.563491	1.610944	5.621710
464	4.563491	2.610944	5.621710
465	4.563491	3.610944	5.621710
466	4.563491	4.610944	5.621710
467	4.563491	5.610944	5.621710
468	4.563491	7.610944	5.592070
469	4.563491	9.610944	5.592070
470	4.563491	10.610944	5.592070
471	4.563491	12.610944	5.592070
472	5.563491	0.610944	5.621710
473	5.563491	1.610944	5.621710
474	5.563491	2.610944	5.621710
475	5.563491	3.610944	5.621710
476	5.563491	8.610944	5.592070
477	5.563491	9.610944	5.592070
478	5.563491	10.610944	5.592070
479	5.563491	11.610944	5.592070
480	5.563491	12.610944	5.592070
481	6.563491	0.610944	5.621710
482	6.563491	1.610944	5.621710
483	6.563491	2.610944	5.621710
484	6.563491	3.610944	5.621710
485	6.563491	4.610944	5.621710
486	6.563491	6.610944	5.612170
487	6.563491	7.610944	5.592070
488	6.563491	8.610944	5.592070
489	6.563491	9.610944	5.592070
490	6.563491	10.610944	5.592070
491	6.563491	11.610944	5.592070
492	6.563491	12.610944	5.592070
493	7.563491	0.610944	5.621710
494	7.563491	1.610944	5.621710
495	7.563491	2.610944	5.621710
496	7.563491	5.610944	5.612170
497	7.563491	6.610944	5.612170
498	7.563491	7.610944	5.592070
499	7.563491	8.610944	5.592070
500	7.563491	10.610944	5.592070
501	7.563491	11.610944	5.592070
502	7.563491	12.610944	5.592070
503	8.563491	1.610944	5.621710
504	8.563491	4.610944	5.612170
505	8.563491	5.610944	5.612170
506	8.563491	6.610944	5.612170
507	8.563491	7.610944	5.612170
508	8.563491	8.610944	5.612170
509	9.563491	1.610944	5.621710
510	9.563491	3.610944	5.612170
511	9.563491	4.610944	5.612170
512	9.563491	5.610944	5.612170
513	9.563491	6.610944	5.612170
514	9.563491	7.610944	5.612170
515	9.563491	8.610944	5.612170
516	9.563491	9.610944	5.612170
517	10.563491	2.610944	5.612170
518	10.563491	3.610944	5.612170
519	10.563491	4.610944	5.612170
520	10.563491	5.610944	5.612170
521	10.563491	6.610944	5.612170
522	10.563491	7.610944	5.612170
523	10.563491	8.610944	5.612170
524	11.563491	2.610944	5.612170
525	11.563491	3.610944	5.612170
526	11.563491	4.610944	5.612170
527	11.563491	5.610944	5.612170
528	11.563491	6.610944	5.612170
529	11.563491	7.610944	5.612170
530	11.563491	8.610944	5.612170
531	12.563491	3.610944	5.612170
532	12.563491	4.610944	5.612170
533	12.563491	5.610944	5.612170
534	12.563491	6.610944	5.612170
535	12.563491	8.610944	5.593030
536	12.563491	9.610944	5.593030
537	13.563491	7.610944	5.593030
538	13.563491	8.610944	5.593030
539	13.563491	9.610944	5.593030
540	13.563491	10.610944	5.593030
541	13.563491	11.610944	5.593030
542	14.563491	6.610944	5.593030
543	14.563491	8.610944	5.593030
544	14.563491	9.610944	5.593030
545	14.563491	10.610944	5.593030
546	14.563491	11.610944	5.593030
547	15.563491	9.610944	5.593030
548	16.563492	7.610944	5.593030
549	16.563492	8.610944	5.593030
550	-10.436509	21.610943	5.613500
551	-9.436509	19.610943	5.613500
552	-9.436509	20.610943	5.613500
553	-9.436509	21.610943	5.613500
554	-9.436509	22.610943	5.613500
555	-8.436509	19.610943	5.613500
556	-8.436509	20.610943	5.613500
557	-8.436509	21.610943	5.613500
558	-8.436509	22.610943	5.613500
559	-7.436509	19.610943	5.613500
560	-7.436509	20.610943	5.613500
561	-7.436509	21.610943	5.613500
562	-7.436509	22.610943	5.613500
563	-6.436509	19.610943	5.613500
564	-6.436509	20.610943	5.613500
565	-6.436509	21.610943	5.613500
566	-6.436509	22.610943	5.613500
567	-5.436509	19.610943	5.613500
568	-5.436509	20.610943	5.613500
569	-5.436509	21.610943	5.613500
570	-5.436509	22.610943	5.613500
571	-3.436509	19.610943	5.602980
572	-3.436509	20.610943	5.602980
573	-3.436509	21.610943	5.602980
574	-3.436509	22.610943	5.602980
575	-3.436509	23.610943	5.602980
576	-3.436509	24.610943	5.602980
577	-3.436509	25.610943	5.602980
578	-3.436509	26.610943	5.602980
579	-2.436509	22.610943	5.621080
580	-2.436509	23.610943	5.621080
581	-1.436509	22.610943	5.621080
582	-2.436509	22.610943	9.092131
583	-2.436509	23.610943	9.092131
584	-1.436509	22.610943	9.092131
585	-0.436509	23.610943	9.120490
586	-3.436509	22.610943	9.092131
587	-3.436509	23.610943	9.092131
588	-3.436509	24.610943	9.092131
589	-3.436509	25.610943	9.092131
590	-3.436509	26.610943	9.092131
591	-2.436509	25.610943	9.092131
592	-2.436509	26.610943	9.092131
593	-1.436509	24.610943	9.092131
594	-1.436509	25.610943	9.092131
595	-1.436509	26.610943	9.092131
596	0.563491	22.610943	9.120490
597	0.563491	23.610943	9.120490
598	0.563491	24.610943	9.120490
599	0.563491	25.610943	9.120490
600	1.563491	22.610943	9.120490
601	1.563491	23.610943	9.120490
602	1.563491	24.610943	9.120490
603	1.563491	25.610943	9.120490
604	1.563491	27.610943	9.091681
605	1.563491	28.610943	9.091681
606	2.563491	22.610943	9.120490
607	2.563491	23.610943	9.120490
608	2.563491	24.610943	9.120490
609	2.563491	25.610943	9.120490
610	2.563491	27.610943	9.091681
611	-2.436509	24.610943	5.621080
612	-1.436509	24.610943	5.621080
613	-1.436509	25.610943	5.621080
614	-1.436509	26.610943	5.621080
615	-0.436509	23.610943	5.621080
616	-0.436509	24.610943	5.621080
617	-0.436509	25.610943	5.621080
618	0.563491	22.610943	5.621080
619	0.563491	23.610943	5.621080
620	0.563491	24.610943	5.621080
621	0.563491	25.610943	5.621080
622	1.563491	22.610943	5.621080
623	1.563491	23.610943	5.621080
624	1.563491	24.610943	5.621080
625	1.563491	25.610943	5.621080
626	1.563491	26.610943	5.606620
627	1.563491	27.610943	5.606620
628	2.563491	22.610943	5.621080
629	2.563491	23.610943	5.621080
630	2.563491	24.610943	5.621080
631	2.563491	25.610943	5.621080
632	2.563491	27.610943	5.606620
633	-3.436509	19.610943	-1.642040
634	-3.436509	20.610943	-1.642040
635	-3.436509	21.610943	-1.642040
636	-3.436509	22.610943	-1.642040
637	-3.436509	24.610943	-1.363450
638	-3.436509	25.610943	-1.363450
639	-2.436509	19.610943	-1.642040
640	-2.436509	20.610943	-1.642040
641	-2.436509	25.610943	-1.363450
642	-1.436509	25.610943	-1.363450
643	-0.436509	21.610943	-1.642040
644	-0.436509	22.610943	-1.642040
645	-0.436509	23.610943	-1.642040
646	-0.436509	24.610943	-1.642040
647	-0.436509	25.610943	-1.642040
648	-0.436509	26.610943	-1.642040
649	-0.436509	27.610943	-1.348070
650	-0.436509	28.610943	-1.348070
651	-2.436509	28.610943	1.460163
652	-1.436509	28.610943	1.460163
653	-0.436509	28.610943	1.460163
