0	-21.635492	1.420315	-1.573640
1	-21.635492	2.420315	-1.573640
2	-20.635492	1.420315	-1.573640
3	-20.635492	2.420315	-1.573640
4	-20.635492	3.420315	-1.573640
5	-19.635492	1.420315	-1.573640
6	-19.635492	2.420315	-1.573640
7	-19.635492	3.420315	-1.573640
8	-19.635492	4.420315	-1.573640
9	-19.635492	10.420315	-2.665990
10	-19.635492	11.420315	-2.665990
11	-19.635492	12.420315	-2.665990
12	-19.635492	13.420315	-2.665990
13	-19.635492	14.420315	-2.665990
14	-19.635492	15.420315	-2.665990
15	-19.635492	16.420315	-2.665990
16	-18.635492	1.420315	-1.573640
17	-18.635492	2.420315	-1.573640
18	-18.635492	3.420315	-1.573640
19	-18.635492	4.420315	-1.573640
20	-18.635492	10.420315	-2.665990
21	-18.635492	11.420315	-2.665990
22	-18.635492	12.420315	-2.665990
23	-18.635492	13.420315	-2.665990
24	-18.635492	14.420315	-2.665990
25	-18.635492	15.420315	-2.665990
26	-18.635492	16.420315	-2.665990
27	-18.635492	17.420315	-2.665990
28	-18.635492	18.420315	-2.665990
29	-18.635492	19.420315	-2.665990
30	-17.635492	1.420315	-1.573640
31	-17.635492	2.420315	-1.573640
32	-17.635492	3.420315	-1.573640
33	-17.635492	4.420315	-1.573640
34	-17.635492	10.420315	-2.665990
35	-17.635492	11.420315	-2.665990
36	-17.635492	12.420315	-2.665990
37	-17.635492	13.420315	-2.665990
38	-17.635492	14.420315	-2.665990
39	-17.635492	15.420315	-2.665990
40	-17.635492	16.420315	-2.684040
41	-17.635492	17.420315	-2.684040
42	-17.635492	18.420315	-2.665990
43	-17.635492	19.420315	-2.665990
44	-17.635492	20.420315	-2.665990
45	-17.635492	21.420315	-2.665990
46	-16.635492	1.420315	-1.573640
47	-16.635492	2.420315	-1.573640
48	-16.635492	3.420315	-1.573640
49	-16.635492	4.420315	-1.573640
50	-16.635492	5.420315	-1.603580
51	-16.635492	6.420315	-1.603580
52	-16.635492	7.420315	-1.603580
53	-16.635492	8.420315	-1.603580
54	-16.635492	10.420315	-2.665990
55	-16.635492	11.420315	-2.665990
56	-16.635492	12.420315	-2.665990
57	-16.635492	13.420315	-2.665990
58	-16.635492	14.420315	-2.665990
59	-16.635492	15.420315	-2.665990
60	-16.635492	16.420315	-2.684040
61	-16.635492	17.420315	-2.684040
62	-16.635492	18.420315	-2.665990
63	-16.635492	19.420315	-2.665990
64	-16.635492	21.420315	-2.665990
65	-16.635492	22.420315	-2.665990
66	-15.635492	1.420315	-1.573640
67	-15.635492	2.420315	-1.573640
68	-15.635492	3.420315	-1.573640
69	-15.635492	4.420315	-1.573640
70	-15.635492	5.420315	-1.603580
71	-15.635492	6.420315	-1.603580
72	-15.635492	7.420315	-1.603580
73	-15.635492	8.420315	-1.603580
74	-15.635492	10.420315	-2.665990
75	-15.635492	11.420315	-2.665990
76	-15.635492	12.420315	-2.665990
77	-15.635492	13.420315	-2.665990
78	-15.635492	14.420315	-2.665990
79	-15.635492	15.420315	-2.665990
80	-15.635492	16.420315	-2.590960
81	-15.635492	17.420315	-2.590960
82	-15.635492	18.420315	-2.590960
83	-15.635492	19.420315	-2.590960
84	-15.635492	20.420315	-2.590960
85	-15.635492	21.420315	-2.590960
86	-15.635492	22.420315	-2.590960
87	-15.635492	23.420315	-2.590960
88	-14.635492	5.420315	-1.603580
89	-14.635492	6.420315	-1.603580
90	-14.635492	7.420315	-1.603580
91	-14.635492	8.420315	-1.603580
92	-14.635492	10.420315	-2.665990
93	-14.635492	11.420315	-2.665990
94	-14.635492	12.420315	-2.665990
95	-14.635492	14.420315	-2.665990
96	-14.635492	16.420315	-2.590960
97	-14.635492	17.420315	-2.590960
98	-14.635492	19.420315	-2.590960
99	-14.635492	20.420315	-2.590960
100	-14.635492	22.420315	-2.590960
101	-14.635492	23.420315	-2.590960
102	-13.635492	3.420315	-1.577460
103	-13.635492	4.420315	-1.577460
104	-13.635492	5.420315	-1.603580
105	-13.635492	6.420315	-1.603580
106	-13.635492	7.420315	-1.603580
107	-13.635492	8.420315	-1.603580
108	-13.635492	10.420315	-2.501100
109	-13.635492	11.420315	-2.501100
110	-13.635492	12.420315	-2.501100
111	-13.635492	13.420315	-2.501100
112	-13.635492	14.420315	-2.501100
113	-13.635492	15.420315	-2.501100
114	-13.635492	16.420315	-2.590960
115	-13.635492	17.420315	-2.590960
116	-13.635492	18.420315	-2.590960
117	-13.635492	19.420315	-2.590960
118	-13.635492	20.420315	-2.590960
119	-13.635492	21.420315	-2.590960
120	-13.635492	22.420315	-2.590960
121	-13.635492	23.420315	-2.590960
122	-12.635492	3.420315	-1.577460
123	-12.635492	4.420315	-1.577460
124	-12.635492	5.420315	-1.603580
125	-12.635492	6.420315	-1.603580
126	-12.635492	7.420315	-1.603580
127	-12.635492	8.420315	-1.603580
128	-12.635492	10.420315	-2.501100
129	-12.635492	11.420315	-2.501100
130	-12.635492	12.420315	-2.501100
131	-12.635492	13.420315	-2.501100
132	-12.635492	14.420315	-2.501100
133	-12.635492	16.420315	-2.590960
134	-12.635492	17.420315	-2.590960
135	-12.635492	18.420315	-2.590960
136	-12.635492	19.420315	-2.590960
137	-12.635492	20.420315	-2.590960
138	-12.635492	21.420315	-2.590960
139	-12.635492	22.420315	-2.590960
140	-12.635492	23.420315	-2.590960
141	-11.635492	3.420315	-1.577460
142	-11.635492	5.420315	-1.603580
143	-11.635492	6.420315	-1.603580
144	-11.635492	7.420315	-1.603580
145	-11.635492	8.420315	-1.603580
146	-11.635492	10.420315	-2.501100
147	-11.635492	11.420315	-2.501100
148	-11.635492	12.420315	-2.501100
149	-11.635492	13.420315	-2.501100
150	-11.635492	14.420315	-2.501100
151	-11.635492	16.420315	-2.590960
152	-11.635492	17.420315	-2.590960
153	-11.635492	19.420315	-2.590960
154	-11.635492	20.420315	-2.590960
155	-11.635492	22.420315	-2.590960
156	-11.635492	23.420315	-2.590960
157	-10.635492	3.420315	-1.591390
158	-10.635492	4.420315	-1.591390
159	-10.635492	5.420315	-1.603580
160	-10.635492	6.420315	-1.603580
161	-10.635492	7.420315	-1.603580
162	-10.635492	8.420315	-2.332560
163	-10.635492	9.420315	-2.332560
164	-10.635492	10.420315	-2.501100
165	-10.635492	11.420315	-2.501100
166	-10.635492	12.420315	-2.501100
167	-10.635492	13.420315	-2.501100
168	-10.635492	14.420315	-2.501100
169	-10.635492	16.420315	-2.590960
170	-10.635492	17.420315	-2.590960
171	-10.635492	18.420315	-2.590960
172	-10.635492	19.420315	-2.590960
173	-10.635492	20.420315	-2.590960
174	-10.635492	21.420315	-2.590960
175	-10.635492	22.420315	-2.590960
176	-10.635492	23.420315	-2.590960
177	-9.635492	6.420315	-1.600790
178	-9.635492	10.420315	-2.501100
179	-9.635492	11.420315	-2.501100
180	-9.635492	12.420315	-2.501100
181	-9.635492	13.420315	-2.501100
182	-9.635492	14.420315	-2.501100
183	-9.635492	16.420315	-2.590960
184	-9.635492	17.420315	-2.590960
185	-9.635492	18.420315	-2.590960
186	-9.635492	19.420315	-2.590960
187	-9.635492	20.420315	-2.590960
188	-9.635492	21.420315	-2.590960
189	-9.635492	22.420315	-2.590960
190	-8.635492	5.420315	-1.600790
191	-8.635492	6.420315	-1.600790
192	-8.635492	10.420315	-2.501100
193	-8.635492	11.420315	-2.501100
194	-8.635492	12.420315	-2.501100
195	-8.635492	13.420315	-2.501100
196	-8.635492	14.420315	-2.501100
197	-8.635492	16.420315	-2.590960
198	-8.635492	17.420315	-2.590960
199	-8.635492	18.420315	-2.590960
200	-8.635492	19.420315	-2.590960
201	-8.635492	20.420315	-2.590960
202	-8.635492	22.420315	-2.590960
203	-7.635492	3.420315	-1.592640
204	-7.635492	4.420315	-1.592640
205	-7.635492	5.420315	-1.591300
206	-7.635492	6.420315	-1.591300
207	-7.635492	7.420315	-1.591300
208	-7.635492	8.420315	-1.591300
209	-7.635492	10.420315	-2.456510
210	-7.635492	11.420315	-2.456510
211	-7.635492	12.420315	-2.456510
212	-7.635492	13.420315	-2.456510
213	-7.635492	14.420315	-2.456510
214	-7.635492	16.420315	-2.590960
215	-7.635492	17.420315	-2.590960
216	-7.635492	18.420315	-2.590960
217	-7.635492	19.420315	-2.590960
218	-7.635492	20.420315	-2.590960
219	-7.635492	21.420315	-2.590960
220	-7.635492	22.420315	-2.590960
221	-6.635492	3.420315	-1.592640
222	-6.635492	4.420315	-1.592640
223	-6.635492	5.420315	-1.591300
224	-6.635492	6.420315	-1.591300
225	-6.635492	7.420315	-1.591300
226	-6.635492	8.420315	-1.591300
227	-6.635492	10.420315	-2.456510
228	-6.635492	11.420315	-2.456510
229	-6.635492	12.420315	-2.456510
230	-6.635492	13.420315	-2.456510
231	-6.635492	14.420315	-2.456510
232	-6.635492	16.420315	-2.590960
233	-6.635492	17.420315	-2.590960
234	-6.635492	18.420315	-2.590960
235	-6.635492	19.420315	-2.590960
236	-6.635492	20.420315	-2.590960
237	-6.635492	21.420315	-2.590960
238	-6.635492	22.420315	-2.590960
239	-5.635492	5.420315	-1.591300
240	-5.635492	6.420315	-1.591300
241	-5.635492	7.420315	-1.591300
242	-5.635492	8.420315	-1.591300
243	-5.635492	16.420315	-2.590960
244	-5.635492	17.420315	-2.590960
245	-5.635492	18.420315	-2.590960
246	-5.635492	19.420315	-2.590960
247	-4.635492	5.420315	-1.591300
248	-4.635492	6.420315	-1.591300
249	-4.635492	7.420315	-1.591300
250	-4.635492	8.420315	-1.591300
251	-3.635492	5.420315	-1.591300
252	-3.635492	6.420315	-1.591300
253	-3.635492	7.420315	-1.591300
254	-3.635492	8.420315	-1.591300
255	-21.635492	-0.579685	1.487872
256	-21.635492	1.420315	1.502877
257	-21.635492	2.420315	1.502877
258	-21.635492	3.420315	1.502877
259	-21.635492	4.420315	1.502877
260	-20.635492	-0.579685	1.487872
261	-20.635492	0.420315	1.487872
262	-20.635492	1.420315	1.502877
263	-20.635492	2.420315	1.502877
264	-20.635492	3.420315	1.502877
265	-20.635492	4.420315	1.502877
266	-19.635492	-0.579685	1.487872
267	-19.635492	1.420315	1.502877
268	-19.635492	2.420315	1.502877
269	-19.635492	3.420315	1.502877
270	-19.635492	4.420315	1.502877
271	-18.635492	-2.579685	1.503615
272	-18.635492	-1.579685	1.503615
273	-18.635492	-0.579685	1.503615
274	-18.635492	1.420315	1.502877
275	-18.635492	2.420315	1.502877
276	-18.635492	3.420315	1.502877
277	-18.635492	5.420315	1.505703
278	-18.635492	6.420315	1.505703
279	-18.635492	7.420315	1.505703
280	-18.635492	8.420315	1.505703
281	-17.635492	-3.579685	1.503615
282	-17.635492	-2.579685	1.503615
283	-17.635492	-1.579685	1.503615
284	-17.635492	-0.579685	1.503615
285	-17.635492	5.420315	1.505703
286	-17.635492	6.420315	1.505703
287	-17.635492	7.420315	1.505703
288	-17.635492	8.420315	1.505703
289	-17.635492	11.420315	0.652010
290	-17.635492	12.420315	0.652010
291	-17.635492	13.420315	0.652010
292	-17.635492	14.420315	0.652010
293	-17.635492	15.420315	0.652010
294	-17.635492	16.420315	0.652010
295	-17.635492	17.420315	0.652010
296	-17.635492	18.420315	0.652010
297	-17.635492	19.420315	0.652010
298	-16.635492	-6.579685	1.494771
299	-16.635492	-5.579685	1.494771
300	-16.635492	-4.579685	1.494771
301	-16.635492	-3.579685	1.503615
302	-16.635492	-2.579685	1.503615
303	-16.635492	-1.579685	1.503615
304	-16.635492	-0.579685	1.503615
305	-16.635492	5.420315	1.505703
306	-16.635492	6.420315	1.505703
307	-16.635492	7.420315	1.505703
308	-16.635492	8.420315	1.505703
309	-16.635492	11.420315	0.652010
310	-16.635492	12.420315	0.652010
311	-16.635492	13.420315	0.652010
312	-16.635492	14.420315	0.652010
313	-16.635492	15.420315	0.652010
314	-16.635492	16.420315	0.652010
315	-16.635492	17.420315	0.652010
316	-16.635492	18.420315	0.652010
317	-16.635492	19.420315	0.652010
318	-16.635492	20.420315	0.652010
319	-15.635492	-7.579685	1.494771
320	-15.635492	-6.579685	1.494771
321	-15.635492	-5.579685	1.494771
322	-15.635492	-4.579685	1.494771
323	-15.635492	-3.579685	1.503615
324	-15.635492	-2.579685	1.503615
325	-15.635492	-1.579685	1.503615
326	-15.635492	-0.579685	1.503615
327	-15.635492	2.420315	1.491204
328	-15.635492	3.420315	1.491204
329	-15.635492	4.420315	1.491204
330	-15.635492	5.420315	1.505703
331	-15.635492	6.420315	1.505703
332	-15.635492	7.420315	1.505703
333	-15.635492	8.420315	1.505703
334	-15.635492	11.420315	0.652010
335	-15.635492	12.420315	0.652010
336	-15.635492	13.420315	0.652010
337	-15.635492	14.420315	0.652010
338	-15.635492	15.420315	0.652010
339	-15.635492	16.420315	0.652010
340	-15.635492	17.420315	0.652010
341	-15.635492	18.420315	0.652010
342	-15.635492	19.420315	0.652010
343	-15.635492	20.420315	0.652010
344	-14.635492	-7.579685	1.494771
345	-14.635492	-6.579685	1.494771
346	-14.635492	-5.579685	1.494771
347	-14.635492	-4.579685	1.494771
348	-14.635492	-3.579685	1.503615
349	-14.635492	-2.579685	1.503615
350	-14.635492	-1.579685	1.503615
351	-14.635492	-0.579685	1.503615
352	-14.635492	5.420315	1.505703
353	-14.635492	6.420315	1.505703
354	-14.635492	7.420315	1.505703
355	-14.635492	8.420315	1.505703
356	-14.635492	11.420315	0.652010
357	-14.635492	12.420315	0.652010
358	-14.635492	16.420315	0.652010
359	-14.635492	17.420315	0.652010
360	-14.635492	18.420315	0.652010
361	-14.635492	19.420315	0.652010
362	-14.635492	20.420315	0.652010
363	-13.635492	-6.579685	1.494771
364	-13.635492	-5.579685	1.494771
365	-13.635492	-3.579685	1.503615
366	-13.635492	-2.579685	1.503615
367	-13.635492	-1.579685	1.503615
368	-13.635492	-0.579685	1.503615
369	-13.635492	1.420315	1.497013
370	-13.635492	2.420315	1.497013
371	-13.635492	3.420315	1.497013
372	-13.635492	4.420315	1.497013
373	-13.635492	5.420315	1.505703
374	-13.635492	6.420315	1.505703
375	-13.635492	7.420315	1.505703
376	-13.635492	8.420315	1.505703
377	-13.635492	16.420315	0.652010
378	-13.635492	17.420315	0.652010
379	-13.635492	18.420315	0.652010
380	-13.635492	19.420315	0.652010
381	-13.635492	20.420315	0.652010
382	-12.635492	-13.579685	0.417450
383	-12.635492	-12.579685	0.417450
384	-12.635492	-11.579685	0.417450
385	-12.635492	-10.579685	0.417450
386	-12.635492	-9.579685	0.417450
387	-12.635492	-8.579685	0.419280
388	-12.635492	-7.579685	1.466118
389	-12.635492	-6.579685	1.466118
390	-12.635492	-5.579685	1.466118
391	-12.635492	-4.579685	1.466118
392	-12.635492	-3.579685	1.466118
393	-12.635492	-2.579685	1.466118
394	-12.635492	-1.579685	1.497013
395	-12.635492	-0.579685	1.497013
396	-12.635492	3.420315	1.497013
397	-12.635492	4.420315	1.497013
398	-12.635492	6.420315	1.505703
399	-12.635492	7.420315	1.505703
400	-12.635492	8.420315	1.505703
401	-12.635492	10.420315	0.654789
402	-12.635492	11.420315	0.654789
403	-12.635492	12.420315	0.654789
404	-12.635492	13.420315	0.654789
405	-12.635492	14.420315	0.652010
406	-12.635492	17.420315	0.652010
407	-12.635492	18.420315	0.652010
408	-12.635492	19.420315	0.652010
409	-12.635492	20.420315	0.652010
410	-11.635492	-13.579685	0.417450
411	-11.635492	-12.579685	0.417450
412	-11.635492	-11.579685	0.417450
413	-11.635492	-10.579685	0.417450
414	-11.635492	-9.579685	0.417450
415	-11.635492	-8.579685	0.419280
416	-11.635492	-7.579685	1.466118
417	-11.635492	-6.579685	1.466118
418	-11.635492	-5.579685	1.466118
419	-11.635492	-4.579685	1.466118
420	-11.635492	-3.579685	1.466118
421	-11.635492	-2.579685	1.466118
422	-11.635492	-1.579685	1.497013
423	-11.635492	-0.579685	1.497013
424	-11.635492	0.420315	1.497013
425	-11.635492	1.420315	1.497013
426	-11.635492	2.420315	1.497013
427	-11.635492	3.420315	1.497013
428	-11.635492	4.420315	1.497013
429	-11.635492	6.420315	1.505703
430	-11.635492	7.420315	1.505703
431	-11.635492	8.420315	1.505703
432	-11.635492	10.420315	0.654789
433	-11.635492	11.420315	0.654789
434	-11.635492	12.420315	0.654789
435	-11.635492	13.420315	0.654789
436	-11.635492	14.420315	0.652010
437	-11.635492	15.420315	0.652010
438	-11.635492	16.420315	0.652010
439	-11.635492	17.420315	0.652010
440	-11.635492	18.420315	0.652010
441	-11.635492	19.420315	0.652010
442	-11.635492	20.420315	0.652010
443	-10.635492	-13.579685	0.417450
444	-10.635492	-12.579685	0.417450
445	-10.635492	-11.579685	0.417450
446	-10.635492	-10.579685	0.417450
447	-10.635492	-9.579685	0.417450
448	-10.635492	-8.579685	0.419280
449	-10.635492	-7.579685	1.466118
450	-10.635492	-6.579685	1.466118
451	-10.635492	-5.579685	1.466118
452	-10.635492	-4.579685	1.466118
453	-10.635492	-2.579685	1.466118
454	-10.635492	-0.579685	1.497013
455	-10.635492	0.420315	1.497013
456	-10.635492	1.420315	1.497013
457	-10.635492	3.420315	1.505795
458	-10.635492	4.420315	1.505795
459	-10.635492	5.420315	1.505703
460	-10.635492	6.420315	1.505703
461	-10.635492	7.420315	1.505703
462	-10.635492	8.420315	1.505703
463	-10.635492	10.420315	0.654789
464	-10.635492	11.420315	0.654789
465	-10.635492	12.420315	0.654789
466	-10.635492	13.420315	0.654789
467	-10.635492	14.420315	0.654789
468	-10.635492	15.420315	0.652010
469	-10.635492	16.420315	0.652010
470	-10.635492	17.420315	0.652010
471	-10.635492	18.420315	0.652010
472	-10.635492	19.420315	0.652010
473	-10.635492	20.420315	0.652010
474	-9.635492	-13.579685	0.417450
475	-9.635492	-12.579685	0.417450
476	-9.635492	-11.579685	0.417450
477	-9.635492	-10.579685	0.417450
478	-9.635492	-9.579685	0.417450
479	-9.635492	-6.579685	1.466118
480	-9.635492	-3.579685	1.466118
481	-9.635492	-2.579685	1.466118
482	-9.635492	-1.579685	1.497013
483	-9.635492	-0.579685	1.497013
484	-9.635492	0.420315	1.497013
485	-9.635492	1.420315	1.497013
486	-9.635492	3.420315	1.505795
487	-9.635492	4.420315	1.505795
488	-9.635492	6.420315	1.505703
489	-9.635492	7.420315	1.505703
490	-9.635492	8.420315	1.505703
491	-9.635492	10.420315	0.654789
492	-9.635492	11.420315	0.654789
493	-9.635492	12.420315	0.654789
494	-9.635492	13.420315	0.654789
495	-9.635492	14.420315	0.654789
496	-9.635492	15.420315	0.652010
497	-9.635492	16.420315	0.652010
498	-9.635492	17.420315	0.652010
499	-9.635492	18.420315	0.652010
500	-9.635492	19.420315	0.652010
501	-9.635492	20.420315	0.652010
502	-8.635492	-13.579685	0.417450
503	-8.635492	-12.579685	0.417450
504	-8.635492	-11.579685	0.417450
505	-8.635492	-10.579685	0.417450
506	-8.635492	-9.579685	0.417450
507	-8.635492	-7.579685	1.488517
508	-8.635492	-5.579685	1.488517
509	-8.635492	-0.579685	1.497013
510	-8.635492	0.420315	1.497013
511	-8.635492	1.420315	1.497013
512	-8.635492	6.420315	1.505703
513	-8.635492	7.420315	1.505703
514	-8.635492	8.420315	1.505703
515	-8.635492	10.420315	0.654789
516	-8.635492	11.420315	0.654789
517	-8.635492	12.420315	0.654789
518	-8.635492	13.420315	0.654789
519	-8.635492	14.420315	0.654789
520	-8.635492	15.420315	0.654789
521	-8.635492	16.420315	0.652010
522	-8.635492	17.420315	0.652010
523	-8.635492	18.420315	0.652010
524	-8.635492	19.420315	0.652010
525	-8.635492	20.420315	0.652010
526	-7.635492	-8.579685	1.488517
527	-7.635492	-7.579685	1.488517
528	-7.635492	-6.579685	1.488517
529	-7.635492	-5.579685	1.488517
530	-7.635492	-4.579685	1.488517
531	-7.635492	-3.579685	1.497013
532	-7.635492	-2.579685	1.497013
533	-7.635492	-1.579685	1.497013
534	-7.635492	-0.579685	1.497013
535	-7.635492	0.420315	1.497013
536	-7.635492	1.420315	1.497013
537	-7.635492	6.420315	1.505703
538	-7.635492	7.420315	1.505703
539	-7.635492	8.420315	1.505703
540	-7.635492	10.420315	0.654789
541	-7.635492	11.420315	0.654789
542	-7.635492	12.420315	0.654789
543	-7.635492	13.420315	0.654789
544	-7.635492	14.420315	0.654789
545	-7.635492	15.420315	0.654789
546	-7.635492	16.420315	0.652010
547	-7.635492	17.420315	0.652010
548	-7.635492	18.420315	0.652010
549	-7.635492	19.420315	0.652010
550	-7.635492	20.420315	0.652010
551	-6.635492	-7.579685	1.488517
552	-6.635492	-5.579685	1.488517
553	-6.635492	-4.579685	1.488517
554	-6.635492	-2.579685	1.493927
555	-6.635492	-0.579685	1.497013
556	-6.635492	0.420315	1.497013
557	-6.635492	1.420315	1.497013
558	-6.635492	2.420315	1.497013
559	-6.635492	3.420315	1.497013
560	-6.635492	4.420315	1.497013
561	-6.635492	5.420315	1.505703
562	-6.635492	6.420315	1.505703
563	-6.635492	7.420315	1.505703
564	-6.635492	8.420315	1.505703
565	-6.635492	10.420315	0.801284
566	-6.635492	11.420315	0.654789
567	-6.635492	12.420315	0.654789
568	-6.635492	13.420315	0.654789
569	-6.635492	14.420315	0.654789
570	-6.635492	16.420315	0.652010
571	-6.635492	17.420315	0.652010
572	-6.635492	18.420315	0.652010
573	-6.635492	19.420315	0.652010
574	-6.635492	20.420315	0.652010
575	-5.635492	2.420315	1.497013
576	-5.635492	3.420315	1.497013
577	-5.635492	5.420315	1.505703
578	-5.635492	6.420315	1.505703
579	-5.635492	7.420315	1.505703
580	-5.635492	8.420315	1.505703
581	-5.635492	16.420315	0.652010
582	-5.635492	17.420315	0.652010
583	-5.635492	18.420315	0.652010
584	-5.635492	19.420315	0.652010
585	-5.635492	20.420315	0.652010
586	-4.635492	-4.579685	1.494420
587	-4.635492	-3.579685	1.494420
588	-4.635492	-2.579685	1.494420
589	-4.635492	-1.579685	1.494420
590	-4.635492	2.420315	1.507191
591	-4.635492	3.420315	1.507191
592	-4.635492	4.420315	1.507191
593	-4.635492	5.420315	1.505703
594	-4.635492	6.420315	1.505703
595	-4.635492	7.420315	1.505703
596	-4.635492	8.420315	1.505703
597	-3.635492	-4.579685	1.494420
598	-3.635492	-3.579685	1.494420
599	-3.635492	-2.579685	1.494420
600	-3.635492	-1.579685	1.494420
601	-3.635492	-0.579685	1.507191
602	-3.635492	0.420315	1.507191
603	-3.635492	1.420315	1.507191
604	-3.635492	2.420315	1.507191
605	-3.635492	3.420315	1.507191
606	-3.635492	4.420315	1.507191
607	-3.635492	5.420315	1.505703
608	-3.635492	6.420315	1.505703
609	-3.635492	7.420315	1.505703
610	-3.635492	8.420315	1.505703
611	-2.635492	-0.579685	1.507191
612	-2.635492	0.420315	1.507191
613	-2.635492	1.420315	1.507191
614	-2.635492	2.420315	1.507191
615	-2.635492	3.420315	1.507191
616	-2.635492	4.420315	1.507191
617	-2.635492	6.420315	1.505703
618	-2.635492	7.420315	1.505703
619	-1.635492	-0.579685	1.507191
620	-1.635492	0.420315	1.507191
621	-1.635492	1.420315	1.507191
622	-1.635492	2.420315	1.507191
623	-1.635492	3.420315	1.507191
624	-1.635492	4.420315	1.507191
625	-0.635492	-0.579685	1.507191
626	-0.635492	0.420315	1.507191
627	-0.635492	1.420315	1.507191
628	-0.635492	2.420315	1.507191
629	-0.635492	3.420315	1.507191
630	-0.635492	4.420315	1.507191
631	-18.635492	5.420315	4.546820
632	-18.635492	6.420315	4.546820
633	-18.635492	7.420315	4.546820
634	-18.635492	8.420315	4.546820
635	-17.635492	5.420315	4.546820
636	-17.635492	6.420315	4.546820
637	-17.635492	7.420315	4.546820
638	-17.635492	8.420315	4.546820
639	-16.635492	5.420315	4.546820
640	-16.635492	6.420315	4.546820
641	-16.635492	7.420315	4.546820
642	-16.635492	8.420315	4.546820
643	-15.635492	5.420315	4.546820
644	-15.635492	6.420315	4.546820
645	-15.635492	7.420315	4.546820
646	-14.635492	5.420315	4.546820
647	-14.635492	6.420315	4.546820
648	-14.635492	7.420315	4.546820
649	-14.635492	8.420315	4.560990
650	-13.635492	1.420315	4.532040
651	-13.635492	2.420315	4.532040
652	-13.635492	3.420315	4.532040
653	-13.635492	4.420315	4.532040
654	-13.635492	7.420315	4.528520
655	-13.635492	16.420315	3.955170
656	-13.635492	17.420315	3.955170
657	-12.635492	3.420315	4.532040
658	-12.635492	4.420315	4.532040
659	-12.635492	5.420315	4.532040
660	-12.635492	6.420315	4.528520
661	-12.635492	7.420315	4.528520
662	-12.635492	8.420315	4.528520
663	-12.635492	9.420315	4.528520
664	-12.635492	10.420315	3.990910
665	-12.635492	11.420315	3.990910
666	-12.635492	12.420315	3.990910
667	-12.635492	13.420315	3.990910
668	-12.635492	14.420315	3.990910
669	-12.635492	15.420315	3.990910
670	-12.635492	17.420315	3.955170
671	-11.635492	1.420315	4.532040
672	-11.635492	2.420315	4.532040
673	-11.635492	3.420315	4.532040
674	-11.635492	4.420315	4.532040
675	-11.635492	6.420315	4.539380
676	-11.635492	10.420315	3.990910
677	-11.635492	11.420315	3.990910
678	-11.635492	12.420315	3.990910
679	-11.635492	13.420315	3.990910
680	-11.635492	14.420315	3.990910
681	-11.635492	15.420315	3.990910
682	-11.635492	16.420315	3.955170
683	-11.635492	17.420315	3.955170
684	-10.635492	1.420315	4.532040
685	-10.635492	2.420315	4.532040
686	-10.635492	3.420315	4.532040
687	-10.635492	4.420315	4.532040
688	-10.635492	5.420315	4.539380
689	-10.635492	6.420315	4.539380
690	-10.635492	7.420315	4.539380
691	-10.635492	8.420315	4.539380
692	-10.635492	10.420315	3.990910
693	-10.635492	11.420315	3.990910
694	-10.635492	12.420315	3.990910
695	-10.635492	13.420315	3.990910
696	-10.635492	14.420315	3.990910
697	-10.635492	15.420315	3.990910
698	-10.635492	16.420315	3.955170
699	-10.635492	17.420315	3.955170
700	-9.635492	1.420315	4.532040
701	-9.635492	2.420315	4.532040
702	-9.635492	3.420315	4.532040
703	-9.635492	4.420315	4.532040
704	-9.635492	5.420315	4.539380
705	-9.635492	6.420315	4.539380
706	-9.635492	7.420315	4.539380
707	-9.635492	8.420315	4.539380
708	-9.635492	10.420315	3.990910
709	-9.635492	11.420315	3.990910
710	-9.635492	12.420315	3.990910
711	-9.635492	13.420315	3.990910
712	-9.635492	14.420315	3.990910
713	-9.635492	15.420315	3.990910
714	-9.635492	16.420315	3.955170
715	-9.635492	17.420315	3.955170
716	-8.635492	1.420315	4.532040
717	-8.635492	2.420315	4.532040
718	-8.635492	3.420315	4.532040
719	-8.635492	4.420315	4.532040
720	-8.635492	5.420315	4.539380
721	-8.635492	6.420315	4.539380
722	-8.635492	7.420315	4.539380
723	-8.635492	8.420315	4.539380
724	-8.635492	10.420315	3.990910
725	-8.635492	11.420315	3.990910
726	-8.635492	12.420315	3.990910
727	-8.635492	13.420315	3.990910
728	-8.635492	14.420315	3.990910
729	-8.635492	15.420315	3.990910
730	-8.635492	16.420315	3.955170
731	-8.635492	17.420315	3.955170
732	-7.635492	1.420315	4.532040
733	-7.635492	2.420315	4.532040
734	-7.635492	3.420315	4.532040
735	-7.635492	4.420315	4.532040
736	-7.635492	10.420315	3.990910
737	-7.635492	11.420315	3.990910
738	-7.635492	12.420315	3.990910
739	-7.635492	13.420315	3.990910
740	-7.635492	14.420315	3.990910
741	-7.635492	15.420315	3.990910
742	-7.635492	16.420315	3.955170
743	-7.635492	17.420315	3.955170
744	-6.635492	1.420315	4.532040
745	-6.635492	2.420315	4.532040
746	-6.635492	3.420315	4.532040
747	-6.635492	4.420315	4.532040
748	-6.635492	10.420315	3.990910
749	-6.635492	11.420315	3.990910
750	-6.635492	12.420315	3.990910
751	-6.635492	13.420315	3.990910
752	-6.635492	14.420315	3.990910
753	-6.635492	15.420315	3.990910
754	-6.635492	17.420315	3.955170
755	-5.635492	3.420315	4.532040
756	-5.635492	10.420315	3.990910
757	-5.635492	16.420315	3.955170
758	-5.635492	17.420315	3.955170
759	-4.635492	-0.579685	4.530740
760	-4.635492	0.420315	4.530740
761	-4.635492	1.420315	4.530740
762	-4.635492	2.420315	4.522710
763	-4.635492	3.420315	4.522710
764	-4.635492	4.420315	4.522710
765	-4.635492	5.420315	4.535330
766	-4.635492	6.420315	4.535330
767	-4.635492	7.420315	4.535330
768	-4.635492	8.420315	4.535330
769	-3.635492	2.420315	4.522710
770	-3.635492	3.420315	4.522710
771	-3.635492	4.420315	4.522710
772	-3.635492	5.420315	4.535330
773	-3.635492	8.420315	4.535330
774	-2.635492	-0.579685	4.522710
775	-2.635492	0.420315	4.522710
776	-2.635492	1.420315	4.522710
777	-2.635492	2.420315	4.522710
778	-2.635492	3.420315	4.522710
779	-1.635492	-0.579685	4.522710
780	-1.635492	0.420315	4.522710
781	-1.635492	1.420315	4.522710
782	-1.635492	2.420315	4.522710
783	-1.635492	3.420315	4.522710
784	-1.635492	4.420315	4.522710
785	-0.635492	-0.579685	4.522710
786	-0.635492	0.420315	4.522710
787	-0.635492	1.420315	4.522710
788	-0.635492	2.420315	4.522710
789	-0.635492	3.420315	4.522710
790	-0.635492	4.420315	4.522710
791	0.364508	-0.579685	4.522710
792	0.364508	3.420315	4.522710
793	0.364508	4.420315	4.522710
794	-19.635492	-0.579685	4.545170
795	-19.635492	0.420315	4.545170
796	-19.635492	1.420315	4.545170
797	-19.635492	2.420315	4.545170
798	-19.635492	3.420315	4.544030
799	-19.635492	4.420315	4.544030
800	-18.635492	-0.579685	4.545170
801	-18.635492	0.420315	4.545170
802	-18.635492	1.420315	4.545170
803	-18.635492	4.420315	4.544030
804	-17.635492	-0.579685	4.545170
805	-17.635492	0.420315	4.545170
806	-17.635492	1.420315	4.545170
807	-17.635492	2.420315	4.545170
808	-17.635492	3.420315	4.551100
809	-17.635492	4.420315	4.551100
810	-16.635492	0.420315	4.545170
811	-16.635492	1.420315	4.545170
812	-16.635492	3.420315	4.551100
813	-16.635492	4.420315	4.551100
814	-15.635492	-0.579685	4.545170
815	-15.635492	0.420315	4.545170
816	-15.635492	1.420315	4.545170
817	-15.635492	2.420315	4.545170
