0	-1.430770	1.158936	-1.229980
1	-1.430770	2.158936	-1.228000
2	-1.430770	3.158936	-1.228000
3	-0.430770	0.158936	-1.229980
4	-0.430770	1.158936	-1.229980
5	-0.430770	2.158936	-1.229980
6	-0.430770	3.158936	-1.229980
7	0.569230	0.158936	-1.229980
8	0.569230	1.158936	-1.229980
9	0.569230	2.158936	-1.229980
10	1.569230	0.158936	-1.244370
11	1.569230	3.158936	-1.241250
12	1.569230	4.158936	-1.241250
13	1.569230	5.158936	-1.241250
14	2.569230	0.158936	-1.244370
15	2.569230	3.158936	-1.241250
16	2.569230	4.158936	-1.241250
17	2.569230	5.158936	-1.241250
18	2.569230	6.158936	-1.241250
19	3.569230	3.158936	-1.241250
20	3.569230	4.158936	-1.241250
21	3.569230	5.158936	-1.241250
22	4.569230	0.158936	-1.252460
23	4.569230	1.158936	-1.252460
24	-1.430770	-8.841064	0.567445
25	-1.430770	-6.841064	0.618991
26	-1.430770	-5.841064	0.618991
27	-1.430770	-4.841064	0.618991
28	-1.430770	-3.841064	0.618991
29	-1.430770	1.158936	1.502093
30	-1.430770	2.158936	1.502093
31	-1.430770	3.158936	1.502093
32	-0.430770	-9.841064	0.567445
33	-0.430770	-8.841064	0.567445
34	-0.430770	-6.841064	0.618991
35	-0.430770	-5.841064	0.618991
36	-0.430770	-4.841064	0.618991
37	-0.430770	-3.841064	0.618991
38	-0.430770	0.158936	1.515168
39	-0.430770	1.158936	1.515168
40	-0.430770	2.158936	1.515168
41	-0.430770	3.158936	1.515168
42	0.569230	-9.841064	0.567445
43	0.569230	-8.841064	0.567445
44	0.569230	-6.841064	0.618991
45	0.569230	-5.841064	0.618991
46	0.569230	-4.841064	0.618991
47	0.569230	-3.841064	0.618991
48	0.569230	-2.841064	0.621198
49	0.569230	-1.841064	0.621198
50	0.569230	-0.841064	0.621198
51	0.569230	0.158936	1.515168
52	0.569230	2.158936	1.515168
53	1.569230	-6.841064	0.618991
54	1.569230	-3.841064	0.618991
55	1.569230	3.158936	1.500366
56	1.569230	4.158936	1.500366
57	1.569230	5.158936	1.500366
58	2.569230	3.158936	1.500366
59	2.569230	4.158936	1.500366
60	2.569230	5.158936	1.500366
61	2.569230	6.158936	1.500366
62	3.569230	2.158936	1.500366
63	3.569230	3.158936	1.500366
64	3.569230	4.158936	1.500366
65	3.569230	5.158936	1.500366
66	4.569230	0.158936	1.494501
67	4.569230	2.158936	1.500366
68	4.569230	3.158936	1.500366
69	4.569230	4.158936	1.500366
70	-1.430770	-8.841064	3.552430
71	-1.430770	-6.841064	3.563520
72	-1.430770	-5.841064	3.563520
73	-1.430770	-4.841064	3.563520
74	-1.430770	-3.841064	3.563520
75	-1.430770	-2.841064	3.563520
76	-1.430770	-1.841064	4.182470
77	-1.430770	1.158936	4.193960
78	-0.430770	-8.841064	3.552430
79	-0.430770	-7.841064	3.552430
80	-0.430770	-6.841064	3.563520
81	-0.430770	-5.841064	3.563520
82	-0.430770	-4.841064	3.563520
83	-0.430770	-3.841064	3.563520
84	-0.430770	-2.841064	3.563520
85	-0.430770	-1.841064	4.196080
86	-0.430770	-0.841064	4.196080
87	-0.430770	0.158936	4.196080
88	-0.430770	1.158936	4.196080
89	-0.430770	2.158936	4.196080
90	0.569230	-8.841064	3.552430
91	0.569230	-7.841064	3.552430
92	0.569230	-6.841064	3.563520
93	0.569230	-5.841064	3.563520
94	0.569230	-4.841064	3.563520
95	0.569230	-3.841064	3.563520
96	0.569230	-2.841064	3.563520
97	0.569230	-1.841064	4.196080
98	0.569230	-0.841064	4.196080
99	0.569230	0.158936	4.196080
100	0.569230	1.158936	4.196080
101	0.569230	2.158936	4.196080
102	0.569230	5.158936	4.219910
103	1.569230	-6.841064	3.563520
104	1.569230	-5.841064	3.563520
105	1.569230	-4.841064	3.563520
106	1.569230	-3.841064	3.563520
107	1.569230	-2.841064	3.563520
108	1.569230	-1.841064	4.189330
109	1.569230	-0.841064	4.196080
110	1.569230	0.158936	4.196080
111	1.569230	2.158936	4.196080
112	1.569230	3.158936	4.219910
113	1.569230	4.158936	4.219910
114	1.569230	5.158936	4.219910
115	2.569230	-4.841064	4.189330
116	2.569230	-3.841064	4.189330
117	2.569230	-2.841064	4.189330
118	2.569230	-1.841064	4.189330
119	2.569230	-0.841064	4.189330
120	2.569230	0.158936	4.219910
121	2.569230	1.158936	4.219910
122	2.569230	2.158936	4.219910
123	2.569230	3.158936	4.219910
124	2.569230	4.158936	4.219910
125	2.569230	5.158936	4.219910
126	2.569230	6.158936	4.219910
127	3.569230	-5.841064	4.189330
128	3.569230	-4.841064	4.189330
129	3.569230	-3.841064	4.189330
130	3.569230	-2.841064	4.189330
131	3.569230	-1.841064	4.189330
132	3.569230	-0.841064	4.189330
133	3.569230	0.158936	4.219910
134	3.569230	1.158936	4.219910
135	3.569230	2.158936	4.219910
136	3.569230	3.158936	4.219910
137	3.569230	4.158936	4.219910
138	3.569230	5.158936	4.219910
139	4.569230	-5.841064	4.189330
140	4.569230	-4.841064	4.189330
141	4.569230	-3.841064	4.189330
142	4.569230	-2.841064	4.189330
143	4.569230	-1.841064	4.189330
144	4.569230	-0.841064	4.189330
145	4.569230	0.158936	4.219910
146	4.569230	1.158936	4.219910
147	4.569230	2.158936	4.219910
148	4.569230	3.158936	4.219910
149	4.569230	4.158936	4.219910
150	-1.430770	-2.841064	8.186581
151	-1.430770	-1.841064	8.186581
152	-0.430770	-2.841064	8.186581
153	-0.430770	-1.841064	8.186581
154	-0.430770	-0.841064	8.186581
155	0.569230	-2.841064	8.186581
156	0.569230	-1.841064	8.186581
157	0.569230	-0.841064	8.186581
158	1.569230	-2.841064	8.186581
159	1.569230	-1.841064	8.186581
160	1.569230	-0.841064	8.186581
161	2.569230	-1.841064	8.186581
162	-1.430770	0.158936	-4.251770
163	-1.430770	1.158936	-4.265440
164	-1.430770	2.158936	-4.265440
165	-0.430770	0.158936	-4.259010
166	-0.430770	1.158936	-4.265440
167	-0.430770	2.158936	-4.265440
168	-0.430770	3.158936	-4.259010
169	0.569230	0.158936	-4.259010
170	0.569230	1.158936	-4.259010
171	0.569230	2.158936	-4.259010
172	0.569230	3.158936	-4.259010
