0	-28.704529	15.602952	1.645591
1	-28.704529	16.602951	1.645591
2	-27.704529	13.602952	1.645591
3	-27.704529	14.602952	1.645591
4	-27.704529	15.602952	1.645591
5	-27.704529	16.602951	1.645591
6	-26.704529	12.602952	1.645591
7	-26.704529	13.602952	1.645591
8	-26.704529	14.602952	1.645591
9	-26.704529	15.602952	1.645591
10	-26.704529	16.602951	1.645591
11	-25.704529	12.602952	1.645591
12	-25.704529	13.602952	1.645591
13	-25.704529	14.602952	1.645591
14	-25.704529	15.602952	1.645591
15	-25.704529	16.602951	1.645591
16	-24.704529	11.602952	1.645591
17	-24.704529	12.602952	1.645591
18	-24.704529	13.602952	1.645591
19	-24.704529	14.602952	1.645591
20	-24.704529	15.602952	1.645591
21	-24.704529	16.602951	1.645591
22	-23.704529	10.602952	1.645591
23	-23.704529	11.602952	1.645591
24	-23.704529	12.602952	1.645591
25	-23.704529	14.602952	1.645591
26	-23.704529	15.602952	1.645591
27	-23.704529	16.602951	1.645591
28	-22.704529	10.602952	1.645591
29	-22.704529	11.602952	1.645591
30	-22.704529	12.602952	1.645591
31	-22.704529	13.602952	1.645591
32	-22.704529	14.602952	1.645591
33	-22.704529	15.602952	1.645591
34	-22.704529	16.602951	1.645591
35	-22.704529	17.602951	1.435675
36	-22.704529	18.602951	1.435675
37	-22.704529	19.602951	1.435675
38	-21.704529	9.602952	1.645591
39	-21.704529	10.602952	1.645591
40	-21.704529	11.602952	1.645591
41	-21.704529	12.602952	1.645591
42	-21.704529	13.602952	1.645591
43	-21.704529	14.602952	1.645591
44	-21.704529	15.602952	1.645591
45	-21.704529	16.602951	1.645591
46	-21.704529	17.602951	1.435675
47	-21.704529	18.602951	1.435675
48	-21.704529	19.602951	1.435675
49	-20.704529	9.602952	1.645591
50	-20.704529	11.602952	1.645591
51	-20.704529	13.602952	1.645591
52	-20.704529	14.602952	1.645591
53	-20.704529	15.602952	1.645591
54	-20.704529	16.602951	1.645591
55	-20.704529	17.602951	1.435675
56	-20.704529	18.602951	1.435675
57	-20.704529	19.602951	1.435675
58	-20.704529	20.602951	1.435675
59	-19.704529	8.602952	1.708499
60	-19.704529	9.602952	1.645591
61	-19.704529	11.602952	1.645591
62	-19.704529	14.602952	1.645591
63	-19.704529	18.602951	1.520451
64	-19.704529	19.602951	1.435675
65	-19.704529	20.602951	1.435675
66	-18.704529	8.602952	1.708499
67	-18.704529	9.602952	1.708499
68	-18.704529	10.602952	1.645591
69	-18.704529	11.602952	1.645591
70	-18.704529	12.602952	1.645591
71	-18.704529	13.602952	1.645591
72	-18.704529	14.602952	1.645591
73	-18.704529	16.602951	1.520451
74	-18.704529	17.602951	1.520451
75	-18.704529	19.602951	1.435675
76	-18.704529	20.602951	1.435675
77	-18.704529	21.602951	1.435675
78	-17.704529	7.602952	1.708499
79	-17.704529	8.602952	1.708499
80	-17.704529	9.602952	1.708499
81	-17.704529	14.602952	1.487159
82	-17.704529	15.602952	1.520451
83	-17.704529	16.602951	1.520451
84	-17.704529	17.602951	1.520451
85	-17.704529	18.602951	1.520451
86	-17.704529	20.602951	1.435675
87	-17.704529	21.602951	1.435675
88	-16.704529	7.602952	1.708499
89	-16.704529	8.602952	1.708499
90	-16.704529	11.602952	1.694302
91	-16.704529	14.602952	1.487159
92	-16.704529	17.602951	1.520451
93	-16.704529	19.602951	1.435675
94	-16.704529	21.602951	1.435675
95	-16.704529	22.602951	1.435675
96	-15.704529	6.602952	1.708499
97	-15.704529	7.602952	1.708499
98	-15.704529	8.602952	1.708499
99	-15.704529	9.602952	1.708499
100	-15.704529	10.602952	1.694302
101	-15.704529	11.602952	1.694302
102	-15.704529	12.602952	1.694302
103	-15.704529	14.602952	1.507859
104	-15.704529	19.602951	1.435675
105	-15.704529	22.602951	1.435675
106	-14.704529	6.602952	1.708499
107	-14.704529	7.602952	1.708499
108	-14.704529	10.602952	1.694302
109	-14.704529	11.602952	1.694302
110	-14.704529	12.602952	1.694302
111	-14.704529	13.602952	1.694302
112	-14.704529	14.602952	1.507859
113	-14.704529	15.602952	1.507859
114	-14.704529	18.602951	1.507859
115	-14.704529	19.602951	1.507859
116	-14.704529	20.602951	1.435675
117	-14.704529	21.602951	1.435675
118	-14.704529	22.602951	1.435675
119	-13.704529	10.602952	1.694302
120	-13.704529	11.602952	1.694302
121	-13.704529	12.602952	1.694302
122	-13.704529	13.602952	1.694302
123	-13.704529	14.602952	1.507859
124	-13.704529	15.602952	1.507859
125	-13.704529	16.602951	1.507859
126	-13.704529	17.602951	1.507859
127	-13.704529	18.602951	1.507859
128	-13.704529	19.602951	1.507859
129	-13.704529	20.602951	1.507859
130	-13.704529	21.602951	1.435675
131	-13.704529	22.602951	1.435675
132	-13.704529	23.602951	1.435675
133	-12.704529	9.602952	1.694302
134	-12.704529	10.602952	1.694302
135	-12.704529	13.602952	1.509603
136	-12.704529	14.602952	1.507859
137	-12.704529	15.602952	1.507859
138	-12.704529	16.602951	1.507859
139	-12.704529	17.602951	1.507859
140	-12.704529	18.602951	1.507859
141	-12.704529	19.602951	1.507859
142	-12.704529	20.602951	1.507859
143	-12.704529	21.602951	1.507859
144	-11.704529	4.602952	0.875494
145	-11.704529	5.602952	0.875494
146	-11.704529	6.602952	0.875494
147	-11.704529	8.602952	0.875494
148	-11.704529	11.602952	1.509603
149	-11.704529	12.602952	1.509603
150	-11.704529	13.602952	1.509603
151	-11.704529	14.602952	1.507859
152	-11.704529	15.602952	1.507859
153	-11.704529	16.602951	1.507859
154	-11.704529	17.602951	1.507859
155	-11.704529	18.602951	1.507859
156	-11.704529	19.602951	1.507859
157	-11.704529	20.602951	1.507859
158	-11.704529	21.602951	1.507859
159	-10.704529	4.602952	0.875494
160	-10.704529	5.602952	0.875494
161	-10.704529	7.602952	0.875494
162	-10.704529	12.602952	1.509603
163	-10.704529	14.602952	1.507859
164	-10.704529	15.602952	1.507859
165	-10.704529	16.602951	1.507859
166	-10.704529	17.602951	1.507859
167	-10.704529	18.602951	1.507859
168	-10.704529	19.602951	1.507859
169	-10.704529	20.602951	1.507859
170	-9.704529	3.602952	0.875494
171	-9.704529	4.602952	0.875494
172	-9.704529	5.602952	0.875494
173	-9.704529	6.602952	0.875494
174	-9.704529	12.602952	1.509603
175	-9.704529	13.602952	1.509603
176	-9.704529	15.602952	1.507859
177	-9.704529	16.602951	1.507859
178	-9.704529	17.602951	1.507859
179	-9.704529	18.602951	1.507859
180	-9.704529	19.602951	1.507859
181	-9.704529	20.602951	1.507859
182	-8.704529	3.602952	0.880876
183	-8.704529	7.602952	0.876661
184	-8.704529	8.602952	0.876661
185	-8.704529	15.602952	1.507859
186	-8.704529	16.602951	1.507859
187	-8.704529	17.602951	1.507859
188	-8.704529	18.602951	1.507859
189	-8.704529	19.602951	1.507859
190	-7.704529	2.602952	0.875494
191	-7.704529	4.602952	0.880876
192	-7.704529	8.602952	0.876661
193	-6.704529	2.602952	0.875494
194	-6.704529	3.602952	0.880876
195	-5.704529	1.602952	0.875494
196	-4.704529	1.602952	0.875494
197	-4.704529	2.602952	0.875494
198	-2.704529	1.602952	0.875494
199	-1.704529	-0.397048	0.688447
200	-1.704529	2.602952	0.886994
201	-1.704529	3.602952	0.906633
202	-0.704529	-0.397048	0.688447
203	-0.704529	0.602952	0.688447
204	-0.704529	2.602952	0.886994
205	-0.704529	3.602952	0.886994
206	-0.704529	4.602952	0.886994
207	-0.704529	5.602952	0.886994
208	0.295471	-0.397048	0.688447
209	0.295471	0.602952	0.688447
210	0.295471	2.602952	0.886994
211	0.295471	3.602952	0.886994
212	0.295471	4.602952	0.886994
213	1.295471	-0.397048	0.688447
214	1.295471	2.602952	0.886994
215	1.295471	3.602952	0.886994
216	1.295471	4.602952	0.886994
217	2.295471	-0.397048	0.688447
218	2.295471	0.602952	0.688447
219	2.295471	2.602952	0.886994
220	2.295471	3.602952	0.886994
221	2.295471	4.602952	0.886994
222	3.295471	-0.397048	0.688447
223	3.295471	0.602952	0.688447
224	3.295471	1.602952	0.688447
225	3.295471	2.602952	0.886994
226	3.295471	3.602952	0.886994
227	3.295471	4.602952	0.886994
228	4.295471	1.602952	0.688447
229	4.295471	2.602952	0.886994
230	4.295471	3.602952	0.886994
231	5.295471	1.602952	0.688447
232	-19.704529	15.602952	3.991920
233	-8.704529	6.602952	0.875494
234	-7.704529	5.602952	0.880876
235	-7.704529	6.602952	0.880876
236	-6.704529	5.602952	0.880876
237	-6.704529	6.602952	0.880876
238	-6.704529	7.602952	0.880876
239	-6.704529	8.602952	0.876661
240	-5.704529	4.602952	0.880876
241	-5.704529	5.602952	0.880876
242	-5.704529	6.602952	0.880876
243	-5.704529	7.602952	0.880876
244	-4.704529	3.602952	0.880876
245	-4.704529	4.602952	0.880876
246	-4.704529	5.602952	0.880876
247	-4.704529	6.602952	0.880876
248	-3.704529	5.602952	0.880876
249	-3.704529	6.602952	0.880876
250	-19.704529	17.602951	3.991920
251	-18.704529	15.602952	3.991920
252	-18.704529	16.602951	3.991920
253	-18.704529	17.602951	3.991920
254	-18.704529	18.602951	3.991920
255	-17.704529	15.602952	3.991920
256	-17.704529	16.602951	3.991920
257	-17.704529	17.602951	3.991920
258	-17.704529	18.602951	3.991920
259	-16.704529	15.602952	3.991920
260	-16.704529	16.602951	3.991920
261	-16.704529	17.602951	3.991920
262	-16.704529	18.602951	3.991920
