0	-6.669933	-6.308961	1.522722
1	-6.669933	-5.308961	1.522722
2	-6.669933	-4.308961	1.522722
3	-5.669933	-7.308961	1.522722
4	-5.669933	-6.308961	1.522722
5	-5.669933	-5.308961	1.522722
6	-5.669933	-4.308961	1.522722
7	-4.669933	-8.308961	1.522722
8	-4.669933	-7.308961	1.522722
9	-4.669933	-6.308961	1.522722
10	-4.669933	-5.308961	1.522722
11	-4.669933	-4.308961	1.522722
12	-3.669933	-9.308961	1.522722
13	-3.669933	-8.308961	1.522722
14	-3.669933	-7.308961	1.522722
15	-3.669933	-6.308961	1.522722
16	-3.669933	-5.308961	1.522722
17	-3.669933	-4.308961	1.522722
18	-2.669933	-9.308961	1.522722
19	-2.669933	-8.308961	1.522722
20	-2.669933	-7.308961	1.522722
21	-2.669933	-6.308961	1.522722
22	-2.669933	-5.308961	1.522722
23	-2.669933	-4.308961	1.522722
24	-1.669933	-9.308961	1.522722
25	-1.669933	-8.308961	1.522722
26	-1.669933	-7.308961	1.522722
27	-1.669933	-6.308961	1.522722
28	-1.669933	-5.308961	1.522722
29	-1.669933	-4.308961	1.522722
30	-1.669933	2.691039	1.509104
31	-1.669933	3.691039	1.509104
32	-0.669933	-4.308961	1.509935
33	-0.669933	-0.308961	1.497597
34	-0.669933	0.691039	1.497597
35	-0.669933	1.691039	1.509104
36	-0.669933	2.691039	1.509104
37	-0.669933	3.691039	1.509104
38	0.330067	-11.308961	1.510981
39	0.330067	-10.308961	1.510981
40	0.330067	-9.308961	1.510406
41	0.330067	-8.308961	1.510406
42	0.330067	-7.308961	1.510406
43	0.330067	-6.308961	1.510406
44	0.330067	-4.308961	1.509935
45	0.330067	-2.308961	1.497597
46	0.330067	-1.308961	1.497597
47	0.330067	-0.308961	1.497597
48	0.330067	0.691039	1.497597
49	0.330067	1.691039	1.497597
50	1.330067	-11.308961	1.510981
51	1.330067	-10.308961	1.510981
52	1.330067	-9.308961	1.510406
53	1.330067	-8.308961	1.510406
54	1.330067	-7.308961	1.510406
55	1.330067	-6.308961	1.510406
56	1.330067	-4.308961	1.509935
57	1.330067	-2.308961	1.497597
58	1.330067	-1.308961	1.497597
59	1.330067	-0.308961	1.497597
60	1.330067	0.691039	1.497597
61	1.330067	1.691039	1.497597
62	1.330067	3.691039	1.509552
63	1.330067	4.691039	1.509552
64	1.330067	5.691039	1.509552
65	2.330067	-11.308961	1.510981
66	2.330067	-10.308961	1.510981
67	2.330067	-9.308961	1.510406
68	2.330067	-8.308961	1.510406
69	2.330067	-7.308961	1.510406
70	2.330067	-6.308961	1.510406
71	2.330067	-5.308961	1.509935
72	2.330067	-4.308961	1.509935
73	2.330067	-2.308961	1.497597
74	2.330067	-1.308961	1.497597
75	2.330067	-0.308961	1.497597
76	2.330067	0.691039	1.497597
77	2.330067	1.691039	1.497597
78	2.330067	3.691039	1.509552
79	2.330067	4.691039	1.509552
80	2.330067	5.691039	1.509552
81	2.330067	6.691039	1.509552
82	3.330067	-11.308961	1.510981
83	3.330067	-10.308961	1.510981
84	3.330067	-8.308961	1.499819
85	3.330067	-7.308961	1.499819
86	3.330067	-4.308961	1.509935
87	3.330067	-2.308961	1.497597
88	3.330067	-1.308961	1.497597
89	3.330067	-0.308961	1.497597
90	3.330067	0.691039	1.497597
91	3.330067	1.691039	1.497597
92	3.330067	3.691039	1.509552
93	3.330067	4.691039	1.509552
94	3.330067	5.691039	1.509552
95	3.330067	7.691039	1.499075
96	4.330067	-11.308961	1.510981
97	4.330067	-10.308961	1.510981
98	4.330067	-9.308961	1.499819
99	4.330067	-8.308961	1.499819
100	4.330067	-7.308961	1.499819
101	4.330067	-4.308961	1.509935
102	4.330067	-2.308961	1.497597
103	4.330067	-1.308961	1.497597
104	4.330067	-0.308961	1.497597
105	4.330067	0.691039	1.497597
106	4.330067	1.691039	1.497597
107	4.330067	3.691039	1.509552
108	4.330067	4.691039	1.509552
109	4.330067	5.691039	1.509552
110	4.330067	6.691039	1.509552
111	4.330067	7.691039	1.499075
112	5.330067	-11.308961	1.519859
113	5.330067	-10.308961	1.519859
114	5.330067	-8.308961	1.519859
115	5.330067	-7.308961	1.519859
116	5.330067	-6.308961	1.519859
117	5.330067	-4.308961	1.509935
118	5.330067	-2.308961	1.497597
119	5.330067	-1.308961	1.497597
120	5.330067	-0.308961	1.497597
121	5.330067	0.691039	1.497597
122	5.330067	1.691039	1.497597
123	5.330067	3.691039	1.509552
124	5.330067	4.691039	1.509552
125	5.330067	5.691039	1.509552
126	6.330067	-11.308961	1.519859
127	6.330067	-10.308961	1.519859
128	6.330067	-9.308961	1.519859
129	6.330067	-8.308961	1.519859
130	6.330067	-7.308961	1.519859
131	6.330067	-6.308961	1.519859
132	6.330067	-5.308961	1.519859
133	6.330067	-4.308961	1.519859
134	6.330067	-2.308961	1.497597
135	6.330067	-1.308961	1.497597
136	6.330067	-0.308961	1.497597
137	6.330067	0.691039	1.497597
138	6.330067	1.691039	1.497597
139	6.330067	3.691039	1.493336
140	6.330067	5.691039	1.501878
141	6.330067	6.691039	1.501878
142	7.330067	-11.308961	1.519859
143	7.330067	-10.308961	1.519859
144	7.330067	-9.308961	1.519859
145	7.330067	-8.308961	1.519859
146	7.330067	-7.308961	1.519859
147	7.330067	-6.308961	1.519859
148	7.330067	-5.308961	1.519859
149	7.330067	-4.308961	1.519859
150	7.330067	-2.308961	1.497597
151	7.330067	-1.308961	1.497597
152	7.330067	-0.308961	1.497597
153	7.330067	0.691039	1.497597
154	7.330067	1.691039	1.497597
155	7.330067	3.691039	1.493336
156	7.330067	5.691039	1.501878
157	7.330067	6.691039	1.501878
158	7.330067	8.691039	1.488931
159	7.330067	9.691039	1.480811
160	7.330067	10.691039	1.480811
161	7.330067	11.691039	1.480811
162	8.330067	-11.308961	1.519859
163	8.330067	-10.308961	1.519859
164	8.330067	-9.308961	1.519859
165	8.330067	-8.308961	1.519859
166	8.330067	-7.308961	1.519859
167	8.330067	-6.308961	1.519859
168	8.330067	-5.308961	1.519859
169	8.330067	-4.308961	1.519859
170	8.330067	-2.308961	1.497597
171	8.330067	-1.308961	1.497597
172	8.330067	-0.308961	1.497597
173	8.330067	0.691039	1.497597
174	8.330067	1.691039	1.497597
175	8.330067	3.691039	1.493336
176	8.330067	5.691039	1.501878
177	8.330067	6.691039	1.501878
178	8.330067	8.691039	1.488931
179	8.330067	10.691039	1.480811
180	8.330067	11.691039	1.480811
181	8.330067	12.691039	1.480811
182	9.330067	-11.308961	1.519859
183	9.330067	-10.308961	1.519859
184	9.330067	-9.308961	1.519859
185	9.330067	-8.308961	1.519859
186	9.330067	-7.308961	1.519859
187	9.330067	-6.308961	1.519859
188	9.330067	-5.308961	1.519859
189	9.330067	-4.308961	1.519859
190	9.330067	-3.308961	1.519859
191	9.330067	-2.308961	1.491671
192	9.330067	-1.308961	1.491671
193	9.330067	-0.308961	1.491671
194	9.330067	0.691039	1.491671
195	9.330067	1.691039	1.491671
196	9.330067	2.691039	1.491671
197	9.330067	3.691039	1.493336
198	9.330067	6.691039	1.501878
199	9.330067	7.691039	1.480811
200	9.330067	8.691039	1.480811
201	9.330067	9.691039	1.480811
202	9.330067	10.691039	1.480811
203	9.330067	11.691039	1.480811
204	9.330067	12.691039	1.480811
205	10.330067	-11.308961	1.519859
206	10.330067	-10.308961	1.519859
207	10.330067	-9.308961	1.519859
208	10.330067	-8.308961	1.519859
209	10.330067	-7.308961	1.519859
210	10.330067	-6.308961	1.519859
211	10.330067	-5.308961	1.519859
212	10.330067	-4.308961	1.519859
213	10.330067	-3.308961	1.519859
214	10.330067	-2.308961	1.491671
215	10.330067	-1.308961	1.491671
216	10.330067	-0.308961	1.491671
217	10.330067	0.691039	1.491671
218	10.330067	1.691039	1.491671
219	10.330067	3.691039	1.493336
220	10.330067	6.691039	1.501878
221	10.330067	7.691039	1.480811
222	10.330067	8.691039	1.480811
223	10.330067	9.691039	1.480811
224	10.330067	10.691039	1.480811
225	10.330067	11.691039	1.480811
226	10.330067	12.691039	1.480811
227	11.330067	-11.308961	1.519859
228	11.330067	-10.308961	1.519859
229	11.330067	-9.308961	1.519859
230	11.330067	-8.308961	1.519859
231	11.330067	-7.308961	1.519859
232	11.330067	-6.308961	1.519859
233	11.330067	-5.308961	1.519859
234	11.330067	-4.308961	1.519859
235	11.330067	-3.308961	1.519859
236	11.330067	-2.308961	1.491671
237	11.330067	-1.308961	1.491671
238	11.330067	-0.308961	1.491671
239	11.330067	0.691039	1.491671
240	11.330067	1.691039	1.491671
241	11.330067	3.691039	1.493336
242	11.330067	4.691039	1.493336
243	11.330067	5.691039	1.493336
244	11.330067	6.691039	1.493336
245	11.330067	7.691039	1.480811
246	11.330067	8.691039	1.480811
247	11.330067	9.691039	1.480811
248	11.330067	10.691039	1.480811
249	12.330067	-11.308961	1.519859
250	12.330067	-10.308961	1.519859
251	12.330067	-9.308961	1.519859
252	12.330067	-8.308961	1.519859
253	12.330067	-7.308961	1.519859
254	12.330067	-6.308961	1.519859
255	12.330067	-5.308961	1.519859
256	12.330067	-4.308961	1.519859
257	12.330067	-3.308961	1.519859
258	12.330067	-2.308961	1.491671
259	12.330067	-1.308961	1.491671
260	12.330067	-0.308961	1.491671
261	12.330067	0.691039	1.491671
262	12.330067	1.691039	1.491671
263	12.330067	6.691039	1.493336
264	12.330067	13.691039	1.510369
265	12.330067	14.691039	1.510369
266	13.330067	-11.308961	1.519859
267	13.330067	-10.308961	1.519859
268	13.330067	-9.308961	1.519859
269	13.330067	-8.308961	1.519859
270	13.330067	-7.308961	1.519859
271	13.330067	-6.308961	1.519859
272	13.330067	-5.308961	1.519859
273	13.330067	-4.308961	1.519859
274	13.330067	-3.308961	1.519859
275	13.330067	-2.308961	1.491671
276	13.330067	-1.308961	1.491671
277	13.330067	-0.308961	1.491671
278	13.330067	0.691039	1.491671
279	13.330067	1.691039	1.491671
280	13.330067	5.691039	1.493336
281	13.330067	6.691039	1.493336
282	13.330067	7.691039	1.510369
283	13.330067	8.691039	1.510369
284	13.330067	9.691039	1.510369
285	13.330067	10.691039	1.510369
286	13.330067	11.691039	1.510369
287	13.330067	12.691039	1.510369
288	13.330067	13.691039	1.510369
289	13.330067	14.691039	1.510369
290	14.330067	-11.308961	1.508085
291	14.330067	-10.308961	1.508085
292	14.330067	-9.308961	1.508085
293	14.330067	-8.308961	1.497660
294	14.330067	-7.308961	1.497660
295	14.330067	-6.308961	1.497660
296	14.330067	-5.308961	1.497660
297	14.330067	-4.308961	1.497660
298	14.330067	-3.308961	1.497660
299	14.330067	-2.308961	1.491671
300	14.330067	-1.308961	1.491671
301	14.330067	-0.308961	1.491671
302	14.330067	0.691039	1.491671
303	14.330067	1.691039	1.491671
304	14.330067	3.691039	1.493336
305	14.330067	4.691039	1.493336
306	14.330067	6.691039	1.493336
307	14.330067	7.691039	1.510369
308	14.330067	8.691039	1.510369
309	14.330067	9.691039	1.510369
310	14.330067	10.691039	1.510369
311	14.330067	11.691039	1.510369
312	14.330067	12.691039	1.510369
313	14.330067	13.691039	1.510369
314	14.330067	14.691039	1.510369
315	14.330067	15.691039	1.510369
316	15.330067	-11.308961	1.508085
317	15.330067	-10.308961	1.508085
318	15.330067	-9.308961	1.508085
319	15.330067	-8.308961	1.497660
320	15.330067	-7.308961	1.497660
321	15.330067	-6.308961	1.497660
322	15.330067	-5.308961	1.497660
323	15.330067	-4.308961	1.497660
324	15.330067	-3.308961	1.497660
325	15.330067	-2.308961	1.491671
326	15.330067	-1.308961	1.491671
327	15.330067	-0.308961	1.491671
328	15.330067	0.691039	1.491671
329	15.330067	1.691039	1.491671
330	15.330067	2.691039	1.491671
331	15.330067	3.691039	1.493336
332	15.330067	4.691039	1.493336
333	15.330067	6.691039	1.493336
334	15.330067	7.691039	1.510369
335	15.330067	8.691039	1.510369
336	15.330067	9.691039	1.510369
337	15.330067	10.691039	1.510369
338	15.330067	11.691039	1.510369
339	15.330067	12.691039	1.510369
340	15.330067	13.691039	1.510369
341	15.330067	14.691039	1.510369
342	15.330067	15.691039	1.510369
343	16.330067	-11.308961	1.508085
344	16.330067	-10.308961	1.508085
345	16.330067	-9.308961	1.508085
346	16.330067	-8.308961	1.497660
347	16.330067	-7.308961	1.497660
348	16.330067	-6.308961	1.497660
349	16.330067	-5.308961	1.497660
350	16.330067	-4.308961	1.497660
351	16.330067	-3.308961	1.497660
352	16.330067	-2.308961	1.491671
353	16.330067	-1.308961	1.491671
354	16.330067	-0.308961	1.491671
355	16.330067	0.691039	1.491671
356	16.330067	1.691039	1.491671
357	16.330067	2.691039	1.491671
358	16.330067	3.691039	1.493336
359	16.330067	4.691039	1.493336
360	16.330067	6.691039	1.493336
361	16.330067	7.691039	1.510369
362	16.330067	8.691039	1.510369
363	16.330067	9.691039	1.510369
364	16.330067	10.691039	1.510369
365	16.330067	11.691039	1.510369
366	16.330067	12.691039	1.510369
367	16.330067	13.691039	1.510369
368	16.330067	14.691039	1.510369
369	16.330067	15.691039	1.510369
370	17.330067	-11.308961	1.508085
371	17.330067	-10.308961	1.508085
372	17.330067	-9.308961	1.508085
373	17.330067	-8.308961	1.497660
374	17.330067	-7.308961	1.497660
375	17.330067	-6.308961	1.497660
376	17.330067	-5.308961	1.497660
377	17.330067	-4.308961	1.497660
378	17.330067	-3.308961	1.497660
379	17.330067	-2.308961	1.491671
380	17.330067	-1.308961	1.491671
381	17.330067	-0.308961	1.491671
382	17.330067	0.691039	1.491671
383	17.330067	1.691039	1.491671
384	17.330067	2.691039	1.491671
385	17.330067	3.691039	1.491671
386	17.330067	4.691039	1.493336
387	17.330067	6.691039	1.493336
388	17.330067	7.691039	1.510369
389	17.330067	8.691039	1.510369
390	17.330067	13.691039	1.510369
391	17.330067	14.691039	1.510369
392	17.330067	15.691039	1.510369
393	17.330067	16.691040	1.510369
394	18.330067	-11.308961	1.508085
395	18.330067	-10.308961	1.508085
396	18.330067	-9.308961	1.508085
397	18.330067	-8.308961	1.497660
398	18.330067	-7.308961	1.497660
399	18.330067	-6.308961	1.497660
400	18.330067	-5.308961	1.497660
401	18.330067	-4.308961	1.497660
402	18.330067	-3.308961	1.497660
403	18.330067	-2.308961	1.484560
404	18.330067	-1.308961	1.484560
405	18.330067	-0.308961	1.484560
406	18.330067	0.691039	1.484560
407	18.330067	1.691039	1.484560
408	18.330067	2.691039	1.484560
409	18.330067	3.691039	1.484560
410	18.330067	4.691039	1.484560
411	18.330067	5.691039	1.484560
412	18.330067	6.691039	1.484560
413	18.330067	7.691039	1.484560
414	19.330067	-11.308961	1.508085
415	19.330067	-10.308961	1.508085
416	19.330067	-9.308961	1.508085
417	19.330067	-8.308961	1.497660
418	19.330067	-7.308961	1.497660
419	19.330067	-6.308961	1.497660
420	19.330067	-5.308961	1.497660
421	19.330067	-4.308961	1.497660
422	19.330067	-3.308961	1.497660
423	19.330067	-2.308961	1.484560
424	19.330067	-1.308961	1.484560
425	19.330067	-0.308961	1.484560
426	19.330067	0.691039	1.484560
427	19.330067	1.691039	1.484560
428	19.330067	2.691039	1.484560
429	19.330067	3.691039	1.484560
430	19.330067	4.691039	1.484560
431	19.330067	5.691039	1.484560
432	19.330067	6.691039	1.484560
433	19.330067	7.691039	1.484560
434	20.330067	-10.308961	1.508085
435	20.330067	-9.308961	1.508085
436	20.330067	-8.308961	1.497660
437	20.330067	-7.308961	1.497660
438	20.330067	-6.308961	1.497660
439	20.330067	-5.308961	1.497660
440	20.330067	-4.308961	1.497660
441	20.330067	-3.308961	1.497660
442	20.330067	-2.308961	1.484560
443	20.330067	-1.308961	1.484560
444	20.330067	-0.308961	1.484560
445	20.330067	0.691039	1.484560
446	20.330067	1.691039	1.484560
447	20.330067	2.691039	1.484560
448	20.330067	3.691039	1.484560
449	20.330067	4.691039	1.484560
450	20.330067	5.691039	1.484560
451	20.330067	6.691039	1.484560
452	20.330067	7.691039	1.484560
453	21.330067	-11.308961	1.510907
454	21.330067	-10.308961	1.510907
455	21.330067	-9.308961	1.510907
456	21.330067	-8.308961	1.510907
457	21.330067	-7.308961	1.510907
458	21.330067	-6.308961	1.510907
459	21.330067	-5.308961	1.510907
460	21.330067	-4.308961	1.510907
461	21.330067	-3.308961	1.510907
462	21.330067	-2.308961	1.484560
463	21.330067	-1.308961	1.484560
464	21.330067	-0.308961	1.484560
465	21.330067	0.691039	1.484560
466	21.330067	1.691039	1.484560
467	21.330067	2.691039	1.484560
468	21.330067	3.691039	1.484560
469	21.330067	4.691039	1.484560
470	21.330067	5.691039	1.484560
471	21.330067	6.691039	1.484560
472	21.330067	7.691039	1.484560
473	21.330067	8.691039	1.499707
474	21.330067	9.691039	1.499707
475	21.330067	10.691039	1.499707
476	21.330067	11.691039	1.499707
477	21.330067	12.691039	1.499707
478	21.330067	13.691039	1.499707
479	21.330067	14.691039	1.499707
480	21.330067	15.691039	1.499707
481	21.330067	16.691040	1.499707
482	21.330067	17.691040	1.499707
483	22.330067	-11.308961	1.510907
484	22.330067	-10.308961	1.510907
485	22.330067	-9.308961	1.510907
486	22.330067	-8.308961	1.510907
487	22.330067	-7.308961	1.510907
488	22.330067	-6.308961	1.510907
489	22.330067	-5.308961	1.510907
490	22.330067	-4.308961	1.510907
491	22.330067	-3.308961	1.510907
492	22.330067	-2.308961	1.484560
493	22.330067	-1.308961	1.484560
494	22.330067	-0.308961	1.484560
495	22.330067	0.691039	1.484560
496	22.330067	1.691039	1.484560
497	22.330067	2.691039	1.484560
498	22.330067	3.691039	1.484560
499	22.330067	4.691039	1.484560
500	22.330067	5.691039	1.484560
501	22.330067	6.691039	1.484560
502	22.330067	7.691039	1.484560
503	22.330067	8.691039	1.499707
504	22.330067	9.691039	1.499707
505	22.330067	10.691039	1.499707
506	22.330067	11.691039	1.499707
507	22.330067	12.691039	1.499707
508	22.330067	13.691039	1.499707
509	22.330067	14.691039	1.499707
510	22.330067	15.691039	1.499707
511	22.330067	16.691040	1.499707
512	22.330067	17.691040	1.499707
513	23.330067	-11.308961	1.510907
514	23.330067	-10.308961	1.510907
515	23.330067	-9.308961	1.510907
516	23.330067	-8.308961	1.510907
517	23.330067	-7.308961	1.510907
518	23.330067	-6.308961	1.510907
519	23.330067	-5.308961	1.510907
520	23.330067	-4.308961	1.510907
521	23.330067	-3.308961	1.510907
522	23.330067	-2.308961	1.484560
523	23.330067	-1.308961	1.484560
524	23.330067	-0.308961	1.484560
525	23.330067	0.691039	1.484560
526	23.330067	1.691039	1.484560
527	23.330067	2.691039	1.484560
528	23.330067	3.691039	1.484560
529	23.330067	4.691039	1.484560
530	23.330067	5.691039	1.484560
531	23.330067	6.691039	1.484560
532	23.330067	7.691039	1.484560
533	23.330067	8.691039	1.499707
534	23.330067	9.691039	1.499707
535	23.330067	10.691039	1.499707
536	23.330067	11.691039	1.499707
537	23.330067	12.691039	1.499707
538	23.330067	13.691039	1.499707
539	23.330067	14.691039	1.499707
540	23.330067	15.691039	1.499707
541	23.330067	16.691040	1.499707
542	23.330067	17.691040	1.499707
543	24.330067	-10.308961	1.510907
544	24.330067	-9.308961	1.510907
545	24.330067	-8.308961	1.510907
546	24.330067	-7.308961	1.510907
547	24.330067	-6.308961	1.510907
548	24.330067	-5.308961	1.510907
549	24.330067	-4.308961	1.510907
550	24.330067	-3.308961	1.510907
551	24.330067	-2.308961	1.484560
552	24.330067	-1.308961	1.484560
553	24.330067	-0.308961	1.484560
554	24.330067	0.691039	1.484560
555	24.330067	1.691039	1.484560
556	24.330067	2.691039	1.484560
557	24.330067	3.691039	1.484560
558	24.330067	4.691039	1.484560
559	24.330067	5.691039	1.484560
560	24.330067	6.691039	1.484560
561	24.330067	7.691039	1.484560
562	24.330067	8.691039	1.499707
563	24.330067	9.691039	1.499707
564	24.330067	10.691039	1.499707
565	24.330067	11.691039	1.499707
566	24.330067	12.691039	1.499707
567	24.330067	13.691039	1.499707
568	24.330067	14.691039	1.499707
569	24.330067	15.691039	1.499707
570	24.330067	16.691040	1.499707
571	25.330067	-9.308961	1.510907
572	25.330067	-8.308961	1.510907
573	25.330067	-7.308961	1.510907
574	25.330067	-6.308961	1.510907
575	25.330067	-5.308961	1.510907
576	25.330067	-4.308961	1.510907
577	25.330067	-3.308961	1.510907
578	25.330067	-2.308961	1.484560
579	25.330067	-1.308961	1.484560
580	25.330067	-0.308961	1.484560
581	25.330067	0.691039	1.484560
582	25.330067	1.691039	1.484560
583	25.330067	2.691039	1.484560
584	25.330067	3.691039	1.484560
585	25.330067	4.691039	1.484560
586	25.330067	5.691039	1.484560
587	25.330067	6.691039	1.484560
588	25.330067	7.691039	1.484560
589	25.330067	8.691039	1.499707
590	25.330067	9.691039	1.499707
591	25.330067	10.691039	1.499707
592	25.330067	11.691039	1.499707
593	25.330067	12.691039	1.499707
594	25.330067	13.691039	1.499707
595	25.330067	14.691039	1.499707
596	25.330067	15.691039	1.499707
597	25.330067	16.691040	1.499707
598	26.330067	-8.308961	1.510907
599	26.330067	-7.308961	1.510907
600	26.330067	-6.308961	1.510907
601	26.330067	-5.308961	1.510907
602	26.330067	-4.308961	1.510907
603	26.330067	-3.308961	1.510907
604	26.330067	-2.308961	1.484560
605	26.330067	-1.308961	1.484560
606	26.330067	-0.308961	1.484560
607	26.330067	0.691039	1.484560
608	26.330067	1.691039	1.484560
609	26.330067	2.691039	1.484560
610	26.330067	3.691039	1.484560
611	26.330067	4.691039	1.484560
612	26.330067	5.691039	1.484560
613	26.330067	6.691039	1.484560
614	26.330067	7.691039	1.499707
615	26.330067	8.691039	1.499707
616	26.330067	9.691039	1.499707
617	26.330067	10.691039	1.499707
618	26.330067	11.691039	1.499707
619	26.330067	12.691039	1.499707
620	26.330067	13.691039	1.499707
621	26.330067	14.691039	1.499707
622	26.330067	15.691039	1.499707
623	26.330067	16.691040	1.499707
624	27.330067	-7.308961	1.510907
625	27.330067	-6.308961	1.510907
626	27.330067	-5.308961	1.510907
627	27.330067	-4.308961	1.510907
628	27.330067	-3.308961	1.510907
629	27.330067	-2.308961	1.484560
630	27.330067	-1.308961	1.484560
631	27.330067	-0.308961	1.484560
632	27.330067	0.691039	1.484560
633	27.330067	1.691039	1.484560
634	27.330067	2.691039	1.484560
635	27.330067	3.691039	1.484560
636	27.330067	4.691039	1.484560
637	27.330067	5.691039	1.484560
638	27.330067	6.691039	1.499707
639	27.330067	7.691039	1.499707
640	27.330067	8.691039	1.499707
641	27.330067	9.691039	1.499707
642	27.330067	10.691039	1.499707
643	27.330067	11.691039	1.499707
644	27.330067	12.691039	1.499707
645	27.330067	13.691039	1.499707
646	27.330067	14.691039	1.499707
647	27.330067	15.691039	1.499707
648	28.330067	-6.308961	1.510907
649	28.330067	-5.308961	1.510907
650	28.330067	-4.308961	1.510907
651	28.330067	-3.308961	1.510907
652	28.330067	-2.308961	1.484560
653	28.330067	-1.308961	1.484560
654	28.330067	-0.308961	1.484560
655	28.330067	0.691039	1.484560
656	28.330067	1.691039	1.484560
657	28.330067	2.691039	1.484560
658	28.330067	3.691039	1.484560
659	28.330067	4.691039	1.484560
660	28.330067	5.691039	1.499707
661	28.330067	6.691039	1.499707
662	28.330067	7.691039	1.499707
663	28.330067	8.691039	1.499707
664	28.330067	9.691039	1.499707
665	28.330067	10.691039	1.499707
666	28.330067	11.691039	1.499707
667	28.330067	12.691039	1.499707
668	28.330067	13.691039	1.499707
669	28.330067	14.691039	1.499707
670	28.330067	15.691039	1.499707
671	29.330067	-4.308961	1.506994
672	29.330067	-3.308961	1.506994
673	29.330067	-2.308961	1.484560
674	29.330067	-1.308961	1.484560
675	29.330067	-0.308961	1.484560
676	29.330067	0.691039	1.484560
677	29.330067	1.691039	1.484560
678	29.330067	2.691039	1.484560
679	29.330067	3.691039	1.484560
680	29.330067	4.691039	1.499707
681	29.330067	5.691039	1.499707
682	29.330067	6.691039	1.499707
683	29.330067	7.691039	1.499707
684	29.330067	8.691039	1.499707
685	29.330067	9.691039	1.499707
686	29.330067	10.691039	1.499707
687	29.330067	11.691039	1.499707
688	29.330067	12.691039	1.499707
689	29.330067	13.691039	1.499707
690	29.330067	14.691039	1.499707
691	30.330067	-5.308961	1.506994
692	30.330067	-4.308961	1.506994
693	30.330067	-3.308961	1.506994
694	30.330067	-2.308961	1.484560
695	30.330067	-1.308961	1.484560
696	30.330067	-0.308961	1.484560
697	30.330067	0.691039	1.484560
698	30.330067	1.691039	1.484560
699	30.330067	2.691039	1.484560
700	30.330067	3.691039	1.484560
701	30.330067	4.691039	1.499707
702	30.330067	5.691039	1.499707
703	30.330067	6.691039	1.499707
704	30.330067	7.691039	1.499707
705	30.330067	8.691039	1.499707
706	30.330067	9.691039	1.499707
707	30.330067	10.691039	1.499707
708	30.330067	11.691039	1.499707
709	30.330067	12.691039	1.499707
710	30.330067	13.691039	1.499707
711	30.330067	14.691039	1.499707
712	31.330067	-2.308961	1.484560
713	31.330067	-1.308961	1.484560
714	31.330067	-0.308961	1.484560
715	31.330067	0.691039	1.484560
716	31.330067	1.691039	1.484560
717	31.330067	2.691039	1.484560
718	31.330067	3.691039	1.484560
719	31.330067	4.691039	1.499707
720	31.330067	5.691039	1.499707
721	31.330067	6.691039	1.499707
722	31.330067	7.691039	1.499707
723	31.330067	8.691039	1.499707
724	31.330067	9.691039	1.499707
725	31.330067	10.691039	1.499707
726	31.330067	11.691039	1.499707
727	31.330067	12.691039	1.499707
728	31.330067	13.691039	1.499707
729	31.330067	14.691039	1.499707
730	32.330067	-2.308961	1.484560
731	32.330067	-1.308961	1.484560
732	32.330067	-0.308961	1.484560
733	32.330067	0.691039	1.484560
734	32.330067	1.691039	1.484560
735	32.330067	2.691039	1.484560
736	32.330067	3.691039	1.484560
737	32.330067	4.691039	1.499707
738	32.330067	5.691039	1.499707
739	32.330067	6.691039	1.499707
740	32.330067	7.691039	1.499707
741	32.330067	8.691039	1.499707
742	32.330067	9.691039	1.499707
743	32.330067	10.691039	1.499707
744	32.330067	11.691039	1.499707
745	32.330067	12.691039	1.499707
746	32.330067	13.691039	1.499707
747	33.330067	-2.308961	1.484560
748	33.330067	-1.308961	1.484560
749	33.330067	-0.308961	1.484560
750	33.330067	0.691039	1.484560
751	33.330067	1.691039	1.484560
752	33.330067	2.691039	1.484560
753	33.330067	3.691039	1.484560
754	33.330067	4.691039	1.499707
755	33.330067	5.691039	1.499707
756	33.330067	6.691039	1.499707
757	33.330067	7.691039	1.499707
758	33.330067	8.691039	1.499707
759	33.330067	9.691039	1.499707
760	33.330067	10.691039	1.499707
761	33.330067	11.691039	1.499707
762	33.330067	12.691039	1.499707
763	33.330067	13.691039	1.499707
764	34.330067	-1.308961	1.484560
765	34.330067	-0.308961	1.484560
766	34.330067	0.691039	1.484560
767	34.330067	1.691039	1.484560
768	34.330067	2.691039	1.484560
769	34.330067	3.691039	1.484560
770	34.330067	4.691039	1.499707
771	34.330067	5.691039	1.499707
772	34.330067	6.691039	1.499707
773	34.330067	7.691039	1.499707
774	34.330067	8.691039	1.499707
775	34.330067	9.691039	1.499707
776	34.330067	10.691039	1.499707
777	34.330067	11.691039	1.499707
778	34.330067	12.691039	1.499707
779	34.330067	13.691039	1.499707
780	35.330067	-0.308961	1.484560
781	35.330067	0.691039	1.484560
782	35.330067	1.691039	1.484560
783	35.330067	2.691039	1.484560
784	35.330067	3.691039	1.484560
785	35.330067	4.691039	1.499707
786	35.330067	5.691039	1.499707
787	35.330067	6.691039	1.499707
788	35.330067	7.691039	1.499707
789	35.330067	8.691039	1.499707
790	35.330067	9.691039	1.499707
791	35.330067	10.691039	1.499707
792	35.330067	11.691039	1.499707
793	35.330067	12.691039	1.499707
794	36.330067	-0.308961	1.484560
795	36.330067	0.691039	1.484560
796	36.330067	1.691039	1.484560
797	36.330067	2.691039	1.484560
798	36.330067	3.691039	1.484560
799	36.330067	4.691039	1.499707
800	36.330067	5.691039	1.499707
801	36.330067	6.691039	1.499707
802	36.330067	7.691039	1.499707
803	36.330067	8.691039	1.499707
804	36.330067	9.691039	1.499707
805	36.330067	10.691039	1.499707
806	36.330067	11.691039	1.499707
807	36.330067	12.691039	1.499707
808	37.330067	-0.308961	1.484560
809	37.330067	0.691039	1.484560
810	37.330067	1.691039	1.484560
811	37.330067	2.691039	1.484560
812	37.330067	3.691039	1.484560
813	37.330067	4.691039	1.499707
814	37.330067	5.691039	1.499707
815	37.330067	6.691039	1.499707
816	37.330067	7.691039	1.499707
817	37.330067	8.691039	1.499707
818	37.330067	9.691039	1.499707
819	37.330067	10.691039	1.499707
820	37.330067	11.691039	1.499707
821	38.330067	-0.308961	1.484560
822	38.330067	0.691039	1.484560
823	38.330067	1.691039	1.484560
824	38.330067	2.691039	1.484560
825	38.330067	3.691039	1.484560
826	38.330067	4.691039	1.499707
827	38.330067	5.691039	1.499707
828	38.330067	6.691039	1.499707
829	38.330067	7.691039	1.499707
830	38.330067	8.691039	1.499707
831	38.330067	9.691039	1.499707
832	38.330067	10.691039	1.499707
833	38.330067	11.691039	1.499707
834	39.330067	-0.308961	1.484560
835	39.330067	0.691039	1.484560
836	39.330067	1.691039	1.484560
837	39.330067	2.691039	1.484560
838	39.330067	3.691039	1.484560
839	39.330067	4.691039	1.499707
840	39.330067	5.691039	1.499707
841	39.330067	6.691039	1.499707
842	39.330067	7.691039	1.499707
843	39.330067	8.691039	1.499707
844	39.330067	9.691039	1.499707
845	39.330067	10.691039	1.499707
846	39.330067	11.691039	1.499707
847	40.330067	-0.308961	1.484560
848	40.330067	0.691039	1.484560
849	40.330067	1.691039	1.484560
850	40.330067	2.691039	1.484560
851	40.330067	3.691039	1.484560
852	40.330067	4.691039	1.499707
853	40.330067	5.691039	1.499707
854	40.330067	6.691039	1.499707
855	40.330067	7.691039	1.499707
856	40.330067	8.691039	1.499707
857	40.330067	9.691039	1.499707
858	40.330067	10.691039	1.499707
859	41.330067	-0.308961	1.484560
860	41.330067	0.691039	1.484560
861	41.330067	1.691039	1.484560
862	41.330067	2.691039	1.484560
863	41.330067	3.691039	1.484560
864	41.330067	4.691039	1.499707
865	41.330067	5.691039	1.499707
866	41.330067	6.691039	1.499707
867	41.330067	7.691039	1.499707
868	41.330067	8.691039	1.499707
869	41.330067	9.691039	1.499707
870	42.330067	-0.308961	1.484560
871	42.330067	0.691039	1.484560
872	42.330067	1.691039	1.484560
873	42.330067	2.691039	1.484560
874	42.330067	3.691039	1.484560
875	42.330067	4.691039	1.499707
876	42.330067	5.691039	1.499707
877	42.330067	6.691039	1.499707
878	42.330067	7.691039	1.499707
879	43.330067	1.691039	1.484560
880	43.330067	2.691039	1.484560
881	43.330067	3.691039	1.484560
882	43.330067	4.691039	1.484560
883	43.330067	5.691039	1.484560
884	14.330067	12.691039	-2.846810
885	14.330067	13.691039	-2.846810
886	14.330067	14.691039	-2.846810
887	14.330067	15.691039	-2.846810
888	15.330067	12.691039	-2.846810
889	15.330067	13.691039	-2.846810
890	15.330067	14.691039	-2.846810
891	15.330067	15.691039	-2.846810
892	16.330067	12.691039	-2.846810
893	16.330067	13.691039	-2.846810
894	16.330067	14.691039	-2.846810
895	16.330067	15.691039	-2.846810
896	17.330067	12.691039	-2.846810
897	17.330067	13.691039	-2.846810
898	17.330067	14.691039	-2.846810
899	17.330067	15.691039	-2.846810
900	18.330067	8.691039	-2.837660
901	18.330067	9.691039	-2.837660
902	18.330067	10.691039	-2.837660
903	18.330067	11.691039	-2.837660
904	18.330067	12.691039	-2.837660
905	18.330067	13.691039	-2.837660
906	18.330067	15.691039	-2.837660
907	18.330067	16.691040	-2.837660
908	18.330067	17.691040	-2.837660
909	19.330067	8.691039	-2.837660
910	19.330067	9.691039	-2.837660
911	19.330067	10.691039	-2.837660
912	19.330067	11.691039	-2.837660
913	19.330067	12.691039	-2.837660
914	19.330067	13.691039	-2.837660
915	19.330067	15.691039	-2.837660
916	19.330067	16.691040	-2.837660
917	19.330067	17.691040	-2.837660
918	20.330067	8.691039	-2.837660
919	20.330067	9.691039	-2.837660
920	20.330067	10.691039	-2.837660
921	20.330067	11.691039	-2.837660
922	20.330067	13.691039	-2.837660
923	20.330067	14.691039	-2.837660
924	20.330067	15.691039	-2.837660
925	20.330067	16.691040	-2.837660
926	20.330067	17.691040	-2.837660
927	21.330067	16.691040	-2.838580
928	22.330067	12.691039	-2.826690
929	22.330067	13.691039	-2.826690
930	22.330067	14.691039	-2.826690
931	22.330067	16.691040	-2.838580
932	22.330067	17.691040	-2.838580
933	23.330067	12.691039	-2.826690
934	23.330067	13.691039	-2.826690
935	23.330067	14.691039	-2.826690
936	23.330067	15.691039	-2.838580
937	23.330067	16.691040	-2.838580
938	23.330067	17.691040	-2.838580
939	24.330067	12.691039	-2.838580
940	24.330067	13.691039	-2.838580
941	24.330067	14.691039	-2.838580
942	24.330067	15.691039	-2.838580
943	24.330067	16.691040	-2.838580
944	24.330067	17.691040	-2.838580
945	25.330067	12.691039	-2.838580
946	25.330067	13.691039	-2.838580
947	25.330067	14.691039	-2.838580
948	25.330067	15.691039	-2.838580
949	25.330067	16.691040	-2.838580
950	25.330067	17.691040	-2.838580
951	26.330067	12.691039	-2.838580
952	26.330067	13.691039	-2.838580
953	26.330067	14.691039	-2.838580
954	26.330067	15.691039	-2.838580
955	26.330067	16.691040	-2.838580
956	26.330067	17.691040	-2.838580
957	27.330067	12.691039	-2.838580
958	27.330067	13.691039	-2.838580
959	27.330067	14.691039	-2.838580
960	27.330067	15.691039	-2.838580
961	27.330067	16.691040	-2.838580
962	27.330067	17.691040	-2.838580
963	28.330067	12.691039	-2.847270
964	29.330067	12.691039	-2.847270
965	29.330067	14.691039	-2.842090
966	29.330067	15.691039	-2.842090
967	29.330067	16.691040	-2.842090
968	29.330067	17.691040	-2.842090
969	30.330067	12.691039	-2.847270
970	30.330067	14.691039	-2.842090
971	30.330067	15.691039	-2.842090
972	30.330067	16.691040	-2.842090
973	30.330067	17.691040	-2.842090
974	31.330067	12.691039	-2.847270
975	31.330067	14.691039	-2.842090
976	31.330067	15.691039	-2.842090
977	31.330067	16.691040	-2.842090
978	31.330067	17.691040	-2.842090
979	32.330067	12.691039	-2.847270
980	32.330067	14.691039	-2.842090
981	32.330067	15.691039	-2.842090
982	32.330067	16.691040	-2.842090
983	32.330067	17.691040	-2.842090
984	33.330067	6.691039	-2.475640
985	33.330067	7.691039	-2.475640
986	33.330067	8.691039	-2.475640
987	33.330067	9.691039	-2.475640
988	33.330067	10.691039	-2.475640
989	33.330067	11.691039	-2.475640
990	33.330067	12.691039	-2.847270
991	33.330067	15.691039	-2.842090
992	34.330067	6.691039	-2.475640
993	34.330067	7.691039	-2.475640
994	34.330067	8.691039	-2.475640
995	34.330067	9.691039	-2.475640
996	34.330067	10.691039	-2.475640
997	34.330067	14.691039	-2.836840
998	34.330067	15.691039	-2.836840
999	34.330067	16.691040	-2.836840
1000	34.330067	17.691040	-2.836840
1001	35.330067	6.691039	-2.475640
1002	35.330067	7.691039	-2.475640
1003	35.330067	8.691039	-2.475640
1004	35.330067	9.691039	-2.475640
1005	35.330067	11.691039	-2.475640
1006	35.330067	12.691039	-2.826370
1007	35.330067	13.691039	-2.826370
1008	35.330067	15.691039	-2.836840
1009	35.330067	16.691040	-2.836840
1010	36.330067	6.691039	-2.475640
1011	36.330067	7.691039	-2.475640
1012	36.330067	8.691039	-2.826370
1013	36.330067	10.691039	-2.826370
1014	36.330067	11.691039	-2.826370
1015	36.330067	12.691039	-2.826370
1016	36.330067	13.691039	-2.826370
1017	36.330067	14.691039	-2.836840
1018	36.330067	15.691039	-2.836840
1019	37.330067	7.691039	-2.826370
1020	37.330067	9.691039	-2.826370
1021	37.330067	10.691039	-2.826370
1022	37.330067	11.691039	-2.826370
1023	37.330067	12.691039	-2.826370
1024	37.330067	13.691039	-2.826370
1025	37.330067	14.691039	-2.836840
1026	38.330067	7.691039	-2.826370
1027	38.330067	8.691039	-2.826370
1028	38.330067	9.691039	-2.826370
1029	38.330067	10.691039	-2.826370
1030	38.330067	11.691039	-2.826370
1031	38.330067	12.691039	-2.826370
1032	38.330067	13.691039	-2.826370
1033	39.330067	7.691039	-2.826370
1034	39.330067	8.691039	-2.826370
1035	39.330067	9.691039	-2.826370
1036	39.330067	10.691039	-2.826370
1037	39.330067	11.691039	-2.826370
1038	39.330067	12.691039	-2.826370
1039	40.330067	6.691039	-2.826370
1040	40.330067	7.691039	-2.826370
1041	40.330067	8.691039	-2.826370
1042	40.330067	9.691039	-2.826370
1043	40.330067	10.691039	-2.826370
1044	40.330067	11.691039	-2.826370
1045	41.330067	6.691039	-2.826370
1046	41.330067	7.691039	-2.826370
1047	41.330067	8.691039	-2.826370
1048	41.330067	9.691039	-2.826370
1049	41.330067	10.691039	-2.826370
1050	41.330067	11.691039	-2.826370
1051	42.330067	7.691039	-2.826370
1052	42.330067	8.691039	-2.826370
1053	43.330067	6.691039	-2.826370
1054	43.330067	7.691039	-2.826370
