0	-20.661936	-8.977674	1.448158
1	-20.661936	-7.977674	1.448158
2	-20.661936	-6.977674	1.448158
3	-20.661936	-5.977674	1.448158
4	-19.661936	-8.977674	1.448158
5	-19.661936	-7.977674	1.448158
6	-19.661936	-6.977674	1.448158
7	-19.661936	-5.977674	1.448158
8	-18.661936	-8.977674	1.448158
9	-18.661936	-7.977674	1.448158
10	-18.661936	-6.977674	1.448158
11	-18.661936	-5.977674	1.448158
12	-17.661936	-8.977674	1.448158
13	-17.661936	-7.977674	1.448158
14	-17.661936	-6.977674	1.448158
15	-17.661936	-5.977674	1.448158
16	-16.661936	-8.977674	1.448158
17	-16.661936	-7.977674	1.448158
18	-16.661936	-6.977674	1.448158
19	-16.661936	-5.977674	1.448158
20	-15.661936	-8.977674	1.448158
21	-15.661936	-7.977674	1.448158
22	-15.661936	-6.977674	1.448158
23	-15.661936	-5.977674	1.448158
24	-15.661936	-0.977674	1.383006
25	-15.661936	0.022326	1.383006
26	-15.661936	1.022326	1.383006
27	-15.661936	2.022326	1.383006
28	-14.661936	-23.977674	1.517436
29	-14.661936	-22.977674	1.517436
30	-14.661936	-15.977674	1.486915
31	-14.661936	-8.977674	1.448158
32	-14.661936	-7.977674	1.448158
33	-14.661936	-6.977674	1.448158
34	-14.661936	-5.977674	1.448158
35	-14.661936	-0.977674	1.383006
36	-13.661936	-23.977674	1.517436
37	-13.661936	-19.977674	1.491884
38	-13.661936	-18.977674	1.491884
39	-13.661936	-17.977674	1.491884
40	-13.661936	-14.977674	1.486915
41	-13.661936	-12.977674	1.488476
42	-13.661936	-11.977674	1.488476
43	-13.661936	-10.977674	1.488476
44	-13.661936	-8.977674	1.448158
45	-13.661936	-7.977674	1.448158
46	-13.661936	-6.977674	1.448158
47	-13.661936	-5.977674	1.448158
48	-13.661936	-4.977674	1.474394
49	-13.661936	-3.977674	1.474394
50	-13.661936	-2.977674	1.474394
51	-13.661936	-1.977674	1.474394
52	-13.661936	-0.977674	1.383843
53	-13.661936	0.022326	1.383843
54	-12.661936	-27.977674	1.530279
55	-12.661936	-26.977674	1.530279
56	-12.661936	-25.977674	1.530279
57	-12.661936	-23.977674	1.517436
58	-12.661936	-22.977674	1.517436
59	-12.661936	-21.977674	1.517436
60	-12.661936	-19.977674	1.491884
61	-12.661936	-18.977674	1.491884
62	-12.661936	-17.977674	1.491884
63	-12.661936	-15.977674	1.486915
64	-12.661936	-14.977674	1.486915
65	-12.661936	-12.977674	1.488476
66	-12.661936	-11.977674	1.488476
67	-12.661936	-10.977674	1.488476
68	-12.661936	-9.977674	1.488476
69	-12.661936	-8.977674	1.448158
70	-12.661936	-7.977674	1.448158
71	-12.661936	-6.977674	1.448158
72	-12.661936	-5.977674	1.474394
73	-12.661936	-4.977674	1.474394
74	-12.661936	-3.977674	1.474394
75	-12.661936	-2.977674	1.474394
76	-12.661936	-1.977674	1.474394
77	-12.661936	-0.977674	1.383843
78	-12.661936	0.022326	1.383843
79	-12.661936	1.022326	1.383843
80	-11.661936	-27.977674	1.530279
81	-11.661936	-26.977674	1.530279
82	-11.661936	-25.977674	1.530279
83	-11.661936	-19.977674	1.491884
84	-11.661936	-18.977674	1.491884
85	-11.661936	-17.977674	1.491884
86	-11.661936	-16.977674	1.491884
87	-11.661936	-11.977674	1.488476
88	-11.661936	-10.977674	1.488476
89	-11.661936	-9.977674	1.488476
90	-11.661936	-4.977674	1.474394
91	-11.661936	-3.977674	1.474394
92	-11.661936	-2.977674	1.474394
93	-10.661936	-27.977674	1.530279
94	-10.661936	-26.977674	1.530279
95	-10.661936	-25.977674	1.530279
96	-10.661936	-19.977674	1.491884
97	-10.661936	-17.977674	1.491884
98	-10.661936	-12.977674	1.488476
99	-10.661936	-11.977674	1.488476
100	-10.661936	-10.977674	1.488476
101	-10.661936	-7.977674	1.474394
102	-10.661936	-6.977674	1.474394
103	-10.661936	-5.977674	1.474394
104	-10.661936	-4.977674	1.474394
105	-10.661936	-0.977674	1.474394
106	-9.661936	-27.977674	1.530279
107	-9.661936	-26.977674	1.530279
108	-9.661936	-25.977674	1.530279
109	-9.661936	-23.977674	1.482610
110	-9.661936	-22.977674	1.482610
111	-9.661936	-21.977674	1.482610
112	-9.661936	-20.977674	1.482610
113	-9.661936	-19.977674	1.482610
114	-9.661936	-12.977674	1.488476
115	-9.661936	-11.977674	1.488476
116	-9.661936	-10.977674	1.488476
117	-9.661936	-7.977674	1.474394
118	-8.661936	-29.977674	1.523558
119	-8.661936	-28.977674	1.523558
120	-8.661936	-27.977674	1.523558
121	-8.661936	-25.977674	1.482610
122	-8.661936	-24.977674	1.482610
123	-8.661936	-23.977674	1.482610
124	-8.661936	-22.977674	1.482610
125	-8.661936	-21.977674	1.482610
126	-8.661936	-20.977674	1.482610
127	-8.661936	-19.977674	1.482610
128	-8.661936	-17.977674	1.497491
129	-8.661936	-16.977674	1.497491
130	-8.661936	-15.977674	1.497491
131	-8.661936	-14.977674	1.497491
132	-8.661936	-12.977674	1.482610
133	-8.661936	-7.977674	1.482054
134	-8.661936	-6.977674	1.482054
135	-8.661936	-5.977674	1.482054
136	-8.661936	-3.977674	1.488833
137	-8.661936	-2.977674	1.488833
138	-8.661936	-1.977674	1.488833
139	-7.661936	-29.977674	1.523558
140	-7.661936	-28.977674	1.523558
141	-7.661936	-27.977674	1.523558
142	-7.661936	-26.977674	1.523558
143	-7.661936	-25.977674	1.482610
144	-7.661936	-24.977674	1.482610
145	-7.661936	-23.977674	1.482610
146	-7.661936	-22.977674	1.482610
147	-7.661936	-21.977674	1.482610
148	-7.661936	-20.977674	1.482610
149	-7.661936	-19.977674	1.482610
150	-7.661936	-18.977674	1.482610
151	-7.661936	-17.977674	1.482610
152	-7.661936	-16.977674	1.482610
153	-7.661936	-15.977674	1.482610
154	-7.661936	-14.977674	1.482610
155	-7.661936	-13.977674	1.482610
156	-7.661936	-12.977674	1.482610
157	-7.661936	-11.977674	1.482610
158	-7.661936	-10.977674	1.482054
159	-7.661936	-9.977674	1.482054
160	-7.661936	-8.977674	1.482054
161	-7.661936	-7.977674	1.482054
162	-7.661936	-6.977674	1.482054
163	-7.661936	-5.977674	1.482054
164	-7.661936	-3.977674	1.488833
165	-7.661936	-2.977674	1.488833
166	-7.661936	-0.977674	1.488833
167	-6.661936	-29.977674	1.523558
168	-6.661936	-28.977674	1.523558
169	-6.661936	-27.977674	1.523558
170	-6.661936	-26.977674	1.523558
171	-6.661936	-24.977674	1.482610
172	-6.661936	-23.977674	1.482610
173	-6.661936	-21.977674	1.482610
174	-6.661936	-20.977674	1.482610
175	-6.661936	-19.977674	1.482610
176	-6.661936	-18.977674	1.482610
177	-6.661936	-17.977674	1.482610
178	-6.661936	-15.977674	1.482610
179	-6.661936	-14.977674	1.482610
180	-6.661936	-13.977674	1.482610
181	-6.661936	-12.977674	1.482610
182	-6.661936	-9.977674	1.482054
183	-6.661936	-8.977674	1.482054
184	-6.661936	-7.977674	1.482054
185	-6.661936	-6.977674	1.482054
186	-6.661936	-5.977674	1.482054
187	-6.661936	-4.977674	1.482054
188	-6.661936	-1.977674	1.488833
189	-6.661936	-0.977674	1.488833
190	-5.661936	-29.977674	1.523558
191	-5.661936	-28.977674	1.523558
192	-5.661936	-27.977674	1.523558
193	-5.661936	-26.977674	1.523558
194	-5.661936	-21.977674	1.482610
195	-5.661936	-20.977674	1.482610
196	-5.661936	-19.977674	1.482610
197	-5.661936	-18.977674	1.482610
198	-5.661936	-17.977674	1.482610
199	-5.661936	-16.977674	1.482610
200	-5.661936	-15.977674	1.482610
201	-5.661936	-14.977674	1.443856
202	-5.661936	-13.977674	1.443856
203	-5.661936	-12.977674	1.443856
204	-5.661936	-9.977674	1.482054
205	-5.661936	-8.977674	1.482054
206	-5.661936	-7.977674	1.482054
207	-5.661936	-6.977674	1.482054
208	-5.661936	-5.977674	1.482054
209	-5.661936	-4.977674	1.482054
210	-5.661936	-3.977674	1.489098
211	-5.661936	-2.977674	1.489098
212	-5.661936	-1.977674	1.489098
213	-5.661936	-0.977674	1.489098
214	-5.661936	0.022326	1.489098
215	-5.661936	1.022326	1.489098
216	-5.661936	2.022326	1.489098
217	-5.661936	3.022326	1.489098
218	-5.661936	4.022326	1.489098
219	-5.661936	5.022326	1.489098
220	-5.661936	6.022326	1.489098
221	-5.661936	7.022326	1.489098
222	-5.661936	8.022326	1.489098
223	-5.661936	9.022326	1.489098
224	-4.661936	-15.977674	1.443856
225	-4.661936	-14.977674	1.443856
226	-4.661936	-13.977674	1.443856
227	-4.661936	-12.977674	1.443856
228	-4.661936	-9.977674	1.482054
229	-4.661936	-8.977674	1.482054
230	-4.661936	-7.977674	1.482054
231	-4.661936	-6.977674	1.482054
232	-4.661936	-5.977674	1.482054
233	-4.661936	-4.977674	1.482054
234	-4.661936	-3.977674	1.489098
235	-4.661936	-2.977674	1.489098
236	-4.661936	-1.977674	1.489098
237	-4.661936	-0.977674	1.489098
238	-4.661936	0.022326	1.489098
239	-4.661936	1.022326	1.489098
240	-4.661936	2.022326	1.489098
241	-4.661936	3.022326	1.489098
242	-4.661936	4.022326	1.489098
243	-4.661936	5.022326	1.489098
244	-4.661936	6.022326	1.489098
245	-4.661936	7.022326	1.489098
246	-4.661936	8.022326	1.489098
247	-4.661936	9.022326	1.489098
248	-3.661936	-15.977674	1.443856
249	-3.661936	-14.977674	1.443856
250	-3.661936	-13.977674	1.443856
251	-3.661936	-12.977674	1.443856
252	-3.661936	-10.977674	1.443856
253	-3.661936	-9.977674	1.482054
254	-3.661936	-8.977674	1.492054
255	-3.661936	-7.977674	1.492054
256	-3.661936	-6.977674	1.492054
257	-3.661936	-5.977674	1.492054
258	-3.661936	-2.977674	1.489098
259	-3.661936	-1.977674	1.489098
260	-3.661936	0.022326	1.489098
261	-3.661936	1.022326	1.489098
262	-3.661936	2.022326	1.489098
263	-3.661936	3.022326	1.489098
264	-3.661936	4.022326	1.489098
265	-3.661936	5.022326	1.489098
266	-3.661936	6.022326	1.489098
267	-3.661936	7.022326	1.489098
268	-3.661936	8.022326	1.489098
269	-3.661936	9.022326	1.489098
270	-2.661936	-15.977674	1.443856
271	-2.661936	-14.977674	1.443856
272	-2.661936	-13.977674	1.443856
273	-2.661936	-12.977674	1.443856
274	-2.661936	-6.977674	1.492054
275	-2.661936	-5.977674	1.492054
276	-2.661936	-4.977674	1.492054
277	-2.661936	-2.977674	1.489098
278	-2.661936	-1.977674	1.489098
279	-2.661936	-0.977674	1.489098
280	-2.661936	1.022326	1.489098
281	-2.661936	2.022326	1.489098
282	-2.661936	3.022326	1.489098
283	-2.661936	4.022326	1.489098
284	-2.661936	5.022326	1.489098
285	-2.661936	6.022326	1.489098
286	-2.661936	7.022326	1.489098
287	-2.661936	8.022326	1.489098
288	-2.661936	9.022326	1.489098
289	-1.661936	-15.977674	1.443856
290	-1.661936	-14.977674	1.443856
291	-1.661936	-13.977674	1.443856
292	-1.661936	-12.977674	1.443856
293	-1.661936	-11.977674	1.443856
294	-1.661936	-10.977674	1.443856
295	-1.661936	-7.977674	1.492054
296	-1.661936	-6.977674	1.492054
297	-1.661936	-5.977674	1.492054
298	-1.661936	-4.977674	1.492054
299	-1.661936	-3.977674	1.492054
300	-1.661936	-1.977674	1.489098
301	-1.661936	-0.977674	1.489098
302	-1.661936	0.022326	1.489098
303	-1.661936	1.022326	1.489098
304	-1.661936	2.022326	1.489098
305	-1.661936	3.022326	1.489098
306	-1.661936	4.022326	1.489098
307	-1.661936	5.022326	1.489098
308	-1.661936	6.022326	1.489098
309	-1.661936	7.022326	1.489098
310	-1.661936	8.022326	1.489098
311	-1.661936	9.022326	1.489098
312	-0.661936	-15.977674	1.443856
313	-0.661936	-14.977674	1.443856
314	-0.661936	-13.977674	1.443856
315	-0.661936	-12.977674	1.443856
316	-0.661936	-11.977674	1.443856
317	-0.661936	-10.977674	1.443856
318	-0.661936	-9.977674	1.443856
319	-0.661936	-8.977674	1.492054
320	-0.661936	-7.977674	1.492054
321	-0.661936	-6.977674	1.492054
322	-0.661936	-5.977674	1.492054
323	-0.661936	-4.977674	1.492054
324	-0.661936	-3.977674	1.492054
325	-0.661936	-2.977674	1.316829
326	-0.661936	-1.977674	1.316829
327	-0.661936	-0.977674	1.316829
328	-0.661936	0.022326	1.316829
329	-0.661936	1.022326	1.489098
330	-0.661936	2.022326	1.489098
331	-0.661936	3.022326	1.489098
332	-0.661936	4.022326	1.489098
333	-0.661936	5.022326	1.489098
334	-0.661936	6.022326	1.489098
335	-0.661936	7.022326	1.489098
336	-0.661936	8.022326	1.489098
337	-0.661936	9.022326	1.489098
338	0.338064	-15.977674	1.443856
339	0.338064	-14.977674	1.443856
340	0.338064	-13.977674	1.443856
341	0.338064	-12.977674	1.443856
342	0.338064	-11.977674	1.443856
343	0.338064	-10.977674	1.443856
344	0.338064	-9.977674	1.443856
345	0.338064	-7.977674	1.492054
346	0.338064	-6.977674	1.492054
347	0.338064	-5.977674	1.492054
348	0.338064	-4.977674	1.316829
349	0.338064	-3.977674	1.316829
350	0.338064	-2.977674	1.316829
351	0.338064	-1.977674	1.316829
352	0.338064	-0.977674	1.316829
353	0.338064	0.022326	1.316829
354	0.338064	1.022326	1.489098
355	0.338064	2.022326	1.489098
356	0.338064	4.022326	1.489098
357	0.338064	5.022326	1.489098
358	0.338064	6.022326	1.489098
359	0.338064	7.022326	1.533959
360	0.338064	8.022326	1.533959
361	0.338064	10.022326	1.533959
362	0.338064	11.022326	1.497819
363	0.338064	12.022326	1.497819
364	1.338064	-15.977674	1.443856
365	1.338064	-14.977674	1.443856
366	1.338064	-13.977674	1.443856
367	1.338064	-12.977674	1.443856
368	1.338064	-11.977674	1.443856
369	1.338064	-10.977674	1.443856
370	1.338064	-9.977674	1.443856
371	1.338064	-7.977674	1.492054
372	1.338064	-6.977674	1.316829
373	1.338064	-5.977674	1.316829
374	1.338064	-4.977674	1.316829
375	1.338064	-3.977674	1.316829
376	1.338064	-1.977674	1.316829
377	1.338064	-0.977674	1.316829
378	1.338064	0.022326	1.316829
379	1.338064	1.022326	1.489098
380	1.338064	2.022326	1.489098
381	1.338064	3.022326	1.489098
382	1.338064	5.022326	1.489098
383	1.338064	6.022326	1.489098
384	1.338064	7.022326	1.533959
385	1.338064	9.022326	1.533959
386	1.338064	10.022326	1.533959
387	1.338064	12.022326	1.497819
388	2.338064	-15.977674	1.443856
389	2.338064	-14.977674	1.443856
390	2.338064	-13.977674	1.443856
391	2.338064	-12.977674	1.443856
392	2.338064	-11.977674	1.443856
393	2.338064	-10.977674	1.443856
394	2.338064	-9.977674	1.443856
395	2.338064	-8.977674	1.492054
396	2.338064	-6.977674	1.316829
397	2.338064	-5.977674	1.316829
398	2.338064	-4.977674	1.316829
399	2.338064	-3.977674	1.316829
400	2.338064	-2.977674	1.316829
401	2.338064	-1.977674	1.316829
402	2.338064	-0.977674	1.316829
403	2.338064	0.022326	1.316829
404	2.338064	2.022326	1.489098
405	2.338064	3.022326	1.489098
406	2.338064	4.022326	1.489098
407	2.338064	5.022326	1.489098
408	2.338064	6.022326	1.489098
409	2.338064	7.022326	1.533959
410	2.338064	8.022326	1.533959
411	2.338064	9.022326	1.533959
412	2.338064	10.022326	1.533959
413	2.338064	11.022326	1.533959
414	2.338064	13.022326	1.497819
415	2.338064	14.022326	1.497819
416	3.338064	-15.977674	1.443856
417	3.338064	-14.977674	1.443856
418	3.338064	-13.977674	1.443856
419	3.338064	-12.977674	1.443856
420	3.338064	-11.977674	1.443856
421	3.338064	-10.977674	1.443856
422	3.338064	-9.977674	1.443856
423	3.338064	-8.977674	1.443856
424	3.338064	-7.977674	1.443856
425	3.338064	-6.977674	1.316829
426	3.338064	-5.977674	1.316829
427	3.338064	-4.977674	1.316829
428	3.338064	-3.977674	1.316829
429	3.338064	-2.977674	1.316829
430	3.338064	-1.977674	1.316829
431	3.338064	-0.977674	1.316829
432	3.338064	0.022326	1.316829
433	3.338064	3.022326	1.508452
434	3.338064	4.022326	1.489098
435	3.338064	5.022326	1.489098
436	3.338064	6.022326	1.489098
437	3.338064	8.022326	1.533959
438	3.338064	9.022326	1.533959
439	3.338064	10.022326	1.533959
440	3.338064	11.022326	1.533959
441	3.338064	13.022326	1.535902
442	3.338064	14.022326	1.535902
443	4.338064	-15.977674	1.443856
444	4.338064	-14.977674	1.443856
445	4.338064	-13.977674	1.443856
446	4.338064	-12.977674	1.443856
447	4.338064	-11.977674	1.443856
448	4.338064	-10.977674	1.443856
449	4.338064	-9.977674	1.443856
450	4.338064	-8.977674	1.443856
451	4.338064	-7.977674	1.443856
452	4.338064	-6.977674	1.316829
453	4.338064	-5.977674	1.316829
454	4.338064	-4.977674	1.316829
455	4.338064	-3.977674	1.316829
456	4.338064	-2.977674	1.316829
457	4.338064	-1.977674	1.316829
458	4.338064	-0.977674	1.316829
459	4.338064	0.022326	1.316829
460	4.338064	4.022326	1.489098
461	4.338064	5.022326	1.489098
462	4.338064	6.022326	1.489098
463	4.338064	7.022326	1.489098
464	4.338064	9.022326	1.533959
465	4.338064	10.022326	1.533959
466	4.338064	11.022326	1.535902
467	4.338064	12.022326	1.535902
468	4.338064	13.022326	1.535902
469	4.338064	14.022326	1.535902
470	4.338064	15.022326	1.535902
471	5.338064	-15.977674	1.443856
472	5.338064	-14.977674	1.443856
473	5.338064	-13.977674	1.443856
474	5.338064	-12.977674	1.443856
475	5.338064	-11.977674	1.443856
476	5.338064	-10.977674	1.443856
477	5.338064	-9.977674	1.443856
478	5.338064	-8.977674	1.443856
479	5.338064	-7.977674	1.443856
480	5.338064	-6.977674	1.316829
481	5.338064	-5.977674	1.316829
482	5.338064	-4.977674	1.316829
483	5.338064	-3.977674	1.316829
484	5.338064	-2.977674	1.316829
485	5.338064	-1.977674	1.316829
486	5.338064	-0.977674	1.316829
487	5.338064	6.022326	1.489098
488	5.338064	7.022326	1.489098
489	5.338064	8.022326	1.489098
490	5.338064	9.022326	1.533959
491	5.338064	12.022326	1.535902
492	5.338064	13.022326	1.535902
493	5.338064	14.022326	1.535902
494	5.338064	15.022326	1.535902
495	6.338064	-13.977674	1.443856
496	6.338064	-12.977674	1.443856
497	6.338064	-11.977674	1.443856
498	6.338064	-10.977674	1.443856
499	6.338064	-9.977674	1.443856
500	6.338064	-8.977674	1.443856
501	6.338064	-7.977674	1.443856
502	6.338064	-6.977674	1.316829
503	6.338064	-5.977674	1.316829
504	6.338064	-4.977674	1.316829
505	6.338064	-2.977674	1.316829
506	6.338064	-1.977674	1.316829
507	6.338064	-0.977674	1.316829
508	6.338064	1.022326	1.532326
509	6.338064	2.022326	1.532326
510	6.338064	3.022326	1.489098
511	6.338064	4.022326	1.489098
512	6.338064	5.022326	1.489098
513	6.338064	7.022326	1.489098
514	6.338064	8.022326	1.489098
515	6.338064	9.022326	1.489098
516	6.338064	12.022326	1.535902
517	6.338064	13.022326	1.535902
518	6.338064	14.022326	1.535902
519	7.338064	-12.977674	1.443856
520	7.338064	-11.977674	1.443856
521	7.338064	-10.977674	1.443856
522	7.338064	-9.977674	1.443856
523	7.338064	-8.977674	1.443856
524	7.338064	-7.977674	1.443856
525	7.338064	-6.977674	1.316829
526	7.338064	-5.977674	1.316829
527	7.338064	-4.977674	1.316829
528	7.338064	-3.977674	1.316829
529	7.338064	1.022326	1.532326
530	7.338064	2.022326	1.532326
531	7.338064	3.022326	1.532326
532	7.338064	4.022326	1.532326
533	7.338064	5.022326	1.489098
534	7.338064	9.022326	1.489098
535	8.338064	-10.977674	1.443856
536	8.338064	-9.977674	1.443856
537	8.338064	-8.977674	1.443856
538	8.338064	-7.977674	1.443856
539	8.338064	-6.977674	1.443856
540	8.338064	-5.977674	1.443856
541	8.338064	-4.977674	1.443856
542	8.338064	1.022326	1.532326
543	8.338064	2.022326	1.532326
544	8.338064	3.022326	1.532326
545	8.338064	4.022326	1.532326
546	8.338064	5.022326	1.532326
547	8.338064	7.022326	1.536922
548	8.338064	8.022326	1.536922
549	8.338064	9.022326	1.536922
550	8.338064	10.022326	1.536922
551	8.338064	11.022326	1.536922
552	9.338064	1.022326	1.532326
553	9.338064	2.022326	1.532326
554	9.338064	5.022326	1.532326
555	9.338064	7.022326	1.536922
556	9.338064	8.022326	1.536922
557	9.338064	9.022326	1.536922
558	9.338064	10.022326	1.536922
559	9.338064	11.022326	1.536922
560	10.338064	1.022326	1.532326
561	10.338064	2.022326	1.532326
562	10.338064	3.022326	1.532326
563	10.338064	4.022326	1.532326
564	10.338064	5.022326	1.532326
565	10.338064	7.022326	1.536922
566	10.338064	8.022326	1.536922
567	10.338064	9.022326	1.536922
568	10.338064	10.022326	1.536922
569	10.338064	11.022326	1.536922
570	11.338064	5.022326	1.532326
571	11.338064	8.022326	1.536922
572	11.338064	9.022326	1.536922
573	11.338064	10.022326	1.536922
574	11.338064	11.022326	1.536922
575	12.338064	0.022326	1.520885
576	12.338064	1.022326	1.520885
577	12.338064	2.022326	1.520885
578	12.338064	3.022326	1.520885
579	12.338064	4.022326	1.520885
580	12.338064	5.022326	1.507013
581	12.338064	6.022326	1.506759
582	12.338064	8.022326	1.539544
583	12.338064	9.022326	1.539544
584	12.338064	10.022326	1.539544
585	12.338064	11.022326	1.539544
586	13.338064	0.022326	1.520885
587	13.338064	1.022326	1.520885
588	13.338064	5.022326	1.507013
589	13.338064	8.022326	1.539544
590	13.338064	9.022326	1.539544
591	13.338064	10.022326	1.539544
592	13.338064	11.022326	1.539544
593	14.338064	0.022326	1.498409
594	14.338064	1.022326	1.498409
595	14.338064	4.022326	1.507013
596	14.338064	5.022326	1.507013
597	14.338064	7.022326	1.503937
598	14.338064	8.022326	1.539544
599	14.338064	9.022326	1.539544
600	14.338064	10.022326	1.539544
601	14.338064	11.022326	1.539544
602	15.338064	0.022326	1.498409
603	15.338064	1.022326	1.498409
604	15.338064	3.022326	1.507013
605	15.338064	4.022326	1.507013
606	15.338064	5.022326	1.507013
607	15.338064	7.022326	1.503937
608	15.338064	8.022326	1.539544
609	15.338064	9.022326	1.539544
610	15.338064	10.022326	1.539544
611	15.338064	11.022326	1.539544
612	16.338064	2.022326	1.498409
613	16.338064	3.022326	1.498409
614	16.338064	5.022326	1.496572
615	17.338064	2.022326	1.498409
616	17.338064	3.022326	1.498409
617	17.338064	5.022326	1.496572
618	18.338064	5.022326	1.496572
