0	-1.608560	0.937049	1.506414
1	-1.608560	1.937049	1.506414
2	-1.608560	2.937049	1.506414
3	-1.608560	3.937049	1.506414
4	-0.608560	-0.062951	1.506414
5	-0.608560	0.937049	1.506414
6	-0.608560	1.937049	1.506414
7	-0.608560	2.937049	1.506414
8	-0.608560	3.937049	1.506414
9	-0.608560	7.937049	1.499673
10	0.391440	-1.062951	1.506414
11	0.391440	-0.062951	1.506414
12	0.391440	0.937049	1.506414
13	0.391440	1.937049	1.506414
14	0.391440	2.937049	1.506414
15	0.391440	3.937049	1.506414
16	0.391440	6.937049	1.499673
17	0.391440	7.937049	1.499673
18	0.391440	8.937049	1.499673
19	0.391440	10.937049	1.504282
20	0.391440	11.937049	1.504282
21	0.391440	12.937049	1.504282
22	0.391440	13.937049	1.504282
23	0.391440	14.937049	1.504282
24	0.391440	15.937049	1.504282
25	1.391440	-1.062951	1.506414
26	1.391440	-0.062951	1.506414
27	1.391440	0.937049	1.506414
28	1.391440	1.937049	1.506414
29	1.391440	2.937049	1.506414
30	1.391440	3.937049	1.506414
31	1.391440	4.937049	1.502174
32	1.391440	5.937049	1.499673
33	1.391440	6.937049	1.499673
34	1.391440	7.937049	1.499673
35	1.391440	8.937049	1.499673
36	1.391440	9.937049	1.510916
37	1.391440	10.937049	1.504282
38	1.391440	11.937049	1.504282
39	1.391440	12.937049	1.504282
40	1.391440	13.937049	1.504282
41	1.391440	14.937049	1.504282
42	1.391440	15.937049	1.504282
43	1.391440	16.937050	1.504282
44	2.391440	-1.062951	1.506414
45	2.391440	-0.062951	1.506414
46	2.391440	0.937049	1.506414
47	2.391440	1.937049	1.506414
48	2.391440	2.937049	1.506414
49	2.391440	3.937049	1.506414
50	2.391440	5.937049	1.499673
51	2.391440	6.937049	1.499673
52	2.391440	7.937049	1.499673
53	2.391440	8.937049	1.499673
54	2.391440	10.937049	1.504282
55	2.391440	11.937049	1.504282
56	2.391440	12.937049	1.504282
57	2.391440	13.937049	1.504282
58	2.391440	14.937049	1.504282
59	2.391440	15.937049	1.504282
60	3.391440	-2.062951	1.506414
61	3.391440	-1.062951	0.743357
62	3.391440	-0.062951	0.743357
63	3.391440	0.937049	0.743357
64	3.391440	1.937049	1.506414
65	3.391440	2.937049	1.506414
66	3.391440	3.937049	1.506414
67	3.391440	5.937049	1.499673
68	3.391440	6.937049	1.499673
69	3.391440	7.937049	1.499673
70	3.391440	8.937049	1.499673
71	3.391440	10.937049	1.504282
72	3.391440	11.937049	1.504282
73	3.391440	12.937049	1.504282
74	3.391440	13.937049	1.504282
75	3.391440	14.937049	1.504282
76	3.391440	15.937049	1.504282
77	4.391440	-2.062951	1.506414
78	4.391440	-1.062951	0.743357
79	4.391440	-0.062951	0.743357
80	4.391440	0.937049	0.743357
81	4.391440	1.937049	1.506414
82	4.391440	2.937049	1.506414
83	4.391440	3.937049	1.506414
84	4.391440	5.937049	1.499673
85	4.391440	6.937049	1.499673
86	4.391440	7.937049	1.499673
87	4.391440	8.937049	1.499673
88	4.391440	10.937049	1.504282
89	4.391440	11.937049	1.504282
90	4.391440	12.937049	1.504282
91	4.391440	13.937049	1.504282
92	4.391440	14.937049	1.504282
93	4.391440	15.937049	1.504282
94	4.391440	16.937050	1.504282
95	5.391440	-3.062951	1.506414
96	5.391440	-2.062951	1.506414
97	5.391440	-1.062951	1.506414
98	5.391440	-0.062951	1.506414
99	5.391440	0.937049	1.506414
100	5.391440	1.937049	1.506414
101	5.391440	2.937049	1.506414
102	5.391440	3.937049	1.506414
103	5.391440	10.937049	1.504282
104	5.391440	11.937049	1.504282
105	5.391440	12.937049	1.504282
106	5.391440	13.937049	1.504282
107	5.391440	14.937049	1.504282
108	5.391440	15.937049	1.504282
109	5.391440	16.937050	1.504282
110	6.391440	-3.062951	1.506414
111	6.391440	-2.062951	1.506414
112	6.391440	-1.062951	1.506414
113	6.391440	-0.062951	1.506414
114	6.391440	0.937049	1.506414
115	6.391440	1.937049	1.506414
116	6.391440	2.937049	1.506414
117	6.391440	3.937049	1.506414
118	6.391440	10.937049	1.504282
119	6.391440	11.937049	1.504282
120	6.391440	13.937049	1.504282
121	6.391440	16.937050	1.504282
122	7.391440	-2.062951	1.503505
123	7.391440	2.937049	1.517170
124	7.391440	6.937049	1.503505
125	7.391440	7.937049	1.503505
126	7.391440	13.937049	1.524836
127	8.391440	-2.062951	1.503505
128	8.391440	-1.062951	1.503505
129	8.391440	-0.062951	1.503505
130	8.391440	0.937049	1.503505
131	8.391440	1.937049	1.503505
132	8.391440	2.937049	1.503505
133	8.391440	3.937049	1.503505
134	8.391440	4.937049	1.503505
135	8.391440	5.937049	1.503505
136	8.391440	6.937049	1.503505
137	8.391440	7.937049	1.503505
138	8.391440	8.937049	1.503505
139	8.391440	10.937049	1.528432
140	8.391440	11.937049	1.528432
141	8.391440	12.937049	1.528432
142	8.391440	13.937049	1.528432
143	8.391440	14.937049	1.528432
144	8.391440	15.937049	1.528432
145	8.391440	16.937050	1.528432
146	8.391440	17.937050	1.528432
147	9.391440	-1.062951	1.503505
148	9.391440	-0.062951	1.503505
149	9.391440	0.937049	1.503505
150	9.391440	1.937049	1.503505
151	9.391440	2.937049	1.503505
152	9.391440	3.937049	1.503505
153	9.391440	4.937049	1.503505
154	9.391440	5.937049	1.503505
155	9.391440	6.937049	1.503505
156	9.391440	7.937049	1.503505
157	9.391440	8.937049	1.503505
158	9.391440	10.937049	1.528432
159	9.391440	11.937049	1.528432
160	9.391440	12.937049	1.528432
161	9.391440	13.937049	1.528432
162	9.391440	14.937049	1.528432
163	9.391440	15.937049	1.528432
164	9.391440	16.937050	1.528432
165	9.391440	17.937050	1.528432
166	10.391440	-1.062951	1.503505
167	10.391440	-0.062951	1.503505
168	10.391440	0.937049	1.503505
169	10.391440	1.937049	1.503505
170	10.391440	2.937049	1.503505
171	10.391440	3.937049	1.503505
172	10.391440	4.937049	1.503505
173	10.391440	5.937049	1.503505
174	10.391440	6.937049	1.503505
175	10.391440	7.937049	1.503505
176	10.391440	8.937049	1.503505
177	10.391440	10.937049	1.528432
178	10.391440	11.937049	1.528432
179	10.391440	12.937049	1.528432
180	10.391440	13.937049	1.528432
181	10.391440	14.937049	1.528432
182	10.391440	15.937049	1.528432
183	10.391440	16.937050	1.528432
184	10.391440	17.937050	1.528432
185	11.391440	-1.062951	1.503505
186	11.391440	-0.062951	1.503505
187	11.391440	0.937049	1.503505
188	11.391440	1.937049	1.503505
189	11.391440	2.937049	1.503505
190	11.391440	3.937049	1.503505
191	11.391440	4.937049	1.503505
192	11.391440	5.937049	1.503505
193	11.391440	6.937049	1.503505
194	11.391440	7.937049	1.503505
195	11.391440	8.937049	1.503505
196	11.391440	10.937049	1.528432
197	11.391440	11.937049	1.528432
198	11.391440	12.937049	1.528432
199	11.391440	13.937049	1.528432
200	11.391440	14.937049	1.528432
201	11.391440	15.937049	1.528432
202	11.391440	16.937050	1.528432
203	12.391440	-1.062951	1.503505
204	12.391440	-0.062951	1.503505
205	12.391440	0.937049	1.503505
206	12.391440	1.937049	1.503505
207	12.391440	2.937049	1.503505
208	12.391440	3.937049	1.503505
209	12.391440	4.937049	1.503505
210	12.391440	5.937049	1.503505
211	12.391440	6.937049	1.503505
212	12.391440	7.937049	1.503505
213	12.391440	8.937049	1.503505
214	12.391440	9.937049	1.521437
215	12.391440	10.937049	1.528432
216	12.391440	11.937049	1.528432
217	12.391440	12.937049	1.528432
218	12.391440	13.937049	1.528432
219	12.391440	14.937049	1.528432
220	12.391440	15.937049	1.528432
221	12.391440	16.937050	1.528432
222	13.391440	-1.062951	1.503505
223	13.391440	-0.062951	1.503505
224	13.391440	0.937049	1.503505
225	13.391440	1.937049	1.503505
226	13.391440	2.937049	1.503505
227	13.391440	3.937049	1.503505
228	13.391440	4.937049	1.503505
229	13.391440	5.937049	1.503505
230	13.391440	6.937049	1.503505
231	13.391440	7.937049	1.503505
232	13.391440	8.937049	1.503505
233	13.391440	10.937049	1.528432
234	13.391440	11.937049	1.528432
235	13.391440	12.937049	1.528432
236	13.391440	13.937049	1.528432
237	13.391440	14.937049	1.528432
238	13.391440	15.937049	1.528432
239	13.391440	16.937050	1.528432
240	13.391440	17.937050	1.528432
241	14.391440	-1.062951	1.503505
242	14.391440	-0.062951	1.503505
243	14.391440	0.937049	1.503505
244	14.391440	1.937049	1.503505
245	14.391440	2.937049	1.503505
246	14.391440	3.937049	1.503505
247	14.391440	4.937049	1.503505
248	14.391440	5.937049	1.503505
249	14.391440	6.937049	1.503505
250	14.391440	7.937049	1.503505
251	14.391440	8.937049	1.503505
252	14.391440	10.937049	1.528432
253	14.391440	11.937049	1.528432
254	14.391440	12.937049	1.528432
255	14.391440	13.937049	1.528432
256	14.391440	14.937049	1.528432
257	14.391440	15.937049	1.528432
258	14.391440	16.937050	1.528432
259	14.391440	17.937050	1.528432
260	15.391440	-1.062951	1.503505
261	15.391440	-0.062951	1.503505
262	15.391440	0.937049	1.503505
263	15.391440	1.937049	1.503505
264	15.391440	2.937049	1.503505
265	15.391440	3.937049	1.503505
266	15.391440	4.937049	1.503505
267	15.391440	5.937049	1.503505
268	15.391440	6.937049	1.503505
269	15.391440	7.937049	1.503505
270	15.391440	8.937049	1.503505
271	15.391440	11.937049	1.528432
272	15.391440	12.937049	1.528432
273	15.391440	13.937049	1.528432
274	15.391440	14.937049	1.528432
275	15.391440	15.937049	1.528432
276	15.391440	16.937050	1.528432
277	16.391441	-0.062951	1.506333
278	16.391441	6.937049	1.503505
279	16.391441	7.937049	1.503505
280	16.391441	13.937049	1.540547
281	17.391441	-6.062951	1.492060
282	17.391441	-5.062951	1.492060
283	17.391441	-0.062951	1.492060
284	17.391441	12.937049	1.526391
285	17.391441	13.937049	1.526391
286	17.391441	15.937049	1.526391
287	18.391441	-7.062951	1.492060
288	18.391441	-6.062951	1.492060
289	18.391441	-5.062951	1.492060
290	18.391441	-4.062951	1.492060
291	18.391441	-3.062951	1.492060
292	18.391441	-2.062951	1.492060
293	18.391441	-1.062951	1.492060
294	18.391441	-0.062951	1.492060
295	18.391441	0.937049	1.492060
296	18.391441	1.937049	1.492060
297	18.391441	11.937049	1.526391
298	18.391441	12.937049	1.526391
299	18.391441	13.937049	1.526391
300	18.391441	14.937049	1.526391
301	18.391441	15.937049	1.526391
302	18.391441	16.937050	1.526391
303	19.391441	-7.062951	1.492060
304	19.391441	-5.062951	1.492060
305	19.391441	-4.062951	1.492060
306	19.391441	-3.062951	1.492060
307	19.391441	-2.062951	1.492060
308	19.391441	-1.062951	1.492060
309	19.391441	-0.062951	1.492060
310	19.391441	0.937049	1.492060
311	19.391441	1.937049	1.492060
312	19.391441	10.937049	1.526391
313	19.391441	11.937049	1.526391
314	19.391441	12.937049	1.526391
315	19.391441	13.937049	1.526391
316	19.391441	14.937049	1.526391
317	19.391441	15.937049	1.526391
318	19.391441	16.937050	1.526391
319	20.391441	-7.062951	1.492060
320	20.391441	-6.062951	1.492060
321	20.391441	-5.062951	1.492060
322	20.391441	-4.062951	1.492060
323	20.391441	-3.062951	1.492060
324	20.391441	-2.062951	1.492060
325	20.391441	-1.062951	1.492060
326	20.391441	-0.062951	1.492060
327	20.391441	0.937049	1.492060
328	20.391441	1.937049	1.492060
329	20.391441	10.937049	1.526391
330	20.391441	11.937049	1.526391
331	20.391441	12.937049	1.526391
332	20.391441	13.937049	1.526391
333	20.391441	14.937049	1.526391
334	20.391441	15.937049	1.526391
335	21.391441	-7.062951	1.492060
336	21.391441	-6.062951	1.492060
337	21.391441	-5.062951	1.492060
338	21.391441	-4.062951	1.492060
339	21.391441	-3.062951	1.492060
340	21.391441	-2.062951	1.492060
341	21.391441	-1.062951	1.492060
342	21.391441	-0.062951	1.492060
343	21.391441	0.937049	1.492060
344	21.391441	1.937049	1.492060
345	21.391441	10.937049	1.526391
346	21.391441	11.937049	1.526391
347	21.391441	12.937049	1.526391
348	21.391441	13.937049	1.526391
349	21.391441	14.937049	1.526391
350	21.391441	15.937049	1.526391
351	22.391441	-7.062951	1.492060
352	22.391441	-6.062951	1.492060
353	22.391441	-5.062951	1.492060
354	22.391441	-4.062951	1.492060
355	22.391441	-1.062951	1.492060
356	22.391441	-0.062951	1.492060
357	22.391441	0.937049	1.492060
358	22.391441	1.937049	1.492060
359	22.391441	10.937049	1.526391
360	22.391441	11.937049	1.526391
361	22.391441	12.937049	1.526391
362	22.391441	13.937049	1.526391
363	22.391441	14.937049	1.526391
364	22.391441	15.937049	1.526391
365	23.391441	-7.062951	1.492060
366	23.391441	-6.062951	1.492060
367	23.391441	-5.062951	1.492060
368	23.391441	-4.062951	1.492060
369	23.391441	-1.062951	1.492060
370	23.391441	-0.062951	1.492060
371	23.391441	0.937049	1.492060
372	23.391441	1.937049	1.492060
373	23.391441	11.937049	1.526391
374	23.391441	12.937049	1.526391
375	23.391441	13.937049	1.526391
376	23.391441	14.937049	1.526391
377	23.391441	15.937049	1.526391
378	24.391441	-7.062951	1.492060
379	24.391441	-6.062951	1.492060
380	24.391441	-5.062951	1.492060
381	24.391441	-4.062951	1.492060
382	24.391441	-1.062951	1.492060
383	24.391441	-0.062951	1.492060
384	24.391441	0.937049	1.492060
385	24.391441	1.937049	1.492060
386	24.391441	13.937049	1.531332
387	25.391441	-7.062951	1.492060
388	25.391441	-6.062951	1.492060
389	25.391441	-5.062951	1.492060
390	25.391441	-4.062951	1.492060
391	25.391441	-1.062951	1.492060
392	25.391441	-0.062951	1.492060
393	25.391441	0.937049	1.492060
394	25.391441	1.937049	1.492060
395	25.391441	6.937049	1.488968
396	25.391441	7.937049	1.488968
397	25.391441	8.937049	1.488968
398	25.391441	9.937049	1.488968
399	25.391441	13.937049	1.505365
400	25.391441	14.937049	1.505365
401	25.391441	15.937049	1.505365
402	26.391441	-7.062951	1.492060
403	26.391441	-6.062951	1.492060
404	26.391441	-5.062951	1.492060
405	26.391441	-4.062951	1.492060
406	26.391441	-1.062951	1.492060
407	26.391441	-0.062951	1.492060
408	26.391441	0.937049	1.492060
409	26.391441	1.937049	1.492060
410	26.391441	4.937049	1.488968
411	26.391441	5.937049	1.488968
412	26.391441	8.937049	1.488968
413	26.391441	9.937049	1.488968
414	26.391441	11.937049	1.505365
415	26.391441	12.937049	1.505365
416	26.391441	13.937049	1.505365
417	26.391441	14.937049	1.505365
418	26.391441	15.937049	1.505365
419	27.391441	-7.062951	1.492060
420	27.391441	-6.062951	1.492060
421	27.391441	-5.062951	1.492060
422	27.391441	-4.062951	1.492060
423	27.391441	-3.062951	1.492060
424	27.391441	-1.062951	1.492060
425	27.391441	-0.062951	1.492060
426	27.391441	0.937049	1.492060
427	27.391441	1.937049	1.492060
428	27.391441	4.937049	1.488968
429	27.391441	5.937049	1.488968
430	27.391441	6.937049	1.488968
431	27.391441	7.937049	1.488968
432	27.391441	8.937049	1.488968
433	27.391441	9.937049	1.488968
434	27.391441	11.937049	1.505365
435	27.391441	12.937049	1.505365
436	27.391441	13.937049	1.505365
437	27.391441	14.937049	1.505365
438	27.391441	15.937049	1.505365
439	28.391441	-7.062951	1.492060
440	28.391441	-6.062951	1.492060
441	28.391441	-5.062951	1.492060
442	28.391441	-4.062951	1.492060
443	28.391441	-3.062951	1.492060
444	28.391441	-1.062951	1.492060
445	28.391441	-0.062951	1.492060
446	28.391441	0.937049	1.492060
447	28.391441	1.937049	1.492060
448	28.391441	3.937049	1.488968
449	28.391441	4.937049	1.488968
450	28.391441	5.937049	1.488968
451	28.391441	6.937049	1.488968
452	28.391441	7.937049	1.488968
453	28.391441	8.937049	1.488968
454	28.391441	9.937049	1.488968
455	28.391441	11.937049	1.505365
456	28.391441	12.937049	1.505365
457	28.391441	13.937049	1.505365
458	28.391441	14.937049	1.505365
459	29.391441	-7.062951	1.492060
460	29.391441	-6.062951	1.492060
461	29.391441	-5.062951	1.492060
462	29.391441	-4.062951	1.492060
463	29.391441	-3.062951	1.492060
464	29.391441	-1.062951	1.492060
465	29.391441	-0.062951	1.492060
466	29.391441	0.937049	1.492060
467	29.391441	1.937049	1.492060
468	29.391441	2.937049	1.500132
469	29.391441	3.937049	1.488968
470	29.391441	4.937049	1.488968
471	29.391441	5.937049	1.488968
472	29.391441	6.937049	1.488968
473	29.391441	7.937049	1.488968
474	29.391441	8.937049	1.488968
475	29.391441	9.937049	1.488968
476	29.391441	10.937049	1.505709
477	29.391441	11.937049	1.505365
478	29.391441	12.937049	1.505365
479	29.391441	13.937049	1.505365
480	30.391441	-7.062951	1.492060
481	30.391441	-6.062951	1.492060
482	30.391441	-5.062951	1.492060
483	30.391441	-4.062951	1.492060
484	30.391441	-1.062951	1.492060
485	30.391441	-0.062951	1.492060
486	30.391441	0.937049	1.492060
487	30.391441	1.937049	1.492060
488	30.391441	2.937049	1.492060
489	30.391441	3.937049	1.488968
490	30.391441	4.937049	1.488968
491	30.391441	5.937049	1.488968
492	30.391441	6.937049	1.488968
493	30.391441	7.937049	1.488968
494	30.391441	8.937049	1.488968
495	30.391441	9.937049	1.488968
496	31.391441	-7.062951	1.492060
497	31.391441	-6.062951	1.492060
498	31.391441	-5.062951	1.492060
499	31.391441	-4.062951	1.492060
500	31.391441	-3.062951	1.492060
501	31.391441	-2.062951	1.492060
502	31.391441	-1.062951	1.492060
503	31.391441	-0.062951	1.492060
504	31.391441	0.937049	1.492060
505	31.391441	1.937049	1.492060
506	31.391441	2.937049	1.492060
507	31.391441	7.937049	1.488968
508	32.391441	-7.062951	1.492060
509	32.391441	-6.062951	1.492060
510	32.391441	-5.062951	1.492060
511	32.391441	-4.062951	1.492060
512	32.391441	-3.062951	1.492060
513	32.391441	-2.062951	1.492060
514	32.391441	-1.062951	1.492060
515	32.391441	-0.062951	1.492060
516	32.391441	0.937049	1.492060
517	32.391441	1.937049	1.492060
518	32.391441	2.937049	1.492060
519	33.391441	-6.062951	1.492060
520	33.391441	-5.062951	1.492060
521	33.391441	-3.062951	1.492060
522	33.391441	-2.062951	1.492060
523	33.391441	-0.062951	1.492060
524	33.391441	0.937049	1.492060
525	33.391441	1.937049	1.492060
526	33.391441	2.937049	1.492060
527	34.391441	-5.062951	1.492060
528	34.391441	-4.062951	1.492060
529	34.391441	-3.062951	1.492060
530	34.391441	-2.062951	1.492060
531	34.391441	-1.062951	1.492060
532	34.391441	-0.062951	1.492060
533	34.391441	0.937049	1.492060
534	34.391441	1.937049	1.492060
535	34.391441	2.937049	1.492060
536	35.391441	-5.062951	1.492060
537	35.391441	-4.062951	1.492060
538	35.391441	-3.062951	1.492060
539	35.391441	-2.062951	1.492060
540	35.391441	-1.062951	1.492060
541	35.391441	-0.062951	1.492060
542	35.391441	0.937049	1.492060
543	35.391441	1.937049	1.492060
544	35.391441	2.937049	1.492060
545	36.391441	-1.062951	1.492060
546	1.391440	-1.062951	-0.039470
547	2.391440	-1.062951	-0.039470
548	2.391440	-0.062951	-0.039470
549	3.391440	-1.062951	-0.039470
550	3.391440	-0.062951	-0.039470
551	4.391440	-2.062951	-0.039470
552	4.391440	-1.062951	-0.039470
553	4.391440	-0.062951	-0.039470
554	5.391440	-2.062951	-0.039470
555	5.391440	-1.062951	-0.039470
556	5.391440	-0.062951	-0.039470
557	6.391440	-2.062951	-0.039470
558	6.391440	-1.062951	-0.039470
559	6.391440	-0.062951	-0.039470
560	27.391441	16.937050	1.505365
561	28.391441	16.937050	1.505365
562	29.391441	16.937050	1.510638
563	29.391441	17.937050	1.510638
564	30.391441	15.937049	1.510638
565	30.391441	16.937050	1.510638
566	30.391441	17.937050	1.510638
567	31.391441	15.937049	1.510638
568	31.391441	16.937050	1.510638
569	32.391441	15.937049	1.510638
