0	-2.840280	-1.735973	4.384450
1	-2.840280	-0.735973	4.384450
2	-1.840280	-1.735973	4.384450
3	-1.840280	-0.735973	4.384450
4	-1.840280	0.264027	4.384450
5	-1.840280	1.264027	4.397620
6	-1.840280	2.264027	4.397620
7	-1.840280	3.264027	4.397620
8	-1.840280	4.264028	4.397620
9	-0.840280	-1.735973	4.384450
10	-0.840280	-0.735973	4.384450
11	-0.840280	0.264027	4.384450
12	-0.840280	1.264027	4.397620
13	-0.840280	2.264027	4.397620
14	-0.840280	3.264027	4.397620
15	-0.840280	4.264028	4.397620
16	0.159720	-1.735973	4.384450
17	0.159720	-0.735973	4.384450
18	0.159720	0.264027	4.384450
19	0.159720	1.264027	4.397620
20	0.159720	2.264027	4.397620
21	0.159720	3.264027	4.397620
22	0.159720	4.264028	4.397620
23	1.159720	-1.735973	4.384450
24	1.159720	-0.735973	4.384450
25	1.159720	0.264027	4.384450
26	1.159720	1.264027	4.397620
27	1.159720	2.264027	4.397620
28	1.159720	3.264027	4.397620
29	1.159720	4.264028	4.397620
30	2.159720	-1.735973	4.384450
31	2.159720	-0.735973	4.384450
32	2.159720	0.264027	4.384450
33	2.159720	1.264027	4.397620
34	2.159720	2.264027	4.397620
35	2.159720	3.264027	4.397620
36	2.159720	4.264028	4.397620
37	3.159720	-1.735973	4.384450
38	3.159720	-0.735973	4.384450
39	3.159720	0.264027	4.384450
40	3.159720	1.264027	4.397620
41	3.159720	2.264027	4.397620
42	3.159720	3.264027	4.397620
43	3.159720	4.264028	4.397620
44	4.159720	-1.735973	4.384450
45	4.159720	-0.735973	4.384450
46	4.159720	0.264027	4.384450
47	4.159720	1.264027	4.412390
48	4.159720	2.264027	4.412390
49	5.159720	-1.735973	4.412390
50	5.159720	-0.735973	4.412390
51	5.159720	0.264027	4.412390
52	5.159720	1.264027	4.412390
53	5.159720	2.264027	4.412390
54	6.159720	-1.735973	4.412390
55	6.159720	-0.735973	4.412390
56	6.159720	0.264027	4.412390
57	6.159720	1.264027	4.412390
58	6.159720	2.264027	4.412390
59	7.159720	-1.735973	4.412390
60	7.159720	-0.735973	4.412390
61	7.159720	0.264027	4.412390
62	7.159720	1.264027	4.412390
63	8.159720	-1.735973	4.412390
64	8.159720	-0.735973	4.412390
65	8.159720	0.264027	4.412390
66	8.159720	1.264027	4.412390
67	8.159720	2.264027	4.412390
68	9.159720	-1.735973	4.412390
69	9.159720	-0.735973	4.412390
70	9.159720	0.264027	4.412390
71	9.159720	1.264027	4.412390
72	9.159720	2.264027	4.412390
73	10.159720	-1.735973	4.412390
74	10.159720	-0.735973	4.412390
75	10.159720	0.264027	4.412390
76	10.159720	1.264027	4.412390
77	10.159720	2.264027	4.412390
78	11.159720	-1.735973	4.412390
79	11.159720	-0.735973	4.412390
80	11.159720	0.264027	4.412390
81	11.159720	1.264027	4.412390
82	11.159720	2.264027	4.412390
83	12.159720	-1.735973	4.412390
84	12.159720	2.264027	4.412390
85	13.159720	-1.735973	4.433450
86	13.159720	-0.735973	4.433450
87	13.159720	0.264027	4.433450
88	13.159720	1.264027	4.433450
89	13.159720	2.264027	4.433450
90	13.159720	3.264027	4.433450
91	13.159720	4.264028	4.421480
92	14.159720	-1.735973	4.433450
93	14.159720	-0.735973	4.433450
94	14.159720	0.264027	4.433450
95	14.159720	1.264027	4.433450
96	14.159720	2.264027	4.433450
97	14.159720	3.264027	4.433450
98	14.159720	4.264028	4.421480
99	15.159720	-1.735973	4.433450
100	15.159720	-0.735973	4.433450
101	15.159720	0.264027	4.433450
102	15.159720	1.264027	4.433450
103	15.159720	2.264027	4.433450
104	15.159720	3.264027	4.433450
105	15.159720	4.264028	4.433450
106	16.159721	-1.735973	4.433450
107	16.159721	-0.735973	4.433450
108	16.159721	0.264027	4.433450
109	16.159721	1.264027	4.433450
110	16.159721	2.264027	4.433450
111	16.159721	3.264027	4.433450
112	16.159721	4.264028	4.433450
113	17.159721	-1.735973	4.381860
114	17.159721	-0.735973	4.381860
115	17.159721	0.264027	4.381860
116	17.159721	1.264027	4.404030
117	17.159721	2.264027	4.404030
118	17.159721	3.264027	4.404030
119	17.159721	4.264028	4.404030
120	18.159721	-1.735973	4.381860
121	18.159721	-0.735973	4.381860
122	18.159721	0.264027	4.381860
123	18.159721	1.264027	4.404030
124	18.159721	2.264027	4.404030
125	18.159721	3.264027	4.404030
126	18.159721	4.264028	4.404030
127	19.159721	-1.735973	4.381860
128	19.159721	-0.735973	4.381860
129	19.159721	0.264027	4.381860
130	19.159721	1.264027	4.404030
131	19.159721	2.264027	4.404030
132	19.159721	3.264027	4.404030
133	19.159721	4.264028	4.404030
134	20.159721	-1.735973	4.381860
135	20.159721	-0.735973	4.381860
136	20.159721	0.264027	4.381860
137	20.159721	1.264027	4.404030
138	20.159721	2.264027	4.404030
139	20.159721	3.264027	4.404030
140	20.159721	4.264028	4.404030
141	21.159721	-0.735973	4.381860
142	21.159721	0.264027	4.381860
143	21.159721	1.264027	4.404030
144	21.159721	2.264027	4.404030
145	21.159721	3.264027	4.404030
146	21.159721	4.264028	4.404030
147	-7.840280	0.264027	-1.373110
148	-7.840280	1.264027	-1.373110
149	-7.840280	2.264027	-1.408620
150	-7.840280	3.264027	-1.408620
151	-6.840280	-0.735973	-1.373110
152	-6.840280	0.264027	-1.373110
153	-6.840280	1.264027	-1.373110
154	-6.840280	2.264027	-1.408620
155	-6.840280	3.264027	-1.408620
156	-6.840280	4.264028	-1.408620
157	-5.840280	-0.735973	-1.373110
158	-5.840280	0.264027	-1.373110
159	-5.840280	1.264027	-1.373110
160	-5.840280	2.264027	-1.408620
161	-5.840280	3.264027	-1.408620
162	-5.840280	4.264028	-1.408620
163	-4.840280	-1.735973	-1.373110
164	-4.840280	-0.735973	-1.373110
165	-4.840280	0.264027	-1.373110
166	-4.840280	1.264027	-1.373110
167	-4.840280	2.264027	-1.408620
168	-4.840280	3.264027	-1.408620
169	-4.840280	4.264028	-1.408620
170	-3.840280	-1.735973	-1.373110
171	-3.840280	-0.735973	-1.373110
172	-3.840280	0.264027	-1.373110
173	-3.840280	1.264027	-1.373110
174	-3.840280	2.264027	-1.408620
175	-3.840280	3.264027	-1.408620
176	-3.840280	4.264028	-1.408620
177	-2.840280	-1.735973	-1.373110
178	-2.840280	-0.735973	-1.373110
179	-2.840280	0.264027	-1.373110
180	-2.840280	1.264027	-1.373110
181	-2.840280	2.264027	-1.408620
182	-2.840280	4.264028	-1.408620
183	-1.840280	-1.735973	-1.373110
184	-1.840280	-0.735973	-1.373110
185	-1.840280	0.264027	-1.373110
186	-1.840280	1.264027	-1.373110
187	-1.840280	2.264027	-1.373110
188	-1.840280	3.264027	-1.373110
189	-1.840280	4.264028	-1.373110
190	-0.840280	-1.735973	-1.373110
191	-0.840280	-0.735973	-1.373110
192	-0.840280	0.264027	-1.373110
193	-0.840280	1.264027	-1.373110
194	-0.840280	2.264027	-1.373110
195	-0.840280	3.264027	-1.373110
196	-0.840280	4.264028	-1.373110
197	0.159720	-1.735973	-1.350550
198	0.159720	-0.735973	-1.350550
199	0.159720	0.264027	-1.350550
200	0.159720	1.264027	-1.350550
201	0.159720	2.264027	-1.350550
202	1.159720	-1.735973	-1.350550
203	1.159720	-0.735973	-1.350550
204	1.159720	0.264027	-1.350550
205	1.159720	1.264027	-1.350550
206	1.159720	2.264027	-1.350550
207	1.159720	3.264027	-1.350550
208	2.159720	-1.735973	-1.350550
209	2.159720	-0.735973	-1.350550
210	2.159720	0.264027	-1.350550
211	2.159720	1.264027	-1.350550
212	2.159720	2.264027	-1.350550
213	3.159720	-0.735973	-1.350550
214	3.159720	0.264027	-1.350550
215	3.159720	1.264027	-1.350550
216	3.159720	2.264027	-1.350550
217	3.159720	3.264027	-1.169270
218	3.159720	4.264028	-1.169270
219	4.159720	-0.735973	-1.350550
220	4.159720	0.264027	-1.350550
221	4.159720	1.264027	-1.350550
222	4.159720	2.264027	-1.350550
223	4.159720	3.264027	-1.169270
224	4.159720	4.264028	-1.169270
225	5.159720	-1.735973	-1.350550
226	5.159720	-0.735973	-1.350550
227	5.159720	0.264027	-1.350550
228	5.159720	1.264027	-1.350550
229	5.159720	2.264027	-1.350550
230	5.159720	3.264027	-1.169270
231	5.159720	4.264028	-1.169270
232	6.159720	-1.735973	-1.350550
233	6.159720	-0.735973	-1.350550
234	6.159720	0.264027	-1.350550
235	6.159720	1.264027	-1.350550
236	6.159720	2.264027	-1.350550
237	6.159720	4.264028	-1.169270
238	7.159720	-1.735973	-1.350550
239	7.159720	-0.735973	-1.350550
240	7.159720	0.264027	-1.350550
241	7.159720	1.264027	-1.350550
242	3.159720	1.264027	1.480932
243	3.159720	2.264027	1.480932
244	3.159720	3.264027	1.480932
245	4.159720	1.264027	1.480932
246	4.159720	3.264027	1.480932
247	5.159720	1.264027	1.480932
248	5.159720	2.264027	1.480932
249	6.159720	1.264027	1.480932
250	6.159720	2.264027	1.480932
251	7.159720	1.264027	1.480932
252	8.159720	1.264027	1.480932
253	8.159720	2.264027	1.480932
254	8.159720	4.264028	1.499634
255	9.159720	2.264027	1.480932
256	9.159720	3.264027	1.499634
257	14.159720	2.264027	1.480932
258	15.159720	2.264027	1.480932
259	16.159721	-1.735973	1.485647
260	16.159721	-0.735973	1.485647
261	16.159721	0.264027	1.485647
262	16.159721	2.264027	1.480932
263	17.159721	-1.735973	1.485647
264	17.159721	-0.735973	1.485647
265	17.159721	0.264027	1.485647
266	18.159721	-1.735973	1.485647
267	18.159721	-0.735973	1.485647
268	18.159721	0.264027	1.485647
269	18.159721	2.264027	1.476933
270	18.159721	3.264027	1.476933
271	18.159721	4.264028	1.476933
272	19.159721	-1.735973	1.485647
273	19.159721	-0.735973	1.485647
274	19.159721	0.264027	1.485647
275	19.159721	2.264027	1.476933
276	19.159721	3.264027	1.476933
277	19.159721	4.264028	1.476933
278	20.159721	-1.735973	1.425817
279	20.159721	-0.735973	1.425817
280	20.159721	2.264027	1.476933
281	20.159721	3.264027	1.476933
282	20.159721	4.264028	1.476933
283	21.159721	-1.735973	1.425817
284	21.159721	-0.735973	1.425817
285	21.159721	0.264027	1.425817
286	21.159721	2.264027	1.476933
287	21.159721	3.264027	1.476933
288	21.159721	4.264028	1.476933
289	-1.840280	1.264027	1.508406
290	-1.840280	2.264027	1.508406
291	-1.840280	3.264027	1.508406
292	-1.840280	4.264028	1.508406
293	-0.840280	1.264027	1.508406
294	-0.840280	2.264027	1.508406
295	-0.840280	3.264027	1.508406
296	-0.840280	4.264028	1.508406
297	0.159720	1.264027	1.508406
298	0.159720	2.264027	1.508406
299	0.159720	3.264027	1.508406
300	0.159720	4.264028	1.508406
301	1.159720	-1.735973	1.515009
302	1.159720	-0.735973	1.515009
303	1.159720	0.264027	1.515009
304	1.159720	1.264027	1.508406
305	1.159720	2.264027	1.508406
306	1.159720	3.264027	1.508406
307	1.159720	4.264028	1.508406
308	2.159720	-1.735973	1.515009
309	2.159720	-0.735973	1.515009
310	2.159720	0.264027	1.515009
311	3.159720	-1.735973	1.515009
312	3.159720	-0.735973	1.515009
313	3.159720	0.264027	1.515009
314	4.159720	-0.735973	1.515009
315	4.159720	0.264027	1.515009
316	5.159720	-0.735973	1.515009
317	6.159720	-0.735973	1.510394
318	7.159720	-1.735973	1.510394
319	7.159720	-0.735973	1.510394
320	9.159720	0.264027	-1.365250
321	10.159720	-1.735973	-1.365250
322	10.159720	-0.735973	-1.365250
323	10.159720	0.264027	-1.365250
324	11.159720	-1.735973	-1.365250
325	11.159720	-0.735973	-1.365250
326	11.159720	0.264027	-1.365250
327	12.159720	-1.735973	-1.365250
328	12.159720	-0.735973	-1.365250
329	12.159720	0.264027	-1.365250
330	9.159720	-1.735973	1.510947
331	9.159720	-0.735973	1.510947
332	9.159720	0.264027	1.510947
333	10.159720	-1.735973	1.510947
334	10.159720	0.264027	1.510947
335	11.159720	-1.735973	1.510947
336	11.159720	-0.735973	1.510947
337	11.159720	0.264027	1.510947
338	12.159720	-1.735973	1.510947
339	12.159720	0.264027	1.510947
