0	-17.901318	-12.838017	1.501580
1	-17.901318	-11.838017	1.501580
2	-17.901318	-10.838017	1.501580
3	-17.901318	-9.838017	1.501580
4	-17.901318	-8.838017	1.501580
5	-17.901318	-7.838017	1.501580
6	-17.901318	-6.838017	1.501580
7	-17.901318	-5.838017	1.501580
8	-17.901318	-4.838017	1.501580
9	-17.901318	-2.838017	1.493641
10	-17.901318	-1.838017	1.493641
11	-17.901318	-0.838017	1.493641
12	-17.901318	0.161983	1.493641
13	-17.901318	1.161983	1.493641
14	-17.901318	3.161983	1.507934
15	-17.901318	8.161983	1.507934
16	-17.901318	9.161983	1.507934
17	-17.901318	10.161983	1.507934
18	-16.901318	-12.838017	1.501580
19	-16.901318	-11.838017	1.501580
20	-16.901318	-10.838017	1.501580
21	-16.901318	-9.838017	1.501580
22	-16.901318	-8.838017	1.501580
23	-16.901318	-7.838017	1.501580
24	-16.901318	-6.838017	1.501580
25	-16.901318	-5.838017	1.501580
26	-16.901318	-4.838017	1.501580
27	-16.901318	-2.838017	1.493641
28	-16.901318	-1.838017	1.493641
29	-16.901318	-0.838017	1.493641
30	-16.901318	0.161983	1.493641
31	-16.901318	1.161983	1.493641
32	-16.901318	3.161983	1.507934
33	-16.901318	4.161983	1.507934
34	-16.901318	5.161983	1.507934
35	-16.901318	7.161983	1.507934
36	-16.901318	8.161983	1.507934
37	-16.901318	9.161983	1.507934
38	-16.901318	10.161983	1.507934
39	-16.901318	11.161983	1.507934
40	-16.901318	12.161983	1.507934
41	-15.901318	-12.838017	1.501580
42	-15.901318	-11.838017	1.501580
43	-15.901318	-10.838017	1.501580
44	-15.901318	-9.838017	1.501580
45	-15.901318	-8.838017	1.501580
46	-15.901318	-7.838017	1.501580
47	-15.901318	-6.838017	1.501580
48	-15.901318	-5.838017	1.501580
49	-15.901318	-4.838017	1.501580
50	-15.901318	-2.838017	1.493641
51	-15.901318	-1.838017	1.493641
52	-15.901318	-0.838017	1.493641
53	-15.901318	0.161983	1.493641
54	-15.901318	1.161983	1.493641
55	-15.901318	2.161983	1.493641
56	-15.901318	3.161983	1.507934
57	-15.901318	4.161983	1.507934
58	-15.901318	5.161983	1.507934
59	-15.901318	6.161983	1.507934
60	-15.901318	7.161983	1.507934
61	-15.901318	8.161983	1.507934
62	-15.901318	9.161983	1.507934
63	-15.901318	10.161983	1.507934
64	-15.901318	11.161983	1.507934
65	-15.901318	12.161983	1.507934
66	-14.901318	-11.838017	1.501580
67	-14.901318	-10.838017	1.501580
68	-14.901318	-9.838017	1.501580
69	-14.901318	-8.838017	1.501580
70	-14.901318	-7.838017	1.501580
71	-14.901318	-6.838017	1.501580
72	-14.901318	-5.838017	1.501580
73	-14.901318	-2.838017	1.493641
74	-14.901318	-1.838017	1.493641
75	-14.901318	-0.838017	1.493641
76	-14.901318	0.161983	1.493641
77	-14.901318	1.161983	1.493641
78	-14.901318	2.161983	1.493641
79	-14.901318	3.161983	1.507934
80	-14.901318	4.161983	1.507934
81	-14.901318	5.161983	1.507934
82	-14.901318	6.161983	1.507934
83	-14.901318	7.161983	1.507934
84	-14.901318	8.161983	1.507934
85	-14.901318	9.161983	1.507934
86	-14.901318	10.161983	1.507934
87	-14.901318	11.161983	1.507934
88	-14.901318	12.161983	1.507934
89	-13.901318	-12.838017	1.501580
90	-13.901318	-11.838017	1.501580
91	-13.901318	-10.838017	1.501580
92	-13.901318	-8.838017	1.501580
93	-13.901318	-7.838017	1.501580
94	-13.901318	-6.838017	1.501580
95	-13.901318	-5.838017	1.501580
96	-13.901318	-4.838017	1.501580
97	-13.901318	-2.838017	1.493641
98	-13.901318	-1.838017	1.493641
99	-13.901318	-0.838017	1.493641
100	-13.901318	0.161983	1.493641
101	-13.901318	1.161983	1.493641
102	-13.901318	2.161983	1.493641
103	-13.901318	3.161983	1.507934
104	-13.901318	4.161983	1.507934
105	-13.901318	5.161983	1.507934
106	-13.901318	6.161983	1.507934
107	-13.901318	7.161983	1.507934
108	-13.901318	8.161983	1.507934
109	-13.901318	9.161983	1.507934
110	-13.901318	10.161983	1.507934
111	-13.901318	11.161983	1.507934
112	-13.901318	12.161983	1.507934
113	-12.901318	-5.838017	1.494107
114	-12.901318	-2.838017	1.488412
115	-12.901318	-1.838017	1.493641
116	-12.901318	-0.838017	1.493641
117	-12.901318	0.161983	1.493641
118	-12.901318	1.161983	1.493641
119	-12.901318	6.161983	1.507934
120	-12.901318	7.161983	1.507934
121	-12.901318	8.161983	1.507934
122	-12.901318	9.161983	1.507934
123	-12.901318	10.161983	1.507934
124	-12.901318	11.161983	1.507934
125	-12.901318	12.161983	1.507934
126	-11.901318	-6.838017	1.494107
127	-11.901318	-5.838017	1.494107
128	-11.901318	-4.838017	1.494107
129	-11.901318	-3.838017	1.488412
130	-11.901318	-1.838017	1.493641
131	-11.901318	-0.838017	1.493641
132	-11.901318	0.161983	1.493641
133	-11.901318	1.161983	1.493641
134	-11.901318	3.161983	1.507934
135	-11.901318	4.161983	1.507934
136	-11.901318	5.161983	1.507934
137	-11.901318	6.161983	1.507934
138	-11.901318	10.161983	1.507934
139	-11.901318	11.161983	1.507934
140	-11.901318	12.161983	1.507934
141	-10.901318	-6.838017	1.494107
142	-10.901318	-5.838017	1.494107
143	-10.901318	-4.838017	1.494107
144	-10.901318	-1.838017	1.488787
145	-10.901318	-0.838017	1.488787
146	-10.901318	1.161983	1.496956
147	-10.901318	3.161983	1.507934
148	-10.901318	4.161983	1.507934
149	-10.901318	5.161983	1.507934
150	-10.901318	6.161983	1.507934
151	-10.901318	10.161983	1.507934
152	-10.901318	11.161983	1.507934
153	-10.901318	12.161983	1.507934
154	-9.901318	-6.838017	1.494107
155	-9.901318	-5.838017	1.494107
156	-9.901318	-4.838017	1.494107
157	-9.901318	1.161983	1.496956
158	-9.901318	10.161983	1.507934
159	-9.901318	11.161983	1.507934
160	-9.901318	12.161983	1.507934
161	-8.901318	-6.838017	1.494107
162	-8.901318	-5.838017	1.494107
163	-8.901318	-4.838017	1.494107
164	-8.901318	1.161983	1.496956
165	-8.901318	3.161983	1.500924
166	-8.901318	4.161983	1.500924
167	-8.901318	5.161983	1.500924
168	-8.901318	6.161983	1.500924
169	-8.901318	7.161983	1.500924
170	-7.901318	-6.838017	1.494107
171	-7.901318	-5.838017	1.494107
172	-7.901318	-4.838017	1.494107
173	-7.901318	1.161983	1.496956
174	-7.901318	3.161983	1.500924
175	-7.901318	4.161983	1.500924
176	-7.901318	5.161983	1.500924
177	-7.901318	6.161983	1.500924
178	-7.901318	7.161983	1.500924
179	-7.901318	8.161983	1.500924
180	-6.901318	-5.838017	1.494107
181	-6.901318	-1.838017	1.514720
182	-6.901318	1.161983	1.496956
183	-6.901318	3.161983	1.500924
184	-6.901318	4.161983	1.500924
185	-6.901318	5.161983	1.500924
186	-6.901318	6.161983	1.500924
187	-6.901318	7.161983	1.500924
188	-5.901318	-8.838017	1.499640
189	-5.901318	-7.838017	1.499640
190	-5.901318	-6.838017	1.499640
191	-5.901318	-5.838017	1.499640
192	-5.901318	-3.838017	1.514720
193	-5.901318	-2.838017	1.514720
194	-5.901318	-1.838017	1.514720
195	-5.901318	-0.838017	1.514720
196	-5.901318	1.161983	1.496956
197	-5.901318	3.161983	1.500924
198	-5.901318	5.161983	1.500924
199	-5.901318	6.161983	1.500924
200	-5.901318	7.161983	1.500924
201	-5.901318	8.161983	1.500924
202	-4.901318	-8.838017	1.499640
203	-4.901318	-7.838017	1.499640
204	-4.901318	-6.838017	1.499640
205	-4.901318	-5.838017	1.499640
206	-4.901318	-4.838017	1.499640
207	-4.901318	-3.838017	1.514720
208	-4.901318	-2.838017	1.514720
209	-4.901318	-1.838017	1.514720
210	-4.901318	-0.838017	1.514720
211	-4.901318	0.161983	1.514720
212	-4.901318	1.161983	1.496956
213	-3.901318	-8.838017	1.499640
214	-3.901318	-7.838017	1.499640
215	-3.901318	-6.838017	1.499640
216	-3.901318	-5.838017	1.499640
217	-3.901318	-4.838017	1.499640
218	-3.901318	-3.838017	1.514720
219	-3.901318	-2.838017	1.514720
220	-3.901318	-1.838017	1.514720
221	-3.901318	-0.838017	1.514720
222	-3.901318	0.161983	1.514720
223	-3.901318	1.161983	1.496956
224	-2.901318	-8.838017	1.499640
225	-2.901318	-7.838017	1.499640
226	-2.901318	-6.838017	1.499640
227	-2.901318	-5.838017	1.499640
228	-2.901318	-4.838017	1.499640
229	-2.901318	-3.838017	1.514720
230	-2.901318	-2.838017	1.514720
231	-2.901318	-1.838017	1.514720
232	-2.901318	-0.838017	1.514720
233	-2.901318	1.161983	1.496956
234	-0.901318	-5.838017	1.509707
235	-0.901318	-4.838017	1.509707
236	-0.901318	-3.838017	1.509707
237	-0.901318	-2.838017	1.504599
238	-0.901318	-1.838017	1.504599
239	-0.901318	-0.838017	1.504599
240	-0.901318	0.161983	1.499568
241	-0.901318	1.161983	1.499568
242	-0.901318	4.161983	1.494349
243	-0.901318	5.161983	1.494349
244	-0.901318	6.161983	1.494349
245	-0.901318	7.161983	1.494349
246	-0.901318	8.161983	1.492422
247	-0.901318	9.161983	1.492422
248	-0.901318	10.161983	1.492422
249	0.098682	-5.838017	1.509707
250	0.098682	-4.838017	1.509707
251	0.098682	-0.838017	1.669291
252	0.098682	0.161983	1.669291
253	0.098682	1.161983	1.499568
254	0.098682	3.161983	1.494349
255	0.098682	4.161983	1.494349
256	0.098682	5.161983	1.494349
257	0.098682	6.161983	1.494349
258	0.098682	7.161983	1.494349
259	0.098682	8.161983	1.492422
260	0.098682	9.161983	1.492422
261	0.098682	10.161983	1.492422
262	1.098682	-3.838017	1.502394
263	1.098682	-2.838017	1.502394
264	1.098682	-1.838017	1.502394
265	1.098682	0.161983	1.499568
266	1.098682	4.161983	1.494349
267	1.098682	7.161983	1.494349
268	1.098682	8.161983	1.492422
269	1.098682	9.161983	1.492422
270	1.098682	10.161983	1.492422
271	2.098682	-3.838017	1.502394
272	2.098682	-2.838017	1.502394
273	2.098682	-1.838017	1.502394
274	2.098682	-0.838017	1.502394
275	2.098682	3.161983	1.487134
276	2.098682	4.161983	1.487134
277	2.098682	5.161983	1.487134
278	2.098682	6.161983	1.494349
279	2.098682	7.161983	1.494349
280	2.098682	8.161983	1.492422
281	2.098682	9.161983	1.492422
282	2.098682	10.161983	1.492422
283	2.098682	11.161983	1.492422
284	2.098682	12.161983	1.499686
285	2.098682	13.161983	1.499686
286	3.098682	-3.838017	1.502394
287	3.098682	-2.838017	1.502394
288	3.098682	-1.838017	1.502394
289	3.098682	-0.838017	1.502394
290	3.098682	3.161983	1.487134
291	3.098682	4.161983	1.487134
292	3.098682	5.161983	1.487134
293	3.098682	7.161983	1.494349
294	3.098682	11.161983	1.488174
295	4.098682	-3.838017	1.502394
296	4.098682	-2.838017	1.502394
297	4.098682	-1.838017	1.502394
298	4.098682	-0.838017	1.502394
299	4.098682	0.161983	1.495225
300	4.098682	1.161983	1.495225
301	4.098682	3.161983	1.487134
302	4.098682	4.161983	1.487134
303	4.098682	5.161983	1.487134
304	4.098682	7.161983	1.494349
305	4.098682	8.161983	1.488174
306	4.098682	9.161983	1.488174
307	4.098682	10.161983	1.488174
308	4.098682	11.161983	1.488174
309	4.098682	12.161983	1.488174
310	4.098682	13.161983	1.488174
311	4.098682	14.161983	1.488174
312	5.098682	-3.838017	1.502394
313	5.098682	-2.838017	1.502394
314	5.098682	-1.838017	1.502394
315	5.098682	-0.838017	1.502394
316	5.098682	1.161983	1.495225
317	5.098682	3.161983	1.487134
318	5.098682	4.161983	1.487134
319	5.098682	5.161983	1.487134
320	5.098682	8.161983	1.488174
321	5.098682	11.161983	1.488174
322	5.098682	12.161983	1.488174
323	5.098682	14.161983	1.488174
324	6.098682	4.161983	1.487134
325	6.098682	9.161983	1.488174
326	6.098682	11.161983	1.488174
327	6.098682	12.161983	1.488174
328	6.098682	13.161983	1.488174
329	6.098682	14.161983	1.488174
330	7.098682	8.161983	1.488174
331	7.098682	9.161983	1.488174
332	7.098682	11.161983	1.488174
333	7.098682	12.161983	1.488174
334	8.098682	8.161983	1.488174
335	8.098682	9.161983	1.488174
336	8.098682	10.161983	1.488174
337	8.098682	11.161983	1.488174
338	8.098682	12.161983	1.488174
339	8.098682	13.161983	1.488174
340	8.098682	14.161983	1.488174
341	9.098682	8.161983	1.488174
342	9.098682	9.161983	1.488174
343	9.098682	10.161983	1.488174
344	9.098682	11.161983	1.488174
345	9.098682	12.161983	1.488174
346	9.098682	13.161983	1.488174
347	9.098682	14.161983	1.488174
348	10.098682	8.161983	1.488174
349	10.098682	9.161983	1.488174
350	10.098682	11.161983	1.488174
351	10.098682	12.161983	1.488174
352	10.098682	13.161983	1.488174
353	11.098682	9.161983	1.488174
354	11.098682	11.161983	1.488174
355	11.098682	13.161983	1.488174
356	0.098682	-2.838017	3.893450
357	0.098682	-1.838017	3.893450
358	-15.901318	-3.838017	4.702450
359	-15.901318	-2.838017	4.702450
360	-15.901318	-1.838017	4.702450
361	-15.901318	-0.838017	4.702450
362	-15.901318	0.161983	4.702450
363	-15.901318	1.161983	4.702450
364	-15.901318	2.161983	4.702450
365	-15.901318	3.161983	4.702450
366	-15.901318	4.161983	4.702450
367	-14.901318	-3.838017	4.702450
368	-14.901318	-2.838017	4.702450
369	-14.901318	-1.838017	4.702450
370	-14.901318	-0.838017	4.702450
371	-14.901318	0.161983	4.702450
372	-14.901318	1.161983	4.702450
373	-14.901318	2.161983	4.702450
374	-14.901318	3.161983	4.702450
375	-14.901318	4.161983	4.702450
376	-13.901318	-1.838017	4.702450
377	-12.901318	-1.838017	4.701480
378	-12.901318	-0.838017	4.706740
379	-11.901318	-1.838017	4.701480
380	-10.901318	-1.838017	4.701480
381	-10.901318	-0.838017	4.711600
382	-10.901318	0.161983	4.711600
383	-10.901318	1.161983	4.711600
384	-9.901318	-1.838017	4.701480
385	-9.901318	-0.838017	4.711600
386	-9.901318	0.161983	4.711600
387	-9.901318	1.161983	4.711600
388	-8.901318	-1.838017	4.696470
389	-7.901318	-1.838017	4.696470
390	-7.901318	-0.838017	4.696470
391	-7.901318	0.161983	4.696470
392	-7.901318	1.161983	4.696470
393	-7.901318	3.161983	4.735760
394	-7.901318	4.161983	4.735760
395	-6.901318	-1.838017	4.696470
396	-6.901318	-0.838017	4.696470
397	-6.901318	0.161983	4.696470
398	-6.901318	1.161983	4.696470
399	-6.901318	2.161983	4.696470
400	-6.901318	3.161983	4.735760
401	-6.901318	4.161983	4.735760
402	-5.901318	-2.838017	4.667220
403	-5.901318	-1.838017	4.696470
404	-5.901318	-0.838017	4.696470
405	-5.901318	0.161983	4.696470
406	-5.901318	1.161983	4.696470
407	-5.901318	3.161983	4.735760
408	-5.901318	4.161983	4.735760
409	-4.901318	-3.838017	4.667220
410	-4.901318	-1.838017	4.696470
411	-4.901318	-0.838017	4.696470
412	-4.901318	0.161983	4.696470
413	-4.901318	1.161983	4.696470
414	-3.901318	-3.838017	4.667220
415	-3.901318	-1.838017	4.696470
416	-3.901318	-0.838017	4.696470
417	-3.901318	0.161983	4.696470
418	-3.901318	1.161983	4.696470
419	-2.901318	-1.838017	4.696470
420	-2.901318	-0.838017	4.696470
421	-2.901318	0.161983	4.696470
422	-2.901318	1.161983	4.696470
423	-0.901318	4.161983	4.680600
424	-0.901318	5.161983	4.679470
425	-0.901318	6.161983	4.679470
426	-0.901318	8.161983	4.679470
427	-0.901318	10.161983	4.661940
428	0.098682	5.161983	4.679470
429	0.098682	6.161983	4.679470
430	0.098682	7.161983	4.679470
431	0.098682	8.161983	4.679470
432	0.098682	10.161983	4.661940
433	1.098682	3.161983	4.679470
434	1.098682	4.161983	4.679470
435	1.098682	6.161983	4.679470
436	1.098682	7.161983	4.679470
437	1.098682	8.161983	4.679470
438	1.098682	10.161983	4.661940
439	2.098682	3.161983	4.679470
440	2.098682	4.161983	4.679470
441	2.098682	5.161983	4.679470
442	2.098682	6.161983	4.679470
443	2.098682	7.161983	4.679470
444	2.098682	8.161983	4.679470
445	3.098682	3.161983	4.679470
446	3.098682	4.161983	4.679470
447	3.098682	6.161983	4.679470
448	3.098682	7.161983	4.679470
449	3.098682	8.161983	4.679470
450	-1.901318	-5.838017	4.701560
451	-1.901318	-3.838017	4.667220
452	-0.901318	-7.838017	4.701560
453	-0.901318	-6.838017	4.701560
454	-0.901318	-5.838017	4.701560
455	-0.901318	-4.838017	4.701560
456	-0.901318	-1.838017	4.670860
457	-0.901318	-0.838017	4.670860
458	-0.901318	0.161983	4.670860
459	-0.901318	1.161983	4.670860
460	0.098682	-7.838017	4.701560
461	0.098682	-6.838017	4.701560
462	0.098682	-5.838017	4.701560
463	0.098682	-4.838017	4.701560
464	1.098682	-7.838017	4.701560
465	1.098682	-6.838017	4.701560
466	1.098682	-5.838017	4.701560
467	1.098682	-4.838017	4.701560
468	2.098682	-7.838017	4.701560
469	2.098682	-6.838017	4.701560
470	2.098682	-5.838017	4.701560
471	2.098682	-4.838017	4.701560
472	3.098682	-4.838017	4.701300
473	4.098682	-4.838017	4.701300
474	5.098682	-4.838017	4.701300
475	1.098682	-2.838017	4.667420
476	1.098682	-1.838017	4.667420
477	2.098682	-2.838017	4.667420
478	2.098682	-1.838017	4.667420
479	2.098682	-0.838017	4.667420
480	3.098682	-2.838017	4.667420
481	3.098682	-1.838017	4.667420
482	3.098682	-0.838017	4.667420
483	3.098682	1.161983	4.687370
484	4.098682	-2.838017	4.667420
485	4.098682	-1.838017	4.667420
486	4.098682	-0.838017	4.667420
487	4.098682	1.161983	4.687370
488	5.098682	-2.838017	4.667420
489	5.098682	-1.838017	4.667420
490	5.098682	-0.838017	4.667420
