0	-10.514311	-23.095551	1.206373
1	-9.514311	-24.095551	1.206373
2	-9.514311	-23.095551	1.206373
3	-9.514311	-22.095551	1.206373
4	-9.514311	-21.095551	1.206373
5	-9.514311	-20.095551	1.206373
6	-8.514311	-24.095551	1.206373
7	-8.514311	-23.095551	1.206373
8	-8.514311	-22.095551	1.206373
9	-8.514311	-21.095551	1.206373
10	-8.514311	-20.095551	1.206373
11	-8.514311	-19.095551	1.206373
12	-8.514311	-18.095551	1.206373
13	-8.514311	-17.095551	1.206373
14	-7.514311	-25.095551	1.206373
15	-7.514311	-24.095551	1.206373
16	-7.514311	-23.095551	1.206373
17	-7.514311	-22.095551	1.206373
18	-7.514311	-21.095551	1.206373
19	-7.514311	-20.095551	1.206373
20	-7.514311	-19.095551	1.206373
21	-7.514311	-18.095551	1.206373
22	-7.514311	-17.095551	1.206373
23	-7.514311	-16.095551	1.206373
24	-7.514311	-15.095551	1.206373
25	-6.514311	-25.095551	1.206373
26	-6.514311	-24.095551	1.206373
27	-6.514311	-23.095551	1.206373
28	-6.514311	-22.095551	1.206373
29	-6.514311	-21.095551	1.206373
30	-6.514311	-20.095551	1.206373
31	-6.514311	-19.095551	1.206373
32	-6.514311	-18.095551	1.206373
33	-6.514311	-16.095551	1.206373
34	-6.514311	-15.095551	1.206373
35	-5.514311	-26.095551	1.206373
36	-5.514311	-25.095551	1.206373
37	-5.514311	-24.095551	1.206373
38	-5.514311	-23.095551	1.206373
39	-5.514311	-22.095551	1.206373
40	-5.514311	-21.095551	1.206373
41	-5.514311	-20.095551	1.206373
42	-5.514311	-19.095551	1.206373
43	-5.514311	-18.095551	1.468046
44	-5.514311	-17.095551	1.206373
45	-5.514311	-16.095551	1.206373
46	-5.514311	-14.095551	1.446160
47	-5.514311	-13.095551	1.446160
48	-5.514311	-12.095551	1.446160
49	-4.514311	-26.095551	1.206373
50	-4.514311	-25.095551	1.206373
51	-4.514311	-24.095551	1.206373
52	-4.514311	-23.095551	1.206373
53	-4.514311	-22.095551	1.206373
54	-4.514311	-21.095551	1.206373
55	-4.514311	-20.095551	1.206373
56	-4.514311	-19.095551	1.468046
57	-4.514311	-18.095551	1.468046
58	-3.514311	-27.095551	1.206373
59	-3.514311	-26.095551	1.206373
60	-3.514311	-25.095551	1.206373
61	-3.514311	-24.095551	1.206373
62	-3.514311	-23.095551	1.206373
63	-3.514311	-22.095551	1.206373
64	-3.514311	-21.095551	1.206373
65	-3.514311	-20.095551	1.468046
66	-3.514311	-19.095551	1.468046
67	-3.514311	-18.095551	1.468046
68	-3.514311	-17.095551	1.497173
69	-3.514311	-16.095551	1.497173
70	-3.514311	-15.095551	1.506495
71	-3.514311	-14.095551	1.506495
72	-3.514311	-13.095551	1.506495
73	-3.514311	-12.095551	1.506495
74	-3.514311	-11.095551	1.506495
75	-3.514311	-10.095551	1.506495
76	-2.514311	-27.095551	1.206373
77	-2.514311	-26.095551	1.206373
78	-2.514311	-25.095551	1.206373
79	-2.514311	-24.095551	1.206373
80	-2.514311	-23.095551	1.206373
81	-2.514311	-22.095551	1.206373
82	-2.514311	-21.095551	1.468046
83	-2.514311	-20.095551	1.468046
84	-2.514311	-13.095551	1.506495
85	-2.514311	-12.095551	1.506495
86	-2.514311	-11.095551	1.506495
87	-2.514311	-10.095551	1.506495
88	-1.514311	-25.095551	1.206373
89	-1.514311	-24.095551	1.206373
90	-1.514311	-23.095551	1.206373
91	-1.514311	-22.095551	1.206373
92	-1.514311	-21.095551	1.468046
93	-1.514311	-20.095551	1.468046
94	-1.514311	-17.095551	1.504976
95	-1.514311	-14.095551	1.506495
96	-1.514311	-13.095551	1.506495
97	-1.514311	-12.095551	1.506495
98	-1.514311	-11.095551	1.506495
99	-1.514311	-10.095551	1.506495
100	-0.514311	-27.095551	1.152767
101	-0.514311	-26.095551	1.152767
102	-0.514311	-23.095551	1.152767
103	-0.514311	-22.095551	1.152767
104	-0.514311	-20.095551	1.468046
105	-0.514311	-17.095551	1.504976
106	-0.514311	-16.095551	1.504976
107	-0.514311	-14.095551	1.506495
108	-0.514311	-13.095551	1.506495
109	-0.514311	-12.095551	1.506495
110	-0.514311	-11.095551	1.506495
111	-0.514311	-10.095551	1.506495
112	-0.514311	-0.095551	1.760898
113	-0.514311	0.904449	1.733603
114	0.485689	-27.095551	1.137222
115	0.485689	-26.095551	1.152767
116	0.485689	-25.095551	1.152767
117	0.485689	-24.095551	1.152767
118	0.485689	-17.095551	1.504976
119	0.485689	-14.095551	1.506495
120	0.485689	-13.095551	1.506495
121	0.485689	-12.095551	1.506495
122	0.485689	-11.095551	1.506495
123	0.485689	-10.095551	1.506495
124	0.485689	-1.095551	1.760898
125	0.485689	-0.095551	1.760898
126	0.485689	0.904449	1.733603
127	0.485689	1.904449	1.733603
128	0.485689	2.904449	1.733603
129	1.485689	-29.095551	1.137222
130	1.485689	-28.095551	1.137222
131	1.485689	-27.095551	1.137222
132	1.485689	-26.095551	1.137222
133	1.485689	-25.095551	1.152767
134	1.485689	-24.095551	1.152767
135	1.485689	-23.095551	1.152767
136	1.485689	-21.095551	1.135751
137	1.485689	-20.095551	1.135751
138	1.485689	-18.095551	1.509748
139	1.485689	-17.095551	1.509748
140	1.485689	-14.095551	1.506225
141	1.485689	-13.095551	1.506225
142	1.485689	-12.095551	1.506225
143	1.485689	-10.095551	1.506526
144	1.485689	-9.095551	1.506526
145	1.485689	-7.095551	1.541894
146	1.485689	-6.095551	1.541894
147	1.485689	-5.095551	1.541894
148	1.485689	-2.095551	1.760898
149	1.485689	-0.095551	1.760898
150	1.485689	0.904449	1.733603
151	1.485689	1.904449	1.733603
152	1.485689	2.904449	1.733603
153	1.485689	5.904449	2.012593
154	1.485689	6.904449	2.012593
155	2.485689	-28.095551	1.137222
156	2.485689	-27.095551	1.137222
157	2.485689	-26.095551	1.137222
158	2.485689	-25.095551	1.137222
159	2.485689	-24.095551	1.152767
160	2.485689	-23.095551	1.152767
161	2.485689	-22.095551	1.152767
162	2.485689	-21.095551	1.135751
163	2.485689	-20.095551	1.135751
164	2.485689	-18.095551	1.509748
165	2.485689	-17.095551	1.509748
166	2.485689	-16.095551	1.509748
167	2.485689	-14.095551	1.506225
168	2.485689	-13.095551	1.506225
169	2.485689	-12.095551	1.506225
170	2.485689	-9.095551	1.506526
171	2.485689	-7.095551	1.541894
172	2.485689	-6.095551	1.541894
173	2.485689	-5.095551	1.541894
174	2.485689	-0.095551	1.733603
175	2.485689	1.904449	1.733603
176	2.485689	2.904449	1.733603
177	2.485689	4.904449	2.012593
178	2.485689	5.904449	2.012593
179	2.485689	6.904449	2.012593
180	2.485689	7.904449	2.012593
181	3.485689	-27.095551	1.137222
182	3.485689	-26.095551	1.137222
183	3.485689	-25.095551	1.137222
184	3.485689	-24.095551	1.137222
185	3.485689	-22.095551	1.135751
186	3.485689	-21.095551	1.135751
187	3.485689	-20.095551	1.135751
188	3.485689	-19.095551	1.509748
189	3.485689	-18.095551	1.509748
190	3.485689	-17.095551	1.509748
191	3.485689	-16.095551	1.509748
192	3.485689	-14.095551	1.506225
193	3.485689	-12.095551	1.506225
194	3.485689	-7.095551	1.541894
195	3.485689	-6.095551	1.541894
196	3.485689	-5.095551	1.541894
197	3.485689	-0.095551	1.733603
198	3.485689	0.904449	1.733603
199	3.485689	1.904449	1.733603
200	3.485689	2.904449	1.733603
201	3.485689	4.904449	2.012593
202	3.485689	5.904449	2.012593
203	3.485689	6.904449	2.012593
204	3.485689	7.904449	2.012593
205	4.485689	-26.095551	1.137222
206	4.485689	-25.095551	1.137222
207	4.485689	-24.095551	1.137222
208	4.485689	-23.095551	1.135751
209	4.485689	-22.095551	1.135751
210	4.485689	-21.095551	1.135751
211	4.485689	-20.095551	1.135751
212	4.485689	-18.095551	1.509748
213	4.485689	-17.095551	1.509748
214	4.485689	-16.095551	1.509748
215	4.485689	-14.095551	1.506225
216	4.485689	-13.095551	1.506225
217	4.485689	-12.095551	1.506225
218	4.485689	-7.095551	1.541894
219	4.485689	-6.095551	1.541894
220	4.485689	-5.095551	1.541894
221	4.485689	-0.095551	1.733603
222	4.485689	0.904449	1.733603
223	4.485689	1.904449	1.733603
224	4.485689	4.904449	2.012593
225	4.485689	5.904449	2.012593
226	4.485689	6.904449	2.012593
227	4.485689	7.904449	2.012593
228	5.485689	-30.095551	1.123869
229	5.485689	-29.095551	1.123869
230	5.485689	-28.095551	1.172522
231	5.485689	-27.095551	1.172522
232	5.485689	-26.095551	1.172522
233	5.485689	-23.095551	1.135751
234	5.485689	-22.095551	1.135751
235	5.485689	-21.095551	1.135751
236	5.485689	-20.095551	1.135751
237	5.485689	-17.095551	1.509748
238	5.485689	-14.095551	1.506225
239	5.485689	-13.095551	1.506225
240	5.485689	-12.095551	1.506225
241	5.485689	-9.095551	1.712299
242	5.485689	-7.095551	1.541894
243	5.485689	-6.095551	1.541894
244	5.485689	-5.095551	1.541894
245	5.485689	-3.095551	1.510003
246	5.485689	-0.095551	1.784270
247	5.485689	0.904449	1.784270
248	5.485689	4.904449	2.012593
249	5.485689	5.904449	2.012593
250	5.485689	6.904449	2.012593
251	6.485689	-30.095551	1.123869
252	6.485689	-29.095551	1.123869
253	6.485689	-28.095551	1.172522
254	6.485689	-27.095551	1.172522
255	6.485689	-26.095551	1.172522
256	6.485689	-24.095551	1.135751
257	6.485689	-23.095551	1.135751
258	6.485689	-22.095551	1.135751
259	6.485689	-21.095551	1.135751
260	6.485689	-20.095551	1.135751
261	6.485689	-17.095551	1.519628
262	6.485689	-14.095551	1.519628
263	6.485689	-13.095551	1.519628
264	6.485689	-12.095551	1.519628
265	6.485689	-9.095551	1.529410
266	6.485689	-6.095551	1.529410
267	6.485689	-3.095551	1.529410
268	6.485689	-0.095551	1.784270
269	6.485689	0.904449	1.784270
270	6.485689	5.904449	2.058408
271	6.485689	6.904449	2.058408
272	7.485689	-28.095551	1.172522
273	7.485689	-27.095551	1.172522
274	7.485689	-26.095551	1.172522
275	7.485689	-24.095551	1.135751
276	7.485689	-23.095551	1.135751
277	7.485689	-22.095551	1.135751
278	7.485689	-21.095551	1.135751
279	7.485689	-20.095551	1.135751
280	7.485689	-19.095551	1.519628
281	7.485689	-18.095551	1.519628
282	7.485689	-17.095551	1.519628
283	7.485689	-16.095551	1.519628
284	7.485689	-15.095551	1.519628
285	7.485689	-14.095551	1.519628
286	7.485689	-13.095551	1.519628
287	7.485689	-12.095551	1.519628
288	7.485689	-11.095551	1.519628
289	7.485689	-9.095551	1.529410
290	7.485689	-8.095551	1.529410
291	7.485689	-7.095551	1.529410
292	7.485689	-6.095551	1.529410
293	7.485689	-5.095551	1.529410
294	7.485689	-4.095551	1.529410
295	7.485689	-3.095551	1.529410
296	7.485689	-2.095551	1.529410
297	7.485689	-1.095551	1.529410
298	7.485689	-0.095551	1.784270
299	7.485689	0.904449	1.784270
300	7.485689	1.904449	1.784270
301	7.485689	2.904449	2.058408
302	7.485689	3.904449	2.058408
303	7.485689	4.904449	2.058408
304	7.485689	5.904449	2.058408
305	7.485689	6.904449	2.058408
306	7.485689	7.904449	2.058408
307	8.485689	-24.095551	1.135751
308	8.485689	-23.095551	1.135751
309	8.485689	-22.095551	1.135751
310	8.485689	-21.095551	1.135751
311	8.485689	-20.095551	1.135751
312	8.485689	-19.095551	1.519628
313	8.485689	-18.095551	1.519628
314	8.485689	-17.095551	1.519628
315	8.485689	-16.095551	1.519628
316	8.485689	-15.095551	1.519628
317	8.485689	-14.095551	1.519628
318	8.485689	-13.095551	1.519628
319	8.485689	-12.095551	1.519628
320	8.485689	-6.095551	1.460589
321	8.485689	0.904449	1.791994
322	8.485689	4.904449	2.017457
323	8.485689	6.904449	2.017457
324	9.485689	-26.095551	1.135751
325	9.485689	-25.095551	1.135751
326	9.485689	-24.095551	1.135751
327	9.485689	-23.095551	1.135751
328	9.485689	-19.095551	1.519628
329	9.485689	-18.095551	1.519628
330	9.485689	-17.095551	1.519628
331	9.485689	-16.095551	1.519628
332	9.485689	-15.095551	1.519628
333	9.485689	-14.095551	1.519628
334	9.485689	-13.095551	1.519628
335	9.485689	-12.095551	1.519628
336	9.485689	-11.095551	1.519628
337	9.485689	-9.095551	1.460589
338	9.485689	-8.095551	1.460589
339	9.485689	-7.095551	1.460589
340	9.485689	-6.095551	1.460589
341	9.485689	-5.095551	1.460589
342	9.485689	-4.095551	1.460589
343	9.485689	-3.095551	1.460589
344	9.485689	-2.095551	1.460589
345	9.485689	-1.095551	1.460589
346	9.485689	-0.095551	1.791994
347	9.485689	0.904449	1.791994
348	9.485689	1.904449	1.791994
349	9.485689	2.904449	2.065239
350	9.485689	3.904449	2.065239
351	9.485689	4.904449	2.017457
352	9.485689	5.904449	2.017457
353	9.485689	6.904449	2.017457
354	10.485689	-26.095551	1.135751
355	10.485689	-25.095551	1.135751
356	10.485689	-24.095551	1.135751
357	10.485689	-23.095551	1.135751
358	10.485689	-20.095551	1.489956
359	10.485689	-19.095551	1.519628
360	10.485689	-18.095551	1.519628
361	10.485689	-17.095551	1.519628
362	10.485689	-16.095551	1.519628
363	10.485689	-15.095551	1.519628
364	10.485689	-14.095551	1.519628
365	10.485689	-13.095551	1.519628
366	10.485689	-9.095551	1.460589
367	10.485689	-8.095551	1.460589
368	10.485689	-7.095551	1.460589
369	10.485689	-6.095551	1.460589
370	10.485689	-5.095551	1.460589
371	10.485689	-4.095551	1.460589
372	10.485689	-3.095551	1.460589
373	10.485689	-2.095551	1.460589
374	10.485689	-1.095551	1.460589
375	10.485689	-0.095551	1.791994
376	10.485689	0.904449	1.791994
377	10.485689	1.904449	1.791994
378	10.485689	2.904449	2.065239
379	10.485689	3.904449	2.065239
380	10.485689	4.904449	2.017457
381	10.485689	5.904449	2.017457
382	10.485689	6.904449	2.017457
383	10.485689	7.904449	2.017457
384	11.485689	-25.095551	1.135751
385	11.485689	-20.095551	1.489956
386	11.485689	-19.095551	1.502708
387	11.485689	-18.095551	1.502708
388	11.485689	-16.095551	1.391361
389	11.485689	-15.095551	1.391361
390	11.485689	-9.095551	1.460589
391	11.485689	-8.095551	1.460589
392	11.485689	-7.095551	1.460589
393	11.485689	-6.095551	1.460589
394	11.485689	-5.095551	1.460589
395	11.485689	-4.095551	1.460589
396	11.485689	-3.095551	1.460589
397	11.485689	-2.095551	1.460589
398	11.485689	-0.095551	1.791994
399	11.485689	0.904449	1.791994
400	11.485689	2.904449	2.065239
401	11.485689	4.904449	2.017457
402	11.485689	5.904449	2.017457
403	11.485689	6.904449	2.017457
404	11.485689	7.904449	2.017457
405	12.485689	-31.095551	1.312899
406	12.485689	-30.095551	1.312899
407	12.485689	-29.095551	1.312899
408	12.485689	-28.095551	1.312899
409	12.485689	-18.095551	1.502708
410	12.485689	-16.095551	1.391361
411	12.485689	-15.095551	1.391361
412	12.485689	-14.095551	1.391361
413	12.485689	-13.095551	1.391361
414	12.485689	-12.095551	1.391361
415	12.485689	-11.095551	1.294861
416	12.485689	-10.095551	1.294861
417	12.485689	-9.095551	1.294861
418	12.485689	-8.095551	1.294861
419	12.485689	-7.095551	1.294861
420	12.485689	-6.095551	1.294861
421	12.485689	-5.095551	1.294861
422	12.485689	-4.095551	1.294861
423	12.485689	-3.095551	1.294861
424	12.485689	-2.095551	1.294861
425	12.485689	-1.095551	1.294861
426	12.485689	-0.095551	1.294861
427	12.485689	0.904449	1.294861
428	12.485689	1.904449	1.294861
429	12.485689	2.904449	1.294861
430	12.485689	4.904449	2.017457
431	12.485689	5.904449	2.017457
432	12.485689	6.904449	2.017457
433	12.485689	7.904449	2.017457
434	12.485689	8.904449	1.294861
435	13.485689	-31.095551	1.312899
436	13.485689	-30.095551	1.312899
437	13.485689	-29.095551	1.312899
438	13.485689	-28.095551	1.312899
439	13.485689	-18.095551	1.502708
440	13.485689	-16.095551	1.391361
441	13.485689	-15.095551	1.391361
442	13.485689	-14.095551	1.391361
443	13.485689	-13.095551	1.391361
444	13.485689	-12.095551	1.391361
445	13.485689	-11.095551	1.294861
446	13.485689	-10.095551	1.294861
447	13.485689	-9.095551	1.294861
448	13.485689	-8.095551	1.294861
449	13.485689	-7.095551	1.294861
450	13.485689	-6.095551	1.294861
451	13.485689	-5.095551	1.294861
452	13.485689	-4.095551	1.294861
453	13.485689	-3.095551	1.294861
454	13.485689	-2.095551	1.294861
455	13.485689	-1.095551	1.294861
456	13.485689	-0.095551	1.294861
457	13.485689	0.904449	1.294861
458	13.485689	1.904449	1.294861
459	13.485689	2.904449	1.294861
460	13.485689	6.904449	1.294861
461	13.485689	8.904449	1.294861
462	14.485689	-31.095551	1.312899
463	14.485689	-30.095551	1.312899
464	14.485689	-29.095551	1.312899
465	14.485689	-28.095551	1.312899
466	14.485689	-18.095551	1.502708
467	14.485689	-17.095551	1.391361
468	14.485689	-16.095551	1.391361
469	14.485689	-15.095551	1.391361
470	14.485689	-14.095551	1.391361
471	14.485689	-13.095551	1.391361
472	14.485689	-12.095551	1.391361
473	14.485689	-11.095551	1.294861
474	14.485689	-10.095551	1.294861
475	14.485689	-9.095551	1.294861
476	14.485689	-8.095551	1.294861
477	14.485689	-7.095551	1.294861
478	14.485689	-6.095551	1.294861
479	14.485689	-5.095551	1.294861
480	14.485689	-4.095551	1.294861
481	14.485689	-3.095551	1.294861
482	14.485689	-2.095551	1.294861
483	14.485689	-1.095551	1.294861
484	14.485689	-0.095551	1.294861
485	14.485689	0.904449	1.294861
486	14.485689	1.904449	1.294861
487	14.485689	2.904449	1.294861
488	14.485689	3.904449	1.294861
489	14.485689	4.904449	1.294861
490	14.485689	5.904449	1.294861
491	14.485689	6.904449	1.294861
492	14.485689	7.904449	1.294861
493	14.485689	8.904449	1.294861
494	15.485689	-31.095551	1.312899
495	15.485689	-30.095551	1.312899
496	15.485689	-29.095551	1.312899
497	15.485689	-28.095551	1.312899
498	15.485689	-18.095551	1.502708
499	15.485689	-16.095551	1.391361
500	15.485689	-15.095551	1.391361
501	15.485689	-14.095551	1.391361
502	15.485689	-13.095551	1.391361
503	15.485689	-12.095551	1.391361
504	15.485689	-11.095551	1.294861
505	15.485689	-10.095551	1.294861
506	15.485689	-9.095551	1.294861
507	15.485689	-8.095551	1.294861
508	15.485689	-7.095551	1.294861
509	15.485689	-6.095551	1.294861
510	15.485689	-5.095551	1.294861
511	15.485689	-4.095551	1.294861
512	15.485689	-3.095551	1.294861
513	15.485689	-2.095551	1.294861
514	15.485689	-1.095551	1.294861
515	15.485689	-0.095551	1.294861
516	15.485689	0.904449	1.294861
517	15.485689	1.904449	1.294861
518	15.485689	2.904449	1.294861
519	15.485689	3.904449	1.294861
520	15.485689	4.904449	1.294861
521	15.485689	5.904449	1.294861
522	15.485689	6.904449	1.294861
523	15.485689	7.904449	1.294861
524	15.485689	8.904449	1.294861
525	16.485689	-31.095551	1.312899
526	16.485689	-30.095551	1.312899
527	16.485689	-29.095551	1.312899
528	16.485689	-28.095551	1.312899
529	16.485689	-18.095551	1.502708
530	16.485689	-16.095551	1.391361
531	16.485689	-15.095551	1.391361
532	16.485689	-14.095551	1.391361
533	16.485689	-13.095551	1.391361
534	16.485689	-12.095551	1.391361
535	16.485689	-11.095551	1.294861
536	16.485689	-10.095551	1.294861
537	16.485689	-9.095551	1.294861
538	16.485689	-8.095551	1.294861
539	16.485689	-7.095551	1.294861
540	16.485689	-6.095551	1.294861
541	16.485689	-5.095551	1.294861
542	16.485689	-4.095551	1.294861
543	16.485689	-3.095551	1.294861
544	16.485689	-2.095551	1.294861
545	16.485689	-1.095551	1.294861
546	16.485689	-0.095551	1.294861
547	16.485689	0.904449	1.294861
548	16.485689	1.904449	1.294861
549	16.485689	2.904449	1.294861
550	16.485689	3.904449	1.294861
551	16.485689	4.904449	1.294861
552	16.485689	5.904449	1.294861
553	16.485689	6.904449	1.294861
554	16.485689	7.904449	1.294861
555	16.485689	8.904449	1.294861
556	17.485689	-31.095551	1.312899
557	17.485689	-30.095551	1.312899
558	17.485689	-29.095551	1.312899
559	17.485689	-28.095551	1.312899
560	17.485689	-25.095551	1.481240
561	17.485689	-24.095551	1.481240
562	17.485689	-23.095551	1.481240
563	17.485689	-22.095551	1.507737
564	17.485689	-21.095551	1.507737
565	17.485689	-20.095551	1.507737
566	17.485689	-19.095551	1.507737
567	17.485689	-18.095551	1.502708
568	17.485689	-16.095551	1.391361
569	17.485689	-15.095551	1.391361
570	17.485689	-14.095551	1.391361
571	17.485689	-13.095551	1.391361
572	17.485689	-12.095551	1.391361
573	17.485689	-11.095551	1.294861
574	17.485689	-10.095551	1.294861
575	17.485689	-9.095551	1.294861
576	17.485689	-8.095551	1.294861
577	17.485689	-7.095551	1.294861
578	17.485689	-6.095551	1.294861
579	17.485689	-5.095551	1.294861
580	17.485689	-4.095551	1.294861
581	17.485689	-3.095551	1.294861
582	17.485689	-2.095551	1.294861
583	17.485689	-1.095551	1.294861
584	17.485689	-0.095551	1.294861
585	17.485689	0.904449	1.294861
586	17.485689	1.904449	1.294861
587	17.485689	2.904449	1.294861
588	17.485689	3.904449	1.294861
589	17.485689	4.904449	1.294861
590	17.485689	5.904449	1.294861
591	17.485689	6.904449	1.294861
592	17.485689	7.904449	1.294861
593	17.485689	8.904449	1.294861
594	18.485689	-31.095551	1.312899
595	18.485689	-30.095551	1.312899
596	18.485689	-29.095551	1.312899
597	18.485689	-25.095551	1.481240
598	18.485689	-24.095551	1.481240
599	18.485689	-23.095551	1.481240
600	18.485689	-21.095551	1.507737
601	18.485689	-20.095551	1.507737
602	18.485689	-19.095551	1.507737
603	18.485689	-18.095551	1.502708
604	18.485689	-17.095551	1.391361
605	18.485689	-16.095551	1.391361
606	18.485689	-15.095551	1.391361
607	18.485689	-14.095551	1.391361
608	18.485689	-13.095551	1.391361
609	18.485689	-12.095551	1.391361
610	18.485689	-11.095551	1.294861
611	18.485689	-10.095551	1.294861
612	18.485689	-9.095551	1.294861
613	18.485689	-8.095551	1.294861
614	18.485689	-7.095551	1.294861
615	18.485689	-6.095551	1.294861
616	18.485689	-5.095551	1.294861
617	18.485689	-4.095551	1.294861
618	18.485689	-3.095551	1.294861
619	18.485689	-2.095551	1.294861
620	18.485689	-1.095551	1.294861
621	18.485689	-0.095551	1.294861
622	18.485689	0.904449	1.294861
623	18.485689	1.904449	1.294861
624	18.485689	2.904449	1.294861
625	18.485689	3.904449	1.294861
626	18.485689	4.904449	1.294861
627	18.485689	5.904449	1.294861
628	18.485689	6.904449	1.294861
629	18.485689	7.904449	1.294861
630	18.485689	8.904449	1.294861
631	18.485689	9.904449	1.294861
632	19.485689	-31.095551	1.312899
633	19.485689	-30.095551	1.312899
634	19.485689	-25.095551	1.481240
635	19.485689	-24.095551	1.481240
636	19.485689	-23.095551	1.481240
637	19.485689	-21.095551	1.507737
638	19.485689	-20.095551	1.507737
639	19.485689	-19.095551	1.507737
640	19.485689	-18.095551	1.502708
641	19.485689	-17.095551	1.391361
642	19.485689	-16.095551	1.391361
643	19.485689	-15.095551	1.391361
644	19.485689	-14.095551	1.391361
645	19.485689	-13.095551	1.391361
646	19.485689	-12.095551	1.391361
647	19.485689	-11.095551	1.294861
648	19.485689	-10.095551	1.294861
649	19.485689	-9.095551	1.294861
650	19.485689	-8.095551	1.294861
651	19.485689	-7.095551	1.294861
652	19.485689	-6.095551	1.294861
653	19.485689	-5.095551	1.294861
654	19.485689	-4.095551	1.294861
655	19.485689	-3.095551	1.294861
656	19.485689	-2.095551	1.294861
657	19.485689	-1.095551	1.294861
658	19.485689	-0.095551	1.294861
659	19.485689	0.904449	1.294861
660	19.485689	1.904449	1.294861
661	19.485689	2.904449	1.294861
662	19.485689	3.904449	1.294861
663	19.485689	4.904449	1.294861
664	19.485689	5.904449	1.294861
665	19.485689	6.904449	1.294861
666	19.485689	7.904449	1.294861
667	19.485689	8.904449	1.294861
668	19.485689	9.904449	1.294861
669	20.485689	-31.095551	1.312899
670	20.485689	-30.095551	1.312899
671	20.485689	-29.095551	1.312899
672	20.485689	-25.095551	1.481240
673	20.485689	-24.095551	1.481240
674	20.485689	-23.095551	1.481240
675	20.485689	-22.095551	1.468297
676	20.485689	-21.095551	1.468297
677	20.485689	-20.095551	1.468297
678	20.485689	-19.095551	1.468297
679	20.485689	-18.095551	1.468297
680	20.485689	-16.095551	1.391361
681	20.485689	-15.095551	1.391361
682	20.485689	-14.095551	1.391361
683	20.485689	-13.095551	1.391361
684	20.485689	-12.095551	1.391361
685	20.485689	-11.095551	1.294861
686	20.485689	-10.095551	1.294861
687	20.485689	-9.095551	1.294861
688	20.485689	-8.095551	1.294861
689	20.485689	-7.095551	1.294861
690	20.485689	-6.095551	1.294861
691	20.485689	-5.095551	1.294861
692	20.485689	-4.095551	1.294861
693	20.485689	-3.095551	1.294861
694	20.485689	-2.095551	1.294861
695	20.485689	-1.095551	1.294861
696	20.485689	-0.095551	1.294861
697	20.485689	0.904449	1.294861
698	20.485689	1.904449	1.294861
699	20.485689	2.904449	1.294861
700	20.485689	3.904449	1.294861
701	20.485689	4.904449	1.294861
702	20.485689	5.904449	1.294861
703	20.485689	6.904449	1.294861
704	20.485689	7.904449	1.294861
705	20.485689	8.904449	1.294861
706	20.485689	9.904449	1.294861
707	21.485689	-31.095551	1.312899
708	21.485689	-29.095551	1.312899
709	21.485689	-25.095551	1.199152
710	21.485689	-16.095551	1.391361
711	21.485689	-15.095551	1.391361
712	21.485689	-14.095551	1.391361
713	21.485689	-13.095551	1.391361
714	21.485689	-12.095551	1.391361
715	21.485689	-11.095551	1.294861
716	21.485689	-10.095551	1.294861
717	21.485689	-9.095551	1.294861
718	21.485689	-8.095551	1.294861
719	21.485689	-7.095551	1.294861
720	21.485689	-6.095551	1.294861
721	21.485689	-5.095551	1.294861
722	21.485689	-4.095551	1.294861
723	21.485689	-3.095551	1.294861
724	21.485689	-2.095551	1.294861
725	21.485689	-1.095551	1.294861
726	21.485689	-0.095551	1.294861
727	21.485689	0.904449	1.294861
728	21.485689	1.904449	1.294861
729	21.485689	2.904449	1.294861
730	21.485689	3.904449	1.294861
731	21.485689	4.904449	1.294861
732	21.485689	5.904449	1.294861
733	21.485689	6.904449	1.294861
734	21.485689	7.904449	1.294861
735	21.485689	8.904449	1.294861
736	21.485689	9.904449	1.294861
737	22.485689	-31.095551	1.312899
738	22.485689	-30.095551	1.312899
739	22.485689	-29.095551	1.312899
740	22.485689	-28.095551	1.312899
741	22.485689	-27.095551	1.199152
742	22.485689	-26.095551	1.199152
743	22.485689	-25.095551	1.199152
744	22.485689	-24.095551	1.199152
745	22.485689	-16.095551	1.391361
746	22.485689	-15.095551	1.391361
747	22.485689	-14.095551	1.391361
748	22.485689	-13.095551	1.391361
749	22.485689	-12.095551	1.391361
750	22.485689	-11.095551	1.294861
751	22.485689	-10.095551	1.294861
752	22.485689	-9.095551	1.294861
753	22.485689	-8.095551	1.294861
754	22.485689	-7.095551	1.294861
755	22.485689	-6.095551	1.294861
756	22.485689	-5.095551	1.294861
757	22.485689	-4.095551	1.294861
758	22.485689	-3.095551	1.294861
759	22.485689	-2.095551	1.294861
760	22.485689	-1.095551	1.294861
761	22.485689	-0.095551	1.294861
762	22.485689	0.904449	1.294861
763	22.485689	1.904449	1.294861
764	22.485689	2.904449	1.294861
765	22.485689	3.904449	1.294861
766	22.485689	4.904449	1.294861
767	22.485689	5.904449	1.294861
768	22.485689	6.904449	1.294861
769	22.485689	7.904449	1.294861
770	22.485689	8.904449	1.294861
771	22.485689	9.904449	1.294861
772	23.485689	-32.095551	1.312899
773	23.485689	-31.095551	1.312899
774	23.485689	-30.095551	1.312899
775	23.485689	-29.095551	1.312899
776	23.485689	-28.095551	1.312899
777	23.485689	-27.095551	1.199152
778	23.485689	-26.095551	1.199152
779	23.485689	-25.095551	1.199152
780	23.485689	-16.095551	1.391361
781	23.485689	-15.095551	1.391361
782	23.485689	-14.095551	1.391361
783	23.485689	-13.095551	1.391361
784	23.485689	-12.095551	1.391361
785	23.485689	-11.095551	1.294861
786	23.485689	-10.095551	1.294861
787	23.485689	-9.095551	1.294861
788	23.485689	-8.095551	1.294861
789	23.485689	-7.095551	1.294861
790	23.485689	-6.095551	1.294861
791	23.485689	-5.095551	1.294861
792	23.485689	-4.095551	1.294861
793	23.485689	-3.095551	1.294861
794	23.485689	-2.095551	1.294861
795	23.485689	-1.095551	1.294861
796	23.485689	-0.095551	1.294861
797	23.485689	0.904449	1.294861
798	23.485689	1.904449	1.294861
799	23.485689	2.904449	1.294861
800	23.485689	3.904449	1.294861
801	23.485689	4.904449	1.294861
802	23.485689	5.904449	1.294861
803	23.485689	6.904449	1.294861
804	23.485689	7.904449	1.294861
805	23.485689	8.904449	1.294861
806	23.485689	9.904449	1.294861
807	24.485689	-32.095551	1.199152
808	24.485689	-30.095551	1.199152
809	24.485689	-29.095551	1.199152
810	24.485689	-28.095551	1.199152
811	24.485689	-27.095551	1.199152
812	24.485689	-25.095551	1.199152
813	24.485689	-11.095551	1.504345
814	24.485689	-10.095551	1.294861
815	24.485689	-9.095551	1.294861
816	24.485689	-8.095551	1.294861
817	24.485689	-7.095551	1.294861
818	24.485689	-6.095551	1.294861
819	24.485689	-5.095551	1.294861
820	24.485689	-4.095551	1.294861
821	24.485689	-3.095551	1.294861
822	24.485689	-2.095551	1.294861
823	24.485689	-1.095551	1.294861
824	24.485689	-0.095551	1.294861
825	24.485689	0.904449	1.294861
826	24.485689	1.904449	1.294861
827	24.485689	2.904449	1.294861
828	24.485689	3.904449	1.294861
829	24.485689	4.904449	1.294861
830	24.485689	5.904449	1.294861
831	24.485689	6.904449	1.294861
832	24.485689	7.904449	1.294861
833	24.485689	8.904449	1.294861
834	24.485689	9.904449	1.294861
835	25.485689	-32.095551	1.199152
836	25.485689	-31.095551	1.199152
837	25.485689	-30.095551	1.199152
838	25.485689	-29.095551	1.199152
839	25.485689	-28.095551	1.199152
840	25.485689	-27.095551	1.199152
841	25.485689	-26.095551	1.199152
842	25.485689	-25.095551	1.199152
843	25.485689	-12.095551	1.504345
844	25.485689	-11.095551	1.504345
845	25.485689	-10.095551	1.294861
846	25.485689	-9.095551	1.294861
847	25.485689	-8.095551	1.294861
848	25.485689	-7.095551	1.294861
849	25.485689	-6.095551	1.294861
850	25.485689	-5.095551	1.294861
851	25.485689	-4.095551	1.294861
852	25.485689	-3.095551	1.294861
853	25.485689	-2.095551	1.294861
854	25.485689	-1.095551	1.294861
855	25.485689	-0.095551	1.294861
856	25.485689	0.904449	1.294861
857	25.485689	1.904449	1.294861
858	25.485689	2.904449	1.294861
859	25.485689	3.904449	1.294861
860	25.485689	4.904449	1.294861
861	25.485689	5.904449	1.294861
862	25.485689	6.904449	1.294861
863	25.485689	7.904449	1.294861
864	25.485689	8.904449	1.294861
865	25.485689	9.904449	1.294861
866	26.485689	-32.095551	1.199152
867	26.485689	-31.095551	1.199152
868	26.485689	-30.095551	1.199152
869	26.485689	-29.095551	1.199152
870	26.485689	-28.095551	1.199152
871	26.485689	-27.095551	1.199152
872	26.485689	-26.095551	1.199152
873	26.485689	-25.095551	1.199152
874	26.485689	-18.095551	1.199152
875	26.485689	-17.095551	1.294861
876	26.485689	-16.095551	1.294861
877	26.485689	-15.095551	1.294861
878	26.485689	-14.095551	1.294861
879	26.485689	-13.095551	1.294861
880	26.485689	-12.095551	1.294861
881	26.485689	-11.095551	1.294861
882	26.485689	-10.095551	1.294861
883	26.485689	-9.095551	1.294861
884	26.485689	-8.095551	1.294861
885	26.485689	-7.095551	1.294861
886	26.485689	-6.095551	1.294861
887	26.485689	-5.095551	1.294861
888	26.485689	-4.095551	1.294861
889	26.485689	-3.095551	1.294861
890	26.485689	-2.095551	1.294861
891	26.485689	-1.095551	1.294861
892	26.485689	-0.095551	1.294861
893	26.485689	0.904449	1.294861
894	26.485689	1.904449	1.294861
895	26.485689	2.904449	1.294861
896	26.485689	3.904449	1.294861
897	26.485689	4.904449	1.294861
898	26.485689	5.904449	1.294861
899	26.485689	6.904449	1.294861
900	26.485689	7.904449	1.294861
901	26.485689	8.904449	1.294861
902	26.485689	9.904449	1.294861
903	27.485689	-32.095551	1.199152
904	27.485689	-31.095551	1.199152
905	27.485689	-30.095551	1.199152
906	27.485689	-29.095551	1.199152
907	27.485689	-28.095551	1.199152
908	27.485689	-27.095551	1.199152
909	27.485689	-26.095551	1.199152
910	27.485689	-25.095551	1.199152
911	27.485689	-24.095551	1.199152
912	27.485689	-23.095551	1.199152
913	27.485689	-22.095551	1.199152
914	27.485689	-21.095551	1.199152
915	27.485689	-20.095551	1.199152
916	27.485689	-19.095551	1.199152
917	27.485689	-18.095551	1.199152
918	27.485689	-17.095551	1.294861
919	27.485689	-16.095551	1.294861
920	27.485689	-15.095551	1.294861
921	27.485689	-14.095551	1.294861
922	27.485689	-13.095551	1.294861
923	27.485689	-12.095551	1.294861
924	27.485689	-11.095551	1.294861
925	27.485689	-10.095551	1.294861
926	27.485689	-9.095551	1.294861
927	27.485689	-8.095551	1.294861
928	27.485689	-7.095551	1.294861
929	27.485689	-6.095551	1.294861
930	27.485689	-5.095551	1.294861
931	27.485689	-4.095551	1.294861
932	27.485689	-3.095551	1.294861
933	27.485689	-2.095551	1.294861
934	27.485689	-1.095551	1.294861
935	27.485689	-0.095551	1.294861
936	27.485689	0.904449	1.294861
937	27.485689	1.904449	1.294861
938	27.485689	2.904449	1.294861
939	27.485689	3.904449	1.294861
940	27.485689	4.904449	1.294861
941	27.485689	5.904449	1.294861
942	27.485689	6.904449	1.294861
943	27.485689	7.904449	1.294861
944	27.485689	8.904449	1.294861
945	27.485689	9.904449	1.294861
946	28.485689	-32.095551	1.199152
947	28.485689	-31.095551	1.199152
948	28.485689	-30.095551	1.199152
949	28.485689	-29.095551	1.199152
950	28.485689	-28.095551	1.199152
951	28.485689	-27.095551	1.199152
952	28.485689	-26.095551	1.199152
953	28.485689	-25.095551	1.199152
954	28.485689	-24.095551	1.199152
955	28.485689	-23.095551	1.199152
956	28.485689	-22.095551	1.199152
957	28.485689	-21.095551	1.199152
958	28.485689	-20.095551	1.199152
959	28.485689	-19.095551	1.199152
960	28.485689	-18.095551	1.199152
961	28.485689	-17.095551	1.294861
962	28.485689	-16.095551	1.294861
963	28.485689	-15.095551	1.294861
964	28.485689	-14.095551	1.294861
965	28.485689	-13.095551	1.294861
966	28.485689	-12.095551	1.294861
967	28.485689	-11.095551	1.294861
968	28.485689	-10.095551	1.294861
969	28.485689	-9.095551	1.294861
970	28.485689	-8.095551	1.294861
971	28.485689	-7.095551	1.294861
972	28.485689	-6.095551	1.294861
973	28.485689	-5.095551	1.294861
974	28.485689	-4.095551	1.294861
975	28.485689	-3.095551	1.294861
976	28.485689	-2.095551	1.294861
977	28.485689	-1.095551	1.294861
978	28.485689	-0.095551	1.294861
979	28.485689	0.904449	1.294861
980	28.485689	1.904449	1.294861
981	28.485689	2.904449	1.294861
982	28.485689	3.904449	1.294861
983	28.485689	4.904449	1.294861
984	28.485689	5.904449	1.294861
985	28.485689	6.904449	1.294861
986	28.485689	7.904449	1.294861
987	28.485689	8.904449	1.294861
988	28.485689	9.904449	1.294861
989	29.485689	-31.095551	1.199152
990	29.485689	-30.095551	1.199152
991	29.485689	-29.095551	1.199152
992	29.485689	-28.095551	1.199152
993	29.485689	-27.095551	1.199152
994	29.485689	-26.095551	1.199152
995	29.485689	-25.095551	1.199152
996	29.485689	-24.095551	1.199152
997	29.485689	-23.095551	1.199152
998	29.485689	-22.095551	1.199152
999	29.485689	-21.095551	1.199152
1000	29.485689	-20.095551	1.199152
1001	29.485689	-19.095551	1.199152
1002	29.485689	-18.095551	1.199152
1003	29.485689	-16.095551	1.294861
1004	29.485689	-15.095551	1.294861
1005	29.485689	-14.095551	1.294861
1006	29.485689	-13.095551	1.294861
1007	29.485689	-12.095551	1.294861
1008	29.485689	-11.095551	1.294861
1009	29.485689	-10.095551	1.294861
1010	29.485689	-9.095551	1.294861
1011	29.485689	-8.095551	1.294861
1012	29.485689	-7.095551	1.294861
1013	29.485689	-6.095551	1.294861
1014	29.485689	-5.095551	1.294861
1015	29.485689	-4.095551	1.294861
1016	29.485689	-3.095551	1.294861
1017	29.485689	-2.095551	1.294861
1018	29.485689	-1.095551	1.294861
1019	29.485689	-0.095551	1.294861
1020	29.485689	0.904449	1.294861
1021	29.485689	1.904449	1.294861
1022	29.485689	2.904449	1.294861
1023	29.485689	3.904449	1.294861
1024	29.485689	4.904449	1.294861
1025	29.485689	5.904449	1.294861
1026	29.485689	6.904449	1.294861
1027	29.485689	7.904449	1.294861
1028	29.485689	8.904449	1.294861
1029	29.485689	9.904449	1.294861
1030	30.485689	-32.095551	1.199152
1031	30.485689	-31.095551	1.199152
1032	30.485689	-30.095551	1.199152
1033	30.485689	-29.095551	1.199152
1034	30.485689	-28.095551	1.199152
1035	30.485689	-27.095551	1.199152
1036	30.485689	-26.095551	1.199152
1037	30.485689	-25.095551	1.199152
1038	30.485689	-24.095551	1.199152
1039	30.485689	-23.095551	1.199152
1040	30.485689	-22.095551	1.199152
1041	30.485689	-21.095551	1.199152
1042	30.485689	-20.095551	1.199152
1043	30.485689	-19.095551	1.199152
1044	30.485689	-18.095551	1.199152
1045	30.485689	-17.095551	1.294861
1046	30.485689	-16.095551	1.294861
1047	30.485689	-15.095551	1.294861
1048	30.485689	-14.095551	1.294861
1049	30.485689	-13.095551	1.294861
1050	30.485689	-12.095551	1.294861
1051	30.485689	-11.095551	1.294861
1052	30.485689	-10.095551	1.294861
1053	30.485689	-9.095551	1.294861
1054	30.485689	-8.095551	1.294861
1055	30.485689	-7.095551	1.294861
1056	30.485689	-6.095551	1.294861
1057	30.485689	-5.095551	1.294861
1058	30.485689	-4.095551	1.294861
1059	30.485689	-3.095551	1.294861
1060	30.485689	-2.095551	1.294861
1061	30.485689	-1.095551	1.294861
1062	30.485689	-0.095551	1.294861
1063	30.485689	0.904449	1.294861
1064	30.485689	1.904449	1.294861
1065	30.485689	2.904449	1.294861
1066	30.485689	3.904449	1.294861
1067	30.485689	4.904449	1.294861
1068	30.485689	5.904449	1.294861
1069	30.485689	6.904449	1.294861
1070	30.485689	7.904449	1.294861
1071	30.485689	8.904449	1.294861
1072	30.485689	9.904449	1.294861
1073	31.485689	-32.095551	1.199152
1074	31.485689	-31.095551	1.199152
1075	31.485689	-30.095551	1.199152
1076	31.485689	-29.095551	1.199152
1077	31.485689	-28.095551	1.199152
1078	31.485689	-27.095551	1.199152
1079	31.485689	-26.095551	1.199152
1080	31.485689	-25.095551	1.199152
1081	31.485689	-24.095551	1.199152
1082	31.485689	-23.095551	1.199152
1083	31.485689	-22.095551	1.199152
1084	31.485689	-21.095551	1.199152
1085	31.485689	-20.095551	1.199152
1086	31.485689	-19.095551	1.199152
1087	31.485689	-18.095551	1.199152
1088	31.485689	-17.095551	1.294861
1089	31.485689	-16.095551	1.294861
1090	31.485689	-15.095551	1.294861
1091	31.485689	-14.095551	1.294861
1092	31.485689	-13.095551	1.294861
1093	31.485689	-12.095551	1.294861
1094	31.485689	-11.095551	1.294861
1095	31.485689	-10.095551	1.294861
1096	31.485689	-9.095551	1.294861
1097	31.485689	-8.095551	1.294861
1098	31.485689	-7.095551	1.294861
1099	31.485689	-6.095551	1.294861
1100	31.485689	-5.095551	1.294861
1101	31.485689	-4.095551	1.294861
1102	31.485689	-3.095551	1.294861
1103	31.485689	-2.095551	1.294861
1104	31.485689	-1.095551	1.294861
1105	31.485689	-0.095551	1.294861
1106	31.485689	0.904449	1.294861
1107	31.485689	1.904449	1.294861
1108	31.485689	2.904449	1.294861
1109	31.485689	3.904449	1.294861
1110	31.485689	4.904449	1.294861
1111	31.485689	5.904449	1.294861
1112	31.485689	6.904449	1.294861
1113	31.485689	7.904449	1.294861
1114	31.485689	8.904449	1.294861
1115	31.485689	9.904449	1.294861
1116	32.485687	-32.095551	1.199152
1117	32.485687	-31.095551	1.199152
1118	32.485687	-30.095551	1.199152
1119	32.485687	-29.095551	1.199152
1120	32.485687	-28.095551	1.199152
1121	32.485687	-27.095551	1.199152
1122	32.485687	-26.095551	1.199152
1123	32.485687	-25.095551	1.199152
1124	32.485687	-24.095551	1.199152
1125	32.485687	-23.095551	1.199152
1126	32.485687	-22.095551	1.199152
1127	32.485687	-21.095551	1.199152
1128	32.485687	-20.095551	1.199152
1129	32.485687	-19.095551	1.199152
1130	32.485687	-18.095551	1.199152
1131	32.485687	-17.095551	1.294861
1132	32.485687	-16.095551	1.294861
1133	32.485687	-15.095551	1.294861
1134	32.485687	-14.095551	1.294861
1135	32.485687	-13.095551	1.294861
1136	32.485687	-12.095551	1.294861
1137	32.485687	-11.095551	1.294861
1138	32.485687	-10.095551	1.294861
1139	32.485687	-9.095551	1.294861
1140	32.485687	-8.095551	1.294861
1141	32.485687	-7.095551	1.294861
1142	32.485687	-6.095551	1.294861
1143	32.485687	-5.095551	1.294861
1144	32.485687	-4.095551	1.294861
1145	32.485687	-3.095551	1.294861
1146	32.485687	-2.095551	1.294861
1147	32.485687	-1.095551	1.294861
1148	32.485687	-0.095551	1.294861
1149	32.485687	0.904449	1.294861
1150	32.485687	1.904449	1.294861
1151	32.485687	2.904449	1.294861
1152	32.485687	3.904449	1.294861
1153	32.485687	4.904449	1.294861
1154	32.485687	5.904449	1.294861
1155	32.485687	6.904449	1.294861
1156	32.485687	7.904449	1.294861
1157	32.485687	8.904449	1.294861
1158	32.485687	9.904449	1.294861
1159	33.485687	-32.095551	1.199152
1160	33.485687	-31.095551	1.199152
1161	33.485687	-30.095551	1.199152
1162	33.485687	-29.095551	1.199152
1163	33.485687	-28.095551	1.199152
1164	33.485687	-27.095551	1.199152
1165	33.485687	-26.095551	1.199152
1166	33.485687	-25.095551	1.199152
1167	33.485687	-24.095551	1.199152
1168	33.485687	-23.095551	1.199152
1169	33.485687	-22.095551	1.199152
1170	33.485687	-21.095551	1.199152
1171	33.485687	-20.095551	1.199152
1172	33.485687	-19.095551	1.199152
1173	33.485687	-18.095551	1.199152
1174	33.485687	-17.095551	1.294861
1175	33.485687	-16.095551	1.294861
1176	33.485687	-15.095551	1.294861
1177	33.485687	-14.095551	1.294861
1178	33.485687	-13.095551	1.294861
1179	33.485687	-12.095551	1.294861
1180	33.485687	-11.095551	1.294861
1181	33.485687	-10.095551	1.294861
1182	33.485687	-9.095551	1.294861
1183	33.485687	-8.095551	1.294861
1184	33.485687	-7.095551	1.294861
1185	33.485687	-6.095551	1.294861
1186	33.485687	-5.095551	1.294861
1187	33.485687	-4.095551	1.294861
1188	33.485687	-3.095551	1.294861
1189	33.485687	-2.095551	1.294861
1190	33.485687	-1.095551	1.294861
1191	33.485687	-0.095551	1.294861
1192	33.485687	0.904449	1.294861
1193	33.485687	1.904449	1.294861
1194	33.485687	2.904449	1.294861
1195	33.485687	3.904449	1.294861
1196	33.485687	4.904449	1.294861
1197	33.485687	5.904449	1.294861
1198	33.485687	6.904449	1.294861
1199	33.485687	7.904449	1.294861
1200	33.485687	8.904449	1.294861
1201	33.485687	9.904449	1.294861
1202	34.485687	-32.095551	1.199152
1203	34.485687	-31.095551	1.199152
1204	34.485687	-30.095551	1.199152
1205	34.485687	-29.095551	1.199152
1206	34.485687	-28.095551	1.199152
1207	34.485687	-27.095551	1.199152
1208	34.485687	-26.095551	1.199152
1209	34.485687	-25.095551	1.199152
1210	34.485687	-24.095551	1.199152
1211	34.485687	-23.095551	1.199152
1212	34.485687	-22.095551	1.199152
1213	34.485687	-21.095551	1.199152
1214	34.485687	-20.095551	1.199152
1215	34.485687	-19.095551	1.199152
1216	34.485687	-18.095551	1.199152
1217	34.485687	-17.095551	1.294861
1218	34.485687	-16.095551	1.294861
1219	34.485687	-15.095551	1.294861
1220	34.485687	-14.095551	1.294861
1221	34.485687	-13.095551	1.294861
1222	34.485687	-12.095551	1.294861
1223	34.485687	-11.095551	1.294861
1224	34.485687	-10.095551	1.294861
1225	34.485687	-9.095551	1.294861
1226	34.485687	-8.095551	1.294861
1227	34.485687	-7.095551	1.294861
1228	34.485687	-6.095551	1.294861
1229	34.485687	-5.095551	1.294861
1230	34.485687	-4.095551	1.294861
1231	34.485687	-3.095551	1.294861
1232	34.485687	-2.095551	1.294861
1233	34.485687	-1.095551	1.294861
1234	34.485687	-0.095551	1.294861
1235	34.485687	0.904449	1.294861
1236	34.485687	1.904449	1.294861
1237	34.485687	2.904449	1.294861
1238	34.485687	3.904449	1.294861
1239	34.485687	4.904449	1.294861
1240	34.485687	5.904449	1.294861
1241	34.485687	6.904449	1.294861
1242	34.485687	7.904449	1.294861
1243	34.485687	8.904449	1.294861
1244	34.485687	9.904449	1.294861
1245	35.485687	-32.095551	1.199152
1246	35.485687	-31.095551	1.199152
1247	35.485687	-30.095551	1.199152
1248	35.485687	-29.095551	1.199152
1249	35.485687	-28.095551	1.199152
1250	35.485687	-27.095551	1.199152
1251	35.485687	-26.095551	1.199152
1252	35.485687	-25.095551	1.199152
1253	35.485687	-24.095551	1.199152
1254	35.485687	-23.095551	1.199152
1255	35.485687	-22.095551	1.199152
1256	35.485687	-21.095551	1.199152
1257	35.485687	-20.095551	1.199152
1258	35.485687	-19.095551	1.199152
1259	35.485687	-18.095551	1.199152
1260	35.485687	-17.095551	1.294861
1261	35.485687	-16.095551	1.294861
1262	35.485687	-15.095551	1.294861
1263	35.485687	-14.095551	1.294861
1264	35.485687	-13.095551	1.294861
1265	35.485687	-12.095551	1.294861
1266	35.485687	-11.095551	1.294861
1267	35.485687	-10.095551	1.294861
1268	35.485687	-9.095551	1.294861
1269	35.485687	-8.095551	1.294861
1270	35.485687	-7.095551	1.294861
1271	35.485687	-6.095551	1.294861
1272	35.485687	-5.095551	1.294861
1273	35.485687	-4.095551	1.294861
1274	35.485687	-3.095551	1.294861
1275	35.485687	-2.095551	1.294861
1276	35.485687	-1.095551	1.294861
1277	35.485687	-0.095551	1.294861
1278	35.485687	0.904449	1.294861
1279	35.485687	1.904449	1.294861
1280	35.485687	2.904449	1.294861
1281	35.485687	3.904449	1.294861
1282	35.485687	4.904449	1.294861
1283	35.485687	5.904449	1.294861
1284	35.485687	6.904449	1.294861
1285	35.485687	7.904449	1.294861
1286	35.485687	8.904449	1.294861
1287	35.485687	9.904449	1.294861
1288	36.485687	-32.095551	1.199152
1289	36.485687	-31.095551	1.199152
1290	36.485687	-30.095551	1.199152
1291	36.485687	-29.095551	1.199152
1292	36.485687	-28.095551	1.199152
1293	36.485687	-27.095551	1.199152
1294	36.485687	-26.095551	1.199152
1295	36.485687	-25.095551	1.199152
1296	36.485687	-24.095551	1.199152
1297	36.485687	-23.095551	1.199152
1298	36.485687	-22.095551	1.199152
1299	36.485687	-21.095551	1.199152
1300	36.485687	-20.095551	1.199152
1301	36.485687	-19.095551	1.199152
1302	36.485687	-18.095551	1.199152
1303	36.485687	-17.095551	1.294861
1304	36.485687	-16.095551	1.294861
1305	36.485687	-15.095551	1.294861
1306	36.485687	-14.095551	1.294861
1307	36.485687	-13.095551	1.294861
1308	36.485687	-12.095551	1.294861
1309	36.485687	-11.095551	1.294861
1310	36.485687	-10.095551	1.294861
1311	36.485687	-9.095551	1.294861
1312	36.485687	-8.095551	1.294861
1313	36.485687	-7.095551	1.294861
1314	36.485687	-6.095551	1.294861
1315	36.485687	-5.095551	1.294861
1316	36.485687	-4.095551	1.294861
1317	36.485687	-3.095551	1.294861
1318	36.485687	-2.095551	1.294861
1319	36.485687	-1.095551	1.294861
1320	36.485687	-0.095551	1.294861
1321	36.485687	0.904449	1.294861
1322	36.485687	1.904449	1.294861
1323	36.485687	2.904449	1.294861
1324	36.485687	3.904449	1.294861
1325	36.485687	4.904449	1.294861
1326	36.485687	5.904449	1.294861
1327	36.485687	6.904449	1.294861
1328	36.485687	7.904449	1.294861
1329	36.485687	8.904449	1.294861
1330	-2.514311	-16.095551	5.001620
1331	-2.514311	-15.095551	5.001620
1332	-2.514311	-13.095551	5.003950
1333	-2.514311	-12.095551	5.003950
1334	-2.514311	-11.095551	5.003950
1335	-1.514311	-16.095551	5.001620
1336	-1.514311	-15.095551	5.001620
1337	-1.514311	-13.095551	5.003950
1338	-1.514311	-12.095551	5.003950
1339	-1.514311	-11.095551	5.003950
1340	-1.514311	-10.095551	4.986430
1341	-0.514311	-18.095551	4.956090
1342	-0.514311	-17.095551	5.001620
1343	-0.514311	-16.095551	5.001620
1344	-0.514311	-15.095551	5.001620
1345	-0.514311	-13.095551	5.003950
1346	-0.514311	-12.095551	5.003950
1347	-0.514311	-11.095551	5.003950
1348	-0.514311	-10.095551	5.483670
1349	0.485689	-18.095551	4.956090
1350	0.485689	-16.095551	5.001620
1351	0.485689	-15.095551	5.001620
1352	0.485689	-13.095551	5.003950
1353	0.485689	-12.095551	5.003950
1354	0.485689	-11.095551	5.003950
1355	0.485689	-10.095551	5.483670
1356	1.485689	-18.095551	4.944420
1357	1.485689	-17.095551	4.944420
1358	1.485689	-15.095551	5.058770
1359	1.485689	-14.095551	5.058770
1360	1.485689	-13.095551	5.058770
1361	1.485689	-12.095551	5.058770
1362	2.485689	-18.095551	4.944420
1363	2.485689	-17.095551	4.944420
1364	2.485689	-15.095551	5.058770
1365	2.485689	-14.095551	5.058770
1366	2.485689	-13.095551	5.058770
1367	2.485689	-12.095551	5.058770
1368	3.485689	-18.095551	4.944420
1369	3.485689	-17.095551	4.944420
1370	3.485689	-16.095551	4.944420
1371	3.485689	-15.095551	5.058770
1372	3.485689	-14.095551	5.058770
1373	3.485689	-13.095551	5.058770
1374	3.485689	-12.095551	5.058770
1375	3.485689	-11.095551	5.058770
1376	3.485689	-10.095551	5.058770
1377	3.485689	-0.095551	5.282570
1378	3.485689	0.904449	5.282570
1379	3.485689	1.904449	5.282570
1380	3.485689	2.904449	5.282570
1381	4.485689	-18.095551	4.944420
1382	4.485689	-17.095551	4.944420
1383	4.485689	-15.095551	5.058770
1384	4.485689	-14.095551	5.058770
1385	4.485689	-13.095551	5.058770
1386	4.485689	-12.095551	5.058770
1387	4.485689	-0.095551	5.282570
1388	4.485689	0.904449	5.282570
1389	4.485689	1.904449	5.282570
1390	5.485689	-18.095551	4.944420
1391	5.485689	-17.095551	4.944420
1392	5.485689	-15.095551	5.058770
1393	5.485689	-14.095551	5.058770
1394	5.485689	-13.095551	5.058770
1395	5.485689	-12.095551	5.058770
1396	5.485689	-11.095551	5.058770
1397	5.485689	-10.095551	5.058770
1398	5.485689	-0.095551	5.282570
1399	5.485689	0.904449	5.282570
1400	6.485689	-10.095551	5.057970
1401	6.485689	-9.095551	5.057970
1402	6.485689	-0.095551	5.282570
1403	6.485689	0.904449	5.282570
1404	7.485689	-11.095551	5.057970
1405	7.485689	-10.095551	5.057970
1406	7.485689	-9.095551	5.057970
1407	7.485689	-8.095551	5.057970
1408	7.485689	-7.095551	5.057970
1409	7.485689	-6.095551	5.057970
1410	7.485689	-5.095551	5.057970
1411	7.485689	-4.095551	5.057970
1412	7.485689	-3.095551	5.057970
1413	7.485689	-2.095551	5.057970
1414	7.485689	-1.095551	5.057970
1415	7.485689	-0.095551	5.282570
1416	7.485689	0.904449	5.282570
1417	7.485689	1.904449	5.282570
1418	8.485689	-19.095551	5.072400
1419	8.485689	-18.095551	5.072400
1420	8.485689	-17.095551	5.072400
1421	8.485689	-16.095551	5.072400
1422	8.485689	-15.095551	5.072400
1423	8.485689	-14.095551	5.072400
1424	8.485689	-13.095551	5.072400
1425	8.485689	-12.095551	5.072400
1426	8.485689	-11.095551	5.072400
1427	9.485689	-19.095551	5.072400
1428	9.485689	-18.095551	5.072400
1429	9.485689	-17.095551	5.072400
1430	9.485689	-16.095551	5.072400
1431	9.485689	-15.095551	5.072400
1432	9.485689	-14.095551	5.072400
1433	9.485689	-13.095551	5.072400
1434	9.485689	-12.095551	5.072400
1435	9.485689	-11.095551	5.072400
1436	10.485689	-19.095551	5.072400
1437	10.485689	-18.095551	5.072400
1438	10.485689	-17.095551	5.072400
1439	10.485689	-16.095551	5.072400
1440	10.485689	-15.095551	5.072400
1441	10.485689	-14.095551	5.072400
1442	10.485689	-13.095551	5.072400
1443	10.485689	-12.095551	5.072400
1444	10.485689	-11.095551	5.072400
1445	11.485689	-28.095551	4.913460
1446	11.485689	-27.095551	4.913460
1447	11.485689	-26.095551	4.913460
1448	11.485689	-19.095551	5.041270
1449	11.485689	-18.095551	5.072400
1450	11.485689	-17.095551	5.072400
1451	11.485689	-16.095551	5.072400
1452	11.485689	-15.095551	5.072400
1453	11.485689	-14.095551	5.072400
1454	11.485689	-13.095551	5.072400
1455	11.485689	-12.095551	5.072400
1456	11.485689	-11.095551	5.072400
1457	12.485689	-28.095551	4.913460
1458	12.485689	-27.095551	4.913460
1459	12.485689	-26.095551	4.913460
1460	12.485689	-24.095551	5.041270
1461	12.485689	-23.095551	5.041270
1462	12.485689	-22.095551	5.041270
1463	12.485689	-21.095551	5.041270
1464	12.485689	-18.095551	5.041270
1465	13.485689	-28.095551	4.913460
1466	13.485689	-27.095551	4.913460
1467	13.485689	-26.095551	4.913460
1468	13.485689	-25.095551	5.041270
1469	13.485689	-24.095551	5.041270
1470	13.485689	-23.095551	5.041270
1471	13.485689	-22.095551	5.041270
1472	13.485689	-21.095551	5.041270
1473	13.485689	-20.095551	5.041270
1474	13.485689	-19.095551	5.041270
1475	13.485689	-18.095551	5.041270
1476	13.485689	-16.095551	4.974790
1477	13.485689	-15.095551	4.974790
1478	13.485689	-14.095551	4.974790
1479	13.485689	-13.095551	4.974790
1480	13.485689	-12.095551	4.974790
1481	14.485689	-28.095551	4.913460
1482	14.485689	-27.095551	4.913460
1483	14.485689	-26.095551	4.913460
1484	14.485689	-24.095551	5.041270
1485	14.485689	-23.095551	5.041270
1486	14.485689	-22.095551	5.041270
1487	14.485689	-21.095551	5.041270
1488	14.485689	-20.095551	5.041270
1489	14.485689	-19.095551	5.041270
1490	14.485689	-16.095551	4.974790
1491	14.485689	-15.095551	4.974790
1492	14.485689	-14.095551	4.974790
1493	14.485689	-13.095551	4.974790
1494	14.485689	-12.095551	4.974790
1495	15.485689	-28.095551	4.913460
1496	15.485689	-27.095551	4.913460
1497	15.485689	-26.095551	4.913460
1498	15.485689	-25.095551	5.041270
1499	15.485689	-24.095551	5.041270
1500	15.485689	-23.095551	5.041270
1501	15.485689	-22.095551	5.041270
1502	15.485689	-21.095551	5.041270
1503	15.485689	-20.095551	5.041270
1504	15.485689	-19.095551	5.041270
1505	15.485689	-18.095551	5.041270
1506	15.485689	-16.095551	4.974790
1507	15.485689	-15.095551	4.974790
1508	15.485689	-14.095551	4.974790
1509	15.485689	-13.095551	4.974790
1510	15.485689	-12.095551	4.974790
1511	16.485689	-28.095551	4.913460
1512	16.485689	-27.095551	4.913460
1513	16.485689	-26.095551	4.913460
1514	16.485689	-20.095551	5.041270
1515	16.485689	-16.095551	4.974790
1516	16.485689	-15.095551	4.974790
1517	16.485689	-14.095551	4.974790
1518	16.485689	-13.095551	4.974790
1519	16.485689	-12.095551	4.974790
1520	17.485689	-25.095551	5.011700
1521	17.485689	-24.095551	5.011700
1522	17.485689	-23.095551	5.011700
1523	17.485689	-22.095551	5.011700
1524	17.485689	-21.095551	5.011700
1525	17.485689	-20.095551	5.023800
1526	17.485689	-19.095551	5.023800
1527	17.485689	-18.095551	5.030650
1528	17.485689	-16.095551	4.974790
1529	17.485689	-15.095551	4.974790
1530	17.485689	-14.095551	4.974790
1531	17.485689	-13.095551	4.974790
1532	17.485689	-12.095551	4.974790
1533	18.485689	-25.095551	5.011700
1534	18.485689	-24.095551	5.011700
1535	18.485689	-23.095551	5.011700
1536	18.485689	-22.095551	5.011700
1537	18.485689	-21.095551	5.011700
1538	18.485689	-16.095551	4.974790
1539	18.485689	-15.095551	4.974790
1540	18.485689	-14.095551	4.974790
1541	18.485689	-13.095551	4.974790
1542	18.485689	-12.095551	4.974790
1543	19.485689	-24.095551	5.011700
1544	19.485689	-23.095551	5.011700
1545	19.485689	-22.095551	5.011700
1546	19.485689	-21.095551	5.011700
1547	19.485689	-20.095551	4.992170
1548	19.485689	-19.095551	4.992170
1549	19.485689	-18.095551	4.992170
1550	19.485689	-16.095551	4.974790
1551	19.485689	-15.095551	4.974790
1552	19.485689	-14.095551	4.974790
1553	19.485689	-13.095551	4.974790
1554	19.485689	-12.095551	4.974790
1555	20.485689	-25.095551	5.011700
1556	20.485689	-24.095551	5.011700
1557	20.485689	-23.095551	5.011700
1558	20.485689	-19.095551	4.992170
1559	20.485689	-18.095551	4.992170
1560	20.485689	-16.095551	4.974790
1561	20.485689	-15.095551	4.974790
1562	20.485689	-14.095551	4.974790
1563	20.485689	-13.095551	4.974790
1564	20.485689	-12.095551	4.974790
1565	21.485689	-19.095551	4.992170
1566	21.485689	-18.095551	4.992170
1567	21.485689	-16.095551	4.974790
1568	21.485689	-15.095551	4.974790
1569	21.485689	-14.095551	4.974790
1570	21.485689	-13.095551	4.974790
1571	21.485689	-12.095551	4.974790
1572	22.485689	-19.095551	4.992170
1573	22.485689	-18.095551	4.992170
1574	22.485689	-16.095551	4.974790
1575	22.485689	-15.095551	4.974790
1576	22.485689	-14.095551	4.974790
1577	22.485689	-13.095551	4.974790
1578	22.485689	-12.095551	4.974790
1579	23.485689	-16.095551	4.974790
1580	23.485689	-15.095551	4.974790
1581	23.485689	-14.095551	4.974790
1582	23.485689	-13.095551	4.974790
1583	23.485689	-12.095551	4.974790
1584	24.485689	-16.095551	4.974790
1585	24.485689	-15.095551	4.974790
1586	24.485689	-14.095551	4.974790
1587	24.485689	-13.095551	4.974790
1588	24.485689	-12.095551	4.974790
1589	25.485689	-16.095551	4.974790
1590	25.485689	-15.095551	4.974790
1591	25.485689	-13.095551	4.974790
1592	25.485689	-12.095551	4.974790
1593	26.485689	-17.095551	5.453460
1594	26.485689	-16.095551	5.453460
1595	26.485689	-15.095551	5.453460
1596	26.485689	-14.095551	5.453460
1597	27.485689	-17.095551	5.453460
1598	27.485689	-16.095551	5.453460
1599	27.485689	-15.095551	5.453460
1600	27.485689	-14.095551	5.453460
1601	28.485689	-17.095551	5.453460
1602	28.485689	-16.095551	5.453460
1603	28.485689	-15.095551	5.453460
1604	28.485689	-14.095551	5.453460
1605	10.485689	-21.095551	1.489956
1606	11.485689	-21.095551	1.489956
1607	12.485689	-27.095551	1.488523
1608	12.485689	-26.095551	1.488523
1609	12.485689	-25.095551	1.488523
1610	12.485689	-24.095551	1.488523
1611	12.485689	-23.095551	1.488523
1612	12.485689	-22.095551	1.488523
1613	12.485689	-21.095551	1.488523
1614	12.485689	-20.095551	1.488523
1615	13.485689	-27.095551	1.488523
1616	13.485689	-26.095551	1.488523
1617	13.485689	-25.095551	1.488523
1618	13.485689	-24.095551	1.488523
1619	13.485689	-23.095551	1.488523
1620	13.485689	-22.095551	1.488523
1621	13.485689	-21.095551	1.488523
1622	13.485689	-20.095551	1.488523
1623	14.485689	-26.095551	1.488523
1624	14.485689	-25.095551	1.488523
1625	14.485689	-24.095551	1.488523
1626	14.485689	-23.095551	1.488523
1627	14.485689	-22.095551	1.488523
1628	14.485689	-21.095551	1.488523
1629	14.485689	-20.095551	1.488523
1630	15.485689	-27.095551	1.488523
1631	15.485689	-26.095551	1.488523
1632	15.485689	-25.095551	1.488523
1633	15.485689	-24.095551	1.488523
1634	15.485689	-23.095551	1.488523
1635	15.485689	-22.095551	1.488523
1636	15.485689	-21.095551	1.488523
1637	15.485689	-20.095551	1.488523
1638	16.485689	-27.095551	1.488523
1639	16.485689	-26.095551	1.488523
1640	16.485689	-24.095551	1.488523
1641	16.485689	-22.095551	1.488523
1642	16.485689	-21.095551	1.488523
1643	22.485689	-23.095551	1.476861
1644	22.485689	-22.095551	1.476861
1645	22.485689	-21.095551	1.476861
1646	22.485689	-20.095551	1.476861
1647	23.485689	-23.095551	1.476861
1648	23.485689	-22.095551	1.476861
1649	23.485689	-21.095551	1.476861
1650	23.485689	-20.095551	1.476861
1651	24.485689	-23.095551	1.476861
1652	24.485689	-22.095551	1.476861
1653	24.485689	-21.095551	1.476861
1654	24.485689	-20.095551	1.476861
