0	-17.678442	13.391568	1.515930
1	-17.678442	14.391568	1.515930
2	-17.678442	15.391568	1.515930
3	-17.678442	16.391567	1.503591
4	-17.678442	17.391567	1.503591
5	-16.678442	-2.608432	-0.056030
6	-16.678442	-1.608432	-0.056030
7	-16.678442	-0.608432	-0.056030
8	-16.678442	0.391568	-0.056030
9	-16.678442	1.391568	-0.056030
10	-16.678442	2.391568	-0.056030
11	-16.678442	3.391568	-0.056030
12	-16.678442	4.391568	-0.056030
13	-16.678442	7.391568	0.440910
14	-16.678442	12.391568	1.515930
15	-16.678442	13.391568	1.515930
16	-16.678442	14.391568	1.515930
17	-16.678442	15.391568	1.515930
18	-16.678442	16.391567	1.503591
19	-16.678442	17.391567	1.503591
20	-16.678442	18.391567	1.503591
21	-16.678442	19.391567	1.503591
22	-16.678442	20.391567	1.503591
23	-15.678442	-2.608432	-0.056030
24	-15.678442	-1.608432	-0.056030
25	-15.678442	-0.608432	-0.056030
26	-15.678442	0.391568	-0.056030
27	-15.678442	1.391568	-0.056030
28	-15.678442	2.391568	-0.056030
29	-15.678442	3.391568	-0.056030
30	-15.678442	4.391568	-0.056030
31	-15.678442	7.391568	0.431000
32	-15.678442	12.391568	1.515930
33	-15.678442	13.391568	1.515930
34	-15.678442	14.391568	1.515930
35	-15.678442	15.391568	1.515930
36	-15.678442	16.391567	1.503591
37	-15.678442	17.391567	1.503591
38	-15.678442	18.391567	1.503591
39	-15.678442	19.391567	1.503591
40	-15.678442	20.391567	1.503591
41	-14.678442	-2.608432	-0.056030
42	-14.678442	-1.608432	-0.056030
43	-14.678442	-0.608432	-0.056030
44	-14.678442	0.391568	-0.056030
45	-14.678442	1.391568	-0.056030
46	-14.678442	2.391568	-0.056030
47	-14.678442	3.391568	-0.056030
48	-14.678442	4.391568	-0.056030
49	-14.678442	6.391568	0.431000
50	-14.678442	7.391568	0.431000
51	-14.678442	8.391568	0.431000
52	-14.678442	9.391568	0.955401
53	-14.678442	10.391568	0.955401
54	-14.678442	11.391568	0.955401
55	-14.678442	12.391568	1.515930
56	-14.678442	13.391568	1.515930
57	-14.678442	14.391568	1.515930
58	-14.678442	15.391568	1.515930
59	-14.678442	16.391567	1.503591
60	-14.678442	17.391567	1.503591
61	-14.678442	18.391567	1.503591
62	-14.678442	19.391567	1.503591
63	-14.678442	20.391567	1.503591
64	-13.678442	-2.608432	-0.056030
65	-13.678442	-1.608432	-0.056030
66	-13.678442	-0.608432	-0.056030
67	-13.678442	0.391568	-0.056030
68	-13.678442	1.391568	-0.056030
69	-13.678442	2.391568	-0.056030
70	-13.678442	3.391568	-0.056030
71	-13.678442	4.391568	-0.056030
72	-13.678442	7.391568	0.431000
73	-13.678442	9.391568	0.955401
74	-13.678442	10.391568	0.955401
75	-13.678442	11.391568	0.955401
76	-13.678442	13.391568	1.515930
77	-13.678442	14.391568	1.515930
78	-13.678442	15.391568	1.515930
79	-13.678442	16.391567	1.503591
80	-13.678442	17.391567	1.503591
81	-13.678442	18.391567	1.503591
82	-13.678442	19.391567	1.503591
83	-13.678442	20.391567	1.503591
84	-12.678442	-2.608432	-0.056030
85	-12.678442	-1.608432	-0.056030
86	-12.678442	-0.608432	-0.056030
87	-12.678442	0.391568	-0.056030
88	-12.678442	1.391568	-0.056030
89	-12.678442	2.391568	-0.056030
90	-12.678442	13.391568	1.496635
91	-12.678442	14.391568	1.496635
92	-12.678442	15.391568	1.496635
93	-12.678442	16.391567	1.496635
94	-11.678442	3.391568	0.967386
95	-11.678442	4.391568	0.967386
96	-11.678442	5.391568	0.967386
97	-11.678442	6.391568	0.967386
98	-11.678442	7.391568	0.967386
99	-11.678442	9.391568	0.919845
100	-11.678442	10.391568	0.919845
101	-11.678442	12.391568	1.496635
102	-11.678442	13.391568	1.496635
103	-11.678442	14.391568	1.496635
104	-11.678442	15.391568	1.496635
105	-11.678442	16.391567	1.496635
106	-10.678442	3.391568	0.967386
107	-10.678442	4.391568	0.967386
108	-10.678442	5.391568	0.967386
109	-10.678442	6.391568	0.967386
110	-10.678442	7.391568	0.967386
111	-10.678442	9.391568	0.919845
112	-10.678442	10.391568	0.919845
113	-10.678442	12.391568	1.496635
114	-10.678442	13.391568	1.496635
115	-10.678442	14.391568	1.496635
116	-10.678442	15.391568	1.496635
117	-10.678442	16.391567	1.496635
118	-9.678442	3.391568	0.967386
119	-9.678442	4.391568	0.967386
120	-9.678442	6.391568	0.967386
121	-9.678442	7.391568	0.967386
122	-9.678442	9.391568	0.919845
123	-9.678442	10.391568	0.919845
124	-9.678442	12.391568	1.496635
125	-9.678442	13.391568	1.496635
126	-9.678442	14.391568	1.496635
127	-9.678442	15.391568	1.496635
128	-9.678442	16.391567	1.496635
129	-8.678442	9.391568	0.919845
130	-8.678442	10.391568	0.919845
131	-8.678442	12.391568	1.477537
132	-8.678442	13.391568	1.477537
133	-8.678442	14.391568	1.477537
134	-8.678442	15.391568	1.477537
135	-7.678442	3.391568	0.368380
136	-7.678442	5.391568	0.368380
137	-7.678442	6.391568	0.368380
138	-7.678442	7.391568	0.368380
139	-7.678442	9.391568	0.919845
140	-7.678442	10.391568	0.919845
141	-7.678442	12.391568	1.477537
142	-7.678442	13.391568	1.477537
143	-7.678442	14.391568	1.477537
144	-7.678442	15.391568	1.477537
145	-7.678442	16.391567	1.477537
146	-6.678442	3.391568	0.368380
147	-6.678442	4.391568	0.368380
148	-6.678442	5.391568	0.368380
149	-6.678442	6.391568	0.368380
150	-6.678442	7.391568	0.368380
151	-6.678442	9.391568	0.919845
152	-6.678442	10.391568	0.919845
153	-6.678442	12.391568	1.477537
154	-6.678442	13.391568	1.477537
155	-6.678442	14.391568	1.477537
156	-6.678442	15.391568	1.477537
157	-5.678442	3.391568	0.368380
158	-5.678442	4.391568	0.368380
159	-5.678442	5.391568	0.368380
160	-5.678442	6.391568	0.368380
161	-5.678442	7.391568	0.368380
162	-5.678442	9.391568	0.919845
163	-5.678442	10.391568	0.919845
164	-5.678442	12.391568	1.587972
165	-5.678442	13.391568	1.587972
166	-5.678442	14.391568	1.587972
167	-5.678442	16.391567	1.477537
168	-4.678442	3.391568	0.368380
169	-4.678442	4.391568	0.368380
170	-4.678442	5.391568	0.368380
171	-4.678442	6.391568	0.368380
172	-4.678442	7.391568	0.368380
173	-4.678442	9.391568	0.919845
174	-4.678442	10.391568	0.919845
175	-4.678442	15.391568	1.587972
176	-4.678442	16.391567	1.477537
177	-3.678442	3.391568	0.368380
178	-3.678442	7.391568	0.368380
179	-3.678442	9.391568	0.919845
180	-3.678442	10.391568	0.919845
181	-3.678442	14.391568	1.587972
182	-3.678442	16.391567	1.477537
183	-2.678442	9.391568	0.919845
184	-2.678442	10.391568	0.919845
185	-2.678442	11.391568	1.419825
186	-2.678442	12.391568	1.419825
187	-2.678442	13.391568	1.419825
188	-1.678442	10.391568	0.919845
189	-0.678442	8.391568	0.900058
190	-0.678442	9.391568	0.900058
191	-0.678442	10.391568	0.900058
192	-0.678442	11.391568	0.900058
193	0.321558	8.391568	0.900058
194	0.321558	9.391568	0.900058
195	0.321558	10.391568	0.900058
196	0.321558	11.391568	0.900058
197	1.321558	8.391568	0.900058
198	1.321558	9.391568	0.900058
199	1.321558	10.391568	0.900058
200	1.321558	11.391568	0.900058
201	-16.678442	0.391568	3.988000
202	-16.678442	1.391568	3.988000
203	-16.678442	2.391568	3.988000
204	-16.678442	3.391568	3.988000
205	-16.678442	4.391568	3.988000
206	-16.678442	5.391568	3.988000
207	-16.678442	6.391568	3.988000
208	-16.678442	7.391568	3.988000
209	-16.678442	16.391567	5.105940
210	-16.678442	17.391567	5.105940
211	-16.678442	18.391567	5.105940
212	-16.678442	19.391567	5.105940
213	-16.678442	20.391567	5.105940
214	-15.678442	0.391568	3.988000
215	-15.678442	1.391568	3.988000
216	-15.678442	2.391568	3.988000
217	-15.678442	3.391568	3.988000
218	-15.678442	4.391568	3.988000
219	-15.678442	5.391568	3.988000
220	-15.678442	6.391568	3.988000
221	-15.678442	7.391568	3.988000
222	-15.678442	16.391567	5.105940
223	-15.678442	17.391567	5.105940
224	-15.678442	18.391567	5.105940
225	-15.678442	19.391567	5.105940
226	-15.678442	20.391567	5.105940
227	-14.678442	0.391568	3.988000
228	-14.678442	1.391568	3.988000
229	-14.678442	2.391568	3.988000
230	-14.678442	3.391568	3.988000
231	-14.678442	4.391568	3.988000
232	-14.678442	5.391568	3.988000
233	-14.678442	6.391568	3.988000
234	-14.678442	7.391568	3.988000
235	-14.678442	10.391568	4.533920
236	-14.678442	11.391568	4.711580
237	-14.678442	16.391567	5.105940
238	-14.678442	17.391567	5.105940
239	-14.678442	18.391567	5.105940
240	-14.678442	19.391567	5.105940
241	-14.678442	20.391567	5.105940
242	-13.678442	0.391568	3.988000
243	-13.678442	1.391568	3.988000
244	-13.678442	2.391568	3.988000
245	-13.678442	3.391568	3.988000
246	-13.678442	4.391568	3.988000
247	-13.678442	5.391568	3.988000
248	-13.678442	6.391568	3.988000
249	-13.678442	7.391568	3.988000
250	-13.678442	8.391568	4.117680
251	-13.678442	9.391568	4.533920
252	-13.678442	10.391568	4.533920
253	-13.678442	11.391568	4.711580
254	-13.678442	12.391568	5.106190
255	-13.678442	13.391568	5.106190
256	-13.678442	14.391568	5.106190
257	-13.678442	15.391568	5.106190
258	-13.678442	16.391567	5.105940
259	-13.678442	17.391567	5.105940
260	-13.678442	18.391567	5.105940
261	-13.678442	19.391567	5.105940
262	-13.678442	20.391567	5.105940
263	-12.678442	0.391568	3.988000
264	-12.678442	1.391568	3.988000
265	-12.678442	2.391568	3.988000
266	-12.678442	3.391568	3.988000
267	-12.678442	4.391568	3.988000
268	-12.678442	5.391568	3.988000
269	-12.678442	6.391568	3.988000
270	-12.678442	7.391568	3.988000
271	-12.678442	10.391568	4.533920
272	-12.678442	16.391567	5.105940
273	-12.678442	17.391567	5.105940
274	-12.678442	18.391567	5.105940
275	-12.678442	19.391567	5.105940
276	-12.678442	20.391567	5.105940
277	-11.678442	3.391568	3.988000
278	-11.678442	4.391568	3.988000
279	-11.678442	5.391568	3.988000
280	-11.678442	6.391568	3.988000
281	-11.678442	7.391568	3.988000
282	-11.678442	9.391568	4.552690
283	-11.678442	10.391568	4.552690
284	-11.678442	16.391567	5.111040
285	-10.678442	3.391568	3.988000
286	-10.678442	4.391568	3.988000
287	-10.678442	5.391568	3.988000
288	-10.678442	6.391568	3.988000
289	-10.678442	7.391568	3.988000
290	-10.678442	9.391568	4.009490
291	-10.678442	10.391568	4.009490
292	-9.678442	3.391568	3.988000
293	-9.678442	7.391568	3.988000
294	-9.678442	9.391568	4.030210
295	-8.678442	9.391568	4.030210
296	-8.678442	10.391568	4.030210
297	-7.678442	9.391568	4.030210
298	-7.678442	10.391568	4.030210
299	-6.678442	9.391568	4.030210
300	-6.678442	10.391568	4.030210
301	-5.678442	9.391568	4.030210
302	-5.678442	10.391568	4.030210
303	-5.678442	11.391568	4.030210
304	-4.678442	9.391568	4.030210
305	-4.678442	10.391568	4.030210
306	-4.678442	11.391568	4.030210
307	-3.678442	9.391568	4.030210
308	-3.678442	10.391568	4.030210
309	-2.678442	7.391568	3.494840
310	-2.678442	8.391568	3.494840
311	-2.678442	9.391568	4.104780
312	-2.678442	10.391568	4.104780
313	-2.678442	11.391568	4.120480
314	-2.678442	12.391568	4.715660
315	-2.678442	13.391568	4.715660
316	-2.678442	14.391568	4.715660
317	-1.678442	10.391568	4.104780
318	-0.678442	7.391568	4.132660
319	-0.678442	8.391568	4.132660
320	-0.678442	9.391568	4.132660
321	-0.678442	10.391568	4.132660
322	-0.678442	11.391568	4.132660
323	-0.678442	12.391568	4.132660
324	0.321558	8.391568	4.132660
325	0.321558	9.391568	4.132660
326	0.321558	10.391568	4.132660
327	0.321558	11.391568	4.132660
328	0.321558	12.391568	4.132660
329	1.321558	9.391568	4.132660
330	1.321558	10.391568	4.132660
331	1.321558	11.391568	4.132660
332	-11.678442	17.391567	1.410889
333	-11.678442	19.391567	1.410889
334	-10.678442	18.391567	1.410889
335	-10.678442	19.391567	1.410889
336	-10.678442	20.391567	1.410889
337	-9.678442	18.391567	1.410889
338	-9.678442	19.391567	1.410889
339	-9.678442	20.391567	1.410889
340	-9.678442	29.391567	3.607300
341	-9.678442	30.391567	3.607300
342	-9.678442	31.391567	3.607300
343	-8.678442	18.391567	1.410889
344	-8.678442	19.391567	1.410889
345	-8.678442	21.391567	1.532688
346	-8.678442	22.391567	1.532688
347	-8.678442	23.391567	1.532688
348	-8.678442	24.391567	1.532688
349	-8.678442	25.391567	1.532688
350	-8.678442	27.391567	1.532688
351	-7.678442	17.391567	1.410889
352	-7.678442	18.391567	1.410889
353	-7.678442	19.391567	1.410889
354	-7.678442	20.391567	1.410889
355	-7.678442	21.391567	1.532688
356	-7.678442	22.391567	1.532688
357	-7.678442	23.391567	1.532688
358	-7.678442	24.391567	1.532688
359	-7.678442	25.391567	1.532688
360	-7.678442	26.391567	1.532688
361	-7.678442	27.391567	1.532688
362	-6.678442	18.391567	1.410889
363	-6.678442	19.391567	1.410889
364	-6.678442	20.391567	1.410889
365	-6.678442	21.391567	1.532688
366	-6.678442	22.391567	1.532688
367	-6.678442	23.391567	1.532688
368	-6.678442	24.391567	1.532688
369	-6.678442	25.391567	1.532688
370	-6.678442	26.391567	1.532688
371	-6.678442	27.391567	1.532688
372	-5.678442	18.391567	1.410889
373	-5.678442	19.391567	1.410889
374	-5.678442	20.391567	1.410889
375	-5.678442	21.391567	1.532688
376	-5.678442	22.391567	1.532688
377	-5.678442	23.391567	1.532688
378	-5.678442	24.391567	1.532688
379	-5.678442	25.391567	1.532688
380	-5.678442	26.391567	1.532688
381	-5.678442	27.391567	1.532688
382	-4.678442	18.391567	1.410889
383	-4.678442	19.391567	1.410889
384	-4.678442	20.391567	1.410889
385	-3.678442	18.391567	1.410889
386	-3.678442	19.391567	1.410889
387	-3.678442	20.391567	1.410889
388	-2.678442	23.391567	1.738012
389	-17.678442	27.391567	3.171830
390	-16.678442	22.391567	2.045221
391	-16.678442	24.391567	3.201080
392	-16.678442	25.391567	3.201080
393	-16.678442	26.391567	3.171830
394	-16.678442	27.391567	3.171830
395	-16.678442	28.391567	3.171830
396	-15.678442	22.391567	2.045221
397	-15.678442	24.391567	3.201080
398	-15.678442	25.391567	3.201080
399	-15.678442	26.391567	3.171830
400	-15.678442	27.391567	3.171830
401	-15.678442	28.391567	3.171830
402	-14.678442	22.391567	2.045221
403	-14.678442	26.391567	3.171830
404	-14.678442	27.391567	3.171830
405	-14.678442	28.391567	3.171830
406	-13.678442	22.391567	2.045221
407	-13.678442	26.391567	2.051699
408	-12.678442	22.391567	2.045221
409	-12.678442	23.391567	2.051699
410	-12.678442	24.391567	2.051699
411	-12.678442	25.391567	2.051699
412	-12.678442	26.391567	2.051699
413	-13.678442	21.391567	5.105940
414	-12.678442	21.391567	5.105940
415	-16.678442	29.391567	3.607300
416	-16.678442	30.391567	3.607300
417	-15.678442	29.391567	3.607300
418	-15.678442	30.391567	3.607300
419	-15.678442	31.391567	3.607300
420	-15.678442	32.391567	3.607300
421	-14.678442	29.391567	3.607300
422	-14.678442	30.391567	3.607300
423	-14.678442	31.391567	3.607300
424	-14.678442	32.391567	3.607300
425	-13.678442	29.391567	3.607300
426	-13.678442	30.391567	3.607300
427	-13.678442	31.391567	3.607300
428	-13.678442	32.391567	3.607300
429	-12.678442	29.391567	3.607300
430	-12.678442	30.391567	3.607300
431	-12.678442	31.391567	3.607300
432	-12.678442	32.391567	3.607300
433	-12.678442	33.391567	3.607300
434	-11.678442	29.391567	3.607300
435	-11.678442	30.391567	3.607300
436	-11.678442	31.391567	3.607300
437	-11.678442	32.391567	3.607300
438	-11.678442	33.391567	3.607300
439	-2.678442	16.391567	4.715660
440	-2.678442	17.391567	4.774530
441	-2.678442	18.391567	5.394590
442	-2.678442	19.391567	5.394590
443	-2.678442	20.391567	5.394590
444	-2.678442	21.391567	5.394590
445	-2.678442	22.391567	5.394590
446	-1.678442	18.391567	5.394590
447	-1.678442	19.391567	5.394590
448	-1.678442	20.391567	5.394590
449	-1.678442	21.391567	5.394590
450	-0.678442	18.391567	5.394590
451	-0.678442	19.391567	5.394590
452	-0.678442	20.391567	5.394590
453	-0.678442	21.391567	5.394590
454	0.321558	18.391567	5.394590
455	0.321558	19.391567	5.394590
456	0.321558	20.391567	5.394590
457	0.321558	21.391567	5.394590
458	-2.678442	0.391568	3.447880
459	-2.678442	1.391568	3.447880
460	-2.678442	2.391568	3.447880
461	-2.678442	3.391568	3.447880
462	-2.678442	4.391568	3.494840
463	-2.678442	5.391568	3.494840
464	-1.678442	0.391568	3.447880
465	-1.678442	1.391568	3.447880
466	-1.678442	2.391568	3.447880
467	-1.678442	3.391568	3.447880
468	-0.678442	0.391568	3.447880
469	-0.678442	1.391568	3.447880
470	-0.678442	2.391568	3.447880
471	-0.678442	3.391568	3.447880
472	0.321558	0.391568	3.447880
473	0.321558	1.391568	3.447880
474	0.321558	2.391568	3.447880
475	0.321558	3.391568	3.447880
476	-2.678442	17.391567	1.419825
477	-2.678442	18.391567	1.738012
478	-2.678442	19.391567	1.738012
479	-2.678442	22.391567	1.738012
480	-1.678442	19.391567	1.738012
481	-1.678442	20.391567	1.738012
482	-1.678442	21.391567	1.738012
483	-1.678442	22.391567	1.738012
484	-0.678442	19.391567	1.738012
485	-0.678442	20.391567	1.738012
486	-0.678442	21.391567	1.738012
487	-0.678442	22.391567	1.738012
488	0.321558	19.391567	1.738012
489	0.321558	20.391567	1.738012
490	0.321558	21.391567	1.738012
491	0.321558	22.391567	1.738012
492	-2.678442	-0.608432	-0.134330
493	-2.678442	0.391568	-0.134330
494	-2.678442	1.391568	-0.134330
495	-2.678442	2.391568	-0.134330
496	-2.678442	3.391568	-0.134330
497	-2.678442	4.391568	-0.165880
498	-1.678442	0.391568	-0.134330
499	-1.678442	1.391568	-0.134330
500	-1.678442	2.391568	-0.134330
501	-0.678442	0.391568	-0.134330
502	-0.678442	1.391568	-0.134330
503	-0.678442	2.391568	-0.134330
504	0.321558	0.391568	-0.134330
505	0.321558	1.391568	-0.134330
506	0.321558	2.391568	-0.134330
