0	11.517208	2.207160	-1.840420
1	12.517208	2.207160	-1.845320
2	13.517208	2.207160	-1.845320
3	-0.482792	-1.792840	0.919265
4	-0.482792	-0.792840	0.919265
5	-0.482792	0.207160	0.919265
6	0.517208	-0.792840	0.919265
7	0.517208	0.207160	0.919265
8	1.517208	-2.792840	0.939049
9	1.517208	-1.792840	0.939049
10	1.517208	-0.792840	0.939049
11	1.517208	0.207160	0.939049
12	2.517208	-1.792840	0.939049
13	2.517208	-0.792840	0.939049
14	2.517208	0.207160	0.939049
15	2.517208	1.207160	0.939049
16	2.517208	2.207160	0.939049
17	3.517208	-1.792840	0.939049
18	3.517208	-0.792840	0.939049
19	3.517208	0.207160	0.939049
20	3.517208	1.207160	0.939049
21	3.517208	2.207160	0.939049
22	4.517208	-1.792840	0.939049
23	4.517208	-0.792840	0.939049
24	4.517208	0.207160	0.939049
25	4.517208	1.207160	0.939049
26	4.517208	2.207160	0.939049
27	5.517208	-0.792840	0.939049
28	5.517208	0.207160	0.939049
29	5.517208	1.207160	0.939049
30	5.517208	2.207160	0.939049
31	6.517208	-0.792840	0.939049
32	6.517208	0.207160	0.939049
33	6.517208	1.207160	0.939049
34	6.517208	2.207160	1.147844
35	7.517208	-2.792840	1.141319
36	7.517208	-1.792840	1.141319
37	7.517208	-0.792840	1.147844
38	7.517208	0.207160	1.147844
39	7.517208	1.207160	1.147844
40	7.517208	2.207160	1.147844
41	8.517208	-0.792840	1.147844
42	8.517208	0.207160	1.147844
43	8.517208	2.207160	1.130152
44	9.517208	-0.792840	1.147844
45	9.517208	0.207160	1.147844
46	9.517208	2.207160	1.130152
47	10.517208	-2.792840	1.147844
48	10.517208	-1.792840	1.147844
49	10.517208	-0.792840	1.147844
50	10.517208	2.207160	1.130152
51	11.517208	-2.792840	1.147844
52	11.517208	-1.792840	1.147844
53	11.517208	-0.792840	1.147844
54	12.517208	-1.792840	0.939815
55	12.517208	1.207160	1.130152
56	13.517208	0.207160	0.939815
57	13.517208	1.207160	0.939815
58	13.517208	2.207160	1.147844
59	14.517208	-2.792840	0.939815
60	14.517208	-1.792840	0.939815
61	14.517208	-0.792840	0.939815
62	14.517208	0.207160	0.939815
63	14.517208	1.207160	0.939815
64	15.517208	-2.792840	0.939815
65	15.517208	-1.792840	0.939815
66	15.517208	-0.792840	0.939815
67	15.517208	0.207160	0.939815
68	15.517208	1.207160	0.939815
69	16.517208	-2.792840	0.939815
70	16.517208	-1.792840	0.939815
71	16.517208	-0.792840	0.939815
72	16.517208	0.207160	0.939815
73	16.517208	1.207160	0.939815
74	17.517208	-2.792840	0.939815
75	17.517208	-1.792840	0.939815
76	17.517208	-0.792840	0.939815
77	17.517208	0.207160	0.939815
78	18.517208	-0.792840	0.939815
79	18.517208	1.207160	0.928481
80	19.517208	-1.792840	0.910253
81	19.517208	-0.792840	0.910253
82	20.517208	-1.792840	0.910253
83	20.517208	-0.792840	0.910253
84	20.517208	0.207160	0.910253
85	20.517208	1.207160	0.910253
86	21.517208	-2.792840	0.910253
87	21.517208	-1.792840	0.910253
88	21.517208	-0.792840	0.910253
89	21.517208	0.207160	0.910253
90	21.517208	1.207160	0.910253
91	22.517208	-2.792840	0.910253
92	22.517208	-1.792840	0.910253
93	22.517208	-0.792840	0.910253
94	22.517208	0.207160	0.910253
95	22.517208	1.207160	0.910253
96	23.517208	1.207160	0.910253
97	-0.482792	-1.792840	4.009380
98	-0.482792	-0.792840	4.009380
99	0.517208	-2.792840	4.009380
100	1.517208	-2.792840	4.009380
101	1.517208	-0.792840	4.009380
102	1.517208	1.207160	4.051180
103	2.517208	-1.792840	4.051180
104	2.517208	-0.792840	4.051180
105	2.517208	0.207160	4.051180
106	2.517208	1.207160	4.051180
107	2.517208	2.207160	4.051180
108	3.517208	-1.792840	4.051180
109	3.517208	-0.792840	4.051180
110	3.517208	0.207160	4.051180
111	3.517208	1.207160	4.051180
112	3.517208	2.207160	4.051180
113	4.517208	-1.792840	4.051180
114	4.517208	-0.792840	4.051180
115	4.517208	0.207160	4.051180
116	4.517208	1.207160	4.051180
117	4.517208	2.207160	4.051180
118	5.517208	-0.792840	4.051180
119	5.517208	0.207160	4.262690
120	5.517208	1.207160	4.262690
121	5.517208	2.207160	4.262690
122	6.517208	-0.792840	4.270580
123	6.517208	0.207160	4.262690
124	6.517208	1.207160	4.262690
125	6.517208	2.207160	4.262690
126	7.517208	-1.792840	4.270580
127	7.517208	0.207160	4.262690
128	7.517208	1.207160	4.262690
129	7.517208	2.207160	4.262690
130	8.517208	-2.792840	4.270580
131	8.517208	-1.792840	4.270580
132	8.517208	-0.792840	4.270580
133	8.517208	0.207160	4.262690
134	8.517208	1.207160	4.262690
135	8.517208	2.207160	4.262690
136	9.517208	-2.792840	4.270580
137	9.517208	-1.792840	4.270580
138	9.517208	-0.792840	4.270580
139	9.517208	0.207160	4.291750
140	9.517208	1.207160	4.291750
141	9.517208	2.207160	4.291750
142	10.517208	-2.792840	4.270580
143	10.517208	-1.792840	4.270580
144	10.517208	0.207160	4.291750
145	10.517208	1.207160	4.291750
146	10.517208	2.207160	4.291750
147	11.517208	-2.792840	4.274330
148	11.517208	-1.792840	4.274330
149	11.517208	0.207160	4.291750
150	11.517208	1.207160	4.291750
151	11.517208	2.207160	4.291750
152	12.517208	-2.792840	4.274330
153	12.517208	-1.792840	4.274330
154	12.517208	-0.792840	4.274330
155	12.517208	0.207160	4.291750
156	12.517208	1.207160	4.291750
157	13.517208	-2.792840	4.274330
158	13.517208	-1.792840	4.274330
159	13.517208	-0.792840	4.274330
160	13.517208	0.207160	4.291750
161	14.517208	-2.792840	4.259480
162	14.517208	-1.792840	4.274330
163	14.517208	-0.792840	4.274330
164	14.517208	0.207160	4.291750
165	14.517208	1.207160	4.291750
166	14.517208	2.207160	4.291750
167	15.517208	-2.792840	4.259480
168	15.517208	-1.792840	4.274330
169	15.517208	-0.792840	4.274330
170	16.517208	-1.792840	4.274330
171	16.517208	-0.792840	4.274330
172	17.517208	-1.792840	4.272490
173	17.517208	-0.792840	4.272490
174	17.517208	0.207160	4.272490
175	17.517208	1.207160	4.272490
176	17.517208	2.207160	4.272490
177	18.517208	-1.792840	4.272490
178	18.517208	-0.792840	4.272490
179	18.517208	0.207160	4.272490
180	18.517208	1.207160	4.272490
181	18.517208	2.207160	4.272490
182	19.517208	-2.792840	4.272490
183	19.517208	-1.792840	4.272490
184	19.517208	-0.792840	4.272490
185	19.517208	0.207160	4.272490
186	19.517208	1.207160	4.272490
187	19.517208	2.207160	4.272490
188	20.517208	-2.792840	4.272490
189	20.517208	-1.792840	4.272490
190	20.517208	0.207160	4.272490
191	20.517208	1.207160	4.272490
192	20.517208	2.207160	4.272490
193	21.517208	-1.792840	4.272490
194	21.517208	-0.792840	4.272490
195	21.517208	1.207160	4.272490
196	21.517208	2.207160	4.272490
197	22.517208	-2.792840	4.272490
198	22.517208	-1.792840	4.272490
199	22.517208	-0.792840	4.272490
200	22.517208	0.207160	4.272490
201	22.517208	1.207160	4.272490
202	22.517208	2.207160	4.272490
203	23.517208	-1.792840	4.272490
204	23.517208	-0.792840	4.272490
205	23.517208	0.207160	4.272490
206	23.517208	1.207160	4.272490
207	5.517208	0.207160	7.035380
208	6.517208	-1.792840	7.029450
209	6.517208	0.207160	7.035380
210	6.517208	1.207160	7.035380
211	6.517208	2.207160	7.035380
212	7.517208	-1.792840	7.029450
213	7.517208	-0.792840	7.158780
214	7.517208	0.207160	7.035380
215	7.517208	1.207160	7.035380
216	7.517208	2.207160	7.035380
217	8.517208	-2.792840	7.029450
218	8.517208	-1.792840	7.029450
219	8.517208	-0.792840	7.158780
220	8.517208	0.207160	7.035380
221	8.517208	1.207160	7.035380
222	8.517208	2.207160	7.035380
223	9.517208	-2.792840	7.029450
224	9.517208	-1.792840	7.029450
225	9.517208	-0.792840	7.158780
226	9.517208	0.207160	7.035380
227	9.517208	1.207160	7.035380
228	9.517208	2.207160	7.035380
229	10.517208	-2.792840	7.029450
230	10.517208	-1.792840	7.029450
231	10.517208	-0.792840	7.158780
232	10.517208	0.207160	7.035380
233	10.517208	1.207160	7.035380
234	10.517208	2.207160	7.035380
235	11.517208	-2.792840	7.029450
236	11.517208	-1.792840	7.029450
237	11.517208	-0.792840	7.158780
238	11.517208	0.207160	7.158780
239	11.517208	1.207160	7.035380
240	11.517208	2.207160	7.035380
241	12.517208	-2.792840	7.029450
242	12.517208	-1.792840	7.158780
243	12.517208	-0.792840	7.158780
244	12.517208	0.207160	7.158780
245	12.517208	1.207160	7.158780
246	12.517208	2.207160	7.158780
247	13.517208	-2.792840	7.029450
248	13.517208	-1.792840	7.158780
249	13.517208	-0.792840	7.158780
250	13.517208	0.207160	7.158780
251	13.517208	1.207160	7.158780
252	13.517208	2.207160	7.158780
253	14.517208	-1.792840	7.184500
254	14.517208	-0.792840	7.158780
255	14.517208	0.207160	7.158780
256	14.517208	1.207160	7.158780
257	14.517208	2.207160	7.158780
258	15.517208	-1.792840	7.184500
259	15.517208	-0.792840	7.184500
260	15.517208	0.207160	7.184500
261	15.517208	1.207160	7.184500
262	15.517208	2.207160	7.158780
263	16.517208	-1.792840	7.184500
264	16.517208	-0.792840	7.184500
265	16.517208	0.207160	7.184500
266	16.517208	1.207160	7.184500
267	16.517208	2.207160	7.158780
268	17.517208	2.207160	7.158780
269	18.517208	-2.792840	6.986970
270	18.517208	-1.792840	6.986970
271	18.517208	-0.792840	6.986970
272	18.517208	0.207160	6.986970
273	18.517208	1.207160	6.986970
274	18.517208	2.207160	7.158780
275	19.517208	-2.792840	6.986970
276	19.517208	-1.792840	6.986970
277	19.517208	-0.792840	6.986970
278	19.517208	0.207160	6.986970
279	19.517208	1.207160	6.986970
280	19.517208	2.207160	7.158780
281	20.517208	-2.792840	6.986970
282	20.517208	-1.792840	6.986970
283	20.517208	-0.792840	6.986970
284	20.517208	0.207160	6.986970
285	20.517208	2.207160	7.158780
286	21.517208	-2.792840	6.986970
287	21.517208	-1.792840	6.986970
288	21.517208	-0.792840	6.986970
289	21.517208	0.207160	6.986970
290	21.517208	1.207160	6.986970
291	21.517208	2.207160	7.158780
292	22.517208	-1.792840	7.158780
