0	0.099225	-4.222361	-1.502690
1	0.099225	-3.222361	-1.502690
2	0.099225	-2.222361	-1.502690
3	0.099225	-1.222361	-1.502690
4	0.099225	0.777639	-1.500060
5	0.099225	1.777639	-1.500060
6	0.099225	2.777639	-1.500060
7	0.099225	3.777639	-1.500060
8	0.099225	4.777639	-1.500060
9	0.099225	5.777639	-1.500060
10	1.099225	-4.222361	-1.502690
11	1.099225	-3.222361	-1.502690
12	1.099225	-2.222361	-1.502690
13	1.099225	-1.222361	-1.502690
14	1.099225	0.777639	-1.500060
15	1.099225	1.777639	-1.500060
16	1.099225	2.777639	-1.500060
17	1.099225	3.777639	-1.500060
18	1.099225	4.777639	-1.500060
19	1.099225	5.777639	-1.500060
20	2.099225	-3.222361	-1.538060
21	2.099225	-2.222361	-1.538060
22	2.099225	-1.222361	-1.538060
23	2.099225	-0.222361	-1.500060
24	2.099225	0.777639	-1.500060
25	2.099225	1.777639	-1.500060
26	2.099225	2.777639	-1.500060
27	2.099225	3.777639	-1.500060
28	2.099225	4.777639	-1.500060
29	2.099225	5.777639	-1.500060
30	2.099225	7.777639	-1.490880
31	2.099225	8.777639	-1.490880
32	3.099225	-3.222361	-1.538060
33	3.099225	-2.222361	-1.538060
34	3.099225	-1.222361	-1.538060
35	3.099225	0.777639	-1.500060
36	3.099225	1.777639	-1.500060
37	3.099225	2.777639	-1.500060
38	3.099225	3.777639	-1.500060
39	3.099225	4.777639	-1.500060
40	3.099225	5.777639	-1.500060
41	3.099225	6.777639	-1.490880
42	3.099225	7.777639	-1.490880
43	3.099225	8.777639	-1.490880
44	4.099225	-3.222361	-1.538060
45	4.099225	-2.222361	-1.538060
46	4.099225	-1.222361	-1.538060
47	4.099225	-0.222361	-1.500060
48	4.099225	0.777639	-1.500060
49	4.099225	1.777639	-1.500060
50	4.099225	2.777639	-1.500060
51	4.099225	3.777639	-1.500060
52	4.099225	4.777639	-1.500060
53	4.099225	5.777639	-1.500060
54	4.099225	6.777639	-1.490880
55	4.099225	7.777639	-1.490880
56	4.099225	8.777639	-1.490880
57	5.099225	-3.222361	-1.538060
58	5.099225	-2.222361	-1.538060
59	5.099225	-1.222361	-1.538060
60	5.099225	-0.222361	-1.500060
61	5.099225	0.777639	-1.500060
62	5.099225	1.777639	-1.500060
63	5.099225	2.777639	-1.500060
64	5.099225	3.777639	-1.500060
65	5.099225	5.777639	-1.500060
66	5.099225	6.777639	-1.490880
67	5.099225	7.777639	-1.490880
68	5.099225	8.777639	-1.490880
69	6.099225	-2.222361	-1.538060
70	6.099225	-0.222361	-1.500060
71	6.099225	0.777639	-1.500060
72	6.099225	1.777639	-1.500060
73	6.099225	2.777639	-1.500060
74	6.099225	5.777639	-1.510010
75	6.099225	6.777639	-1.490880
76	6.099225	7.777639	-1.490880
77	6.099225	8.777639	-1.490880
78	7.099225	-3.222361	-1.576140
79	7.099225	-2.222361	-1.576140
80	7.099225	-1.222361	-1.576140
81	7.099225	-0.222361	-1.500060
82	7.099225	0.777639	-1.500060
83	7.099225	1.777639	-1.500060
84	7.099225	2.777639	-1.500060
85	7.099225	3.777639	-1.500060
86	7.099225	6.777639	-1.490880
87	7.099225	7.777639	-1.490880
88	7.099225	8.777639	-1.490880
89	8.099224	-2.222361	-1.576140
90	8.099224	-1.222361	-1.576140
91	8.099224	-0.222361	-1.500060
92	8.099224	0.777639	-1.500060
93	8.099224	1.777639	-1.500060
94	8.099224	2.777639	-1.500060
95	8.099224	3.777639	-1.500060
96	8.099224	5.777639	-1.510010
97	8.099224	6.777639	-1.490880
98	9.099224	-2.222361	-1.576140
99	9.099224	-1.222361	-1.576140
100	9.099224	3.777639	-1.500060
101	9.099224	4.777639	-1.500060
102	9.099224	5.777639	-1.500060
103	9.099224	6.777639	-1.490880
104	9.099224	7.777639	-1.516240
105	9.099224	8.777639	-1.516240
106	0.099225	-0.222361	1.445018
107	0.099225	0.777639	1.445018
108	0.099225	1.777639	1.445018
109	0.099225	3.777639	1.445018
110	0.099225	4.777639	1.445018
111	0.099225	5.777639	1.445018
112	1.099225	-0.222361	1.445018
113	1.099225	0.777639	1.445018
114	1.099225	1.777639	1.445018
115	1.099225	2.777639	1.445018
116	1.099225	3.777639	1.445018
117	1.099225	4.777639	1.445018
118	1.099225	5.777639	1.445018
119	1.099225	6.777639	1.477618
120	1.099225	7.777639	1.477618
121	1.099225	8.777639	1.477618
122	2.099225	-4.222361	1.463674
123	2.099225	-3.222361	1.463674
124	2.099225	-2.222361	1.463674
125	2.099225	-0.222361	1.445018
126	2.099225	0.777639	1.445018
127	2.099225	1.777639	1.445018
128	2.099225	2.777639	1.445018
129	2.099225	3.777639	1.445018
130	2.099225	4.777639	1.445018
131	2.099225	5.777639	1.445018
132	2.099225	7.777639	1.471595
133	2.099225	8.777639	1.471595
134	2.099225	9.777639	1.471595
135	3.099225	-3.222361	1.463674
136	3.099225	-2.222361	1.463674
137	3.099225	-1.222361	1.463674
138	3.099225	-0.222361	1.481226
139	3.099225	0.777639	1.481226
140	3.099225	1.777639	1.481226
141	3.099225	2.777639	1.481226
142	3.099225	3.777639	1.481226
143	3.099225	4.777639	1.481226
144	3.099225	5.777639	1.481226
145	3.099225	6.777639	1.471595
146	3.099225	7.777639	1.471595
147	3.099225	8.777639	1.471595
148	3.099225	9.777639	1.471595
149	4.099225	-3.222361	1.463674
150	4.099225	-2.222361	1.463674
151	4.099225	-1.222361	1.463674
152	4.099225	-0.222361	1.481226
153	4.099225	0.777639	1.481226
154	4.099225	1.777639	1.481226
155	4.099225	2.777639	1.481226
156	4.099225	3.777639	1.481226
157	4.099225	4.777639	1.481226
158	4.099225	5.777639	1.481226
159	4.099225	6.777639	1.471595
160	4.099225	7.777639	1.471595
161	4.099225	8.777639	1.471595
162	5.099225	-3.222361	1.463674
163	5.099225	-2.222361	1.463674
164	5.099225	-1.222361	1.463674
165	5.099225	-0.222361	1.481226
166	5.099225	0.777639	1.481226
167	5.099225	1.777639	1.481226
168	5.099225	2.777639	1.481226
169	5.099225	3.777639	1.481226
170	5.099225	4.777639	1.481226
171	5.099225	5.777639	1.481226
172	5.099225	6.777639	1.471595
173	5.099225	7.777639	1.471595
174	5.099225	8.777639	1.471595
175	5.099225	9.777639	1.471595
176	6.099225	-3.222361	1.472064
177	6.099225	-2.222361	1.472064
178	6.099225	-1.222361	1.472064
179	6.099225	-0.222361	1.481226
180	6.099225	0.777639	1.481226
181	6.099225	1.777639	1.481226
182	6.099225	2.777639	1.481226
183	6.099225	3.777639	1.481226
184	6.099225	4.777639	1.489701
185	6.099225	5.777639	1.489701
186	6.099225	6.777639	1.501927
187	6.099225	7.777639	1.501927
188	6.099225	8.777639	1.501927
189	6.099225	9.777639	1.501927
190	7.099225	-3.222361	1.472064
191	7.099225	-2.222361	1.472064
192	7.099225	-1.222361	1.472064
193	7.099225	0.777639	1.481226
194	7.099225	1.777639	1.481226
195	7.099225	2.777639	1.481226
196	7.099225	3.777639	1.481226
197	7.099225	6.777639	1.501927
198	7.099225	7.777639	1.501927
199	7.099225	8.777639	1.501927
200	7.099225	9.777639	1.501927
201	8.099224	-2.222361	1.472064
202	8.099224	0.777639	1.481226
203	8.099224	1.777639	1.481226
204	8.099224	2.777639	1.481226
205	8.099224	3.777639	1.481226
206	8.099224	4.777639	1.489701
207	8.099224	5.777639	1.489701
208	8.099224	7.777639	1.501927
209	9.099224	-2.222361	1.475701
210	9.099224	-1.222361	1.475701
211	9.099224	0.777639	1.481226
212	9.099224	1.777639	1.481226
213	9.099224	2.777639	1.481226
214	9.099224	3.777639	1.481226
215	9.099224	4.777639	1.489701
216	9.099224	5.777639	1.489701
217	9.099224	6.777639	1.521843
218	9.099224	7.777639	1.521843
219	0.099225	-0.222361	4.392720
220	0.099225	0.777639	4.392720
221	0.099225	1.777639	4.392720
222	0.099225	3.777639	4.392720
223	0.099225	4.777639	4.392720
224	0.099225	5.777639	4.392720
225	1.099225	-0.222361	4.392720
226	1.099225	0.777639	4.392720
227	1.099225	1.777639	4.392720
228	1.099225	2.777639	4.392720
229	1.099225	3.777639	4.392720
230	1.099225	4.777639	4.392720
231	1.099225	5.777639	4.392720
232	2.099225	-3.222361	4.390720
233	2.099225	-2.222361	4.390720
234	2.099225	-1.222361	4.390720
235	2.099225	-0.222361	4.392840
236	2.099225	1.777639	4.392720
237	2.099225	2.777639	4.392720
238	2.099225	3.777639	4.392720
239	2.099225	4.777639	4.392720
240	2.099225	5.777639	4.392720
241	2.099225	7.777639	4.347010
242	2.099225	8.777639	4.347010
243	2.099225	9.777639	4.347010
244	3.099225	-3.222361	4.390720
245	3.099225	-2.222361	4.390720
246	3.099225	-1.222361	4.390720
247	3.099225	1.777639	4.392720
248	3.099225	2.777639	4.392720
249	3.099225	3.777639	4.392720
250	3.099225	4.777639	4.392720
251	3.099225	6.777639	4.347010
252	3.099225	7.777639	4.347010
253	3.099225	8.777639	4.347010
254	4.099225	-3.222361	4.390720
255	4.099225	-2.222361	4.390720
256	4.099225	-1.222361	4.390720
257	4.099225	0.777639	4.392840
258	4.099225	1.777639	4.392720
259	4.099225	2.777639	4.392720
260	4.099225	3.777639	4.392720
261	4.099225	4.777639	4.392720
262	4.099225	6.777639	4.347010
263	4.099225	7.777639	4.347010
264	4.099225	8.777639	4.347010
265	5.099225	-3.222361	4.390720
266	5.099225	-2.222361	4.390720
267	5.099225	-1.222361	4.390720
268	5.099225	-0.222361	4.392720
269	5.099225	0.777639	4.392720
270	5.099225	1.777639	4.392720
271	5.099225	2.777639	4.392720
272	5.099225	3.777639	4.392720
273	5.099225	4.777639	4.392720
274	5.099225	6.777639	4.347010
275	5.099225	7.777639	4.347010
276	5.099225	8.777639	4.347010
277	5.099225	9.777639	4.347010
278	6.099225	-3.222361	4.368410
279	6.099225	-2.222361	4.368410
280	6.099225	-1.222361	4.368410
281	6.099225	0.777639	4.392720
282	6.099225	1.777639	4.392720
283	6.099225	2.777639	4.392720
284	6.099225	3.777639	4.392720
285	6.099225	4.777639	4.392720
286	6.099225	5.777639	4.392720
287	6.099225	6.777639	4.338790
288	6.099225	7.777639	4.338790
289	6.099225	8.777639	4.338790
290	6.099225	9.777639	4.338790
291	7.099225	-3.222361	4.368410
292	7.099225	-2.222361	4.368410
293	7.099225	-1.222361	4.368410
294	7.099225	2.777639	4.392720
295	7.099225	3.777639	4.392720
296	7.099225	4.777639	4.392720
297	7.099225	5.777639	4.392720
298	7.099225	6.777639	4.338790
299	7.099225	7.777639	4.338790
300	7.099225	8.777639	4.338790
301	8.099224	2.777639	4.392720
302	8.099224	3.777639	4.392720
303	8.099224	4.777639	4.392720
304	8.099224	5.777639	4.392720
305	9.099224	-2.222361	4.363030
306	9.099224	-1.222361	4.363030
307	9.099224	2.777639	4.392720
308	9.099224	3.777639	4.392720
309	9.099224	4.777639	4.392720
310	9.099224	5.777639	4.392720
311	9.099224	6.777639	4.337710
312	9.099224	7.777639	4.337710
313	4.099225	6.777639	7.270400
314	4.099225	7.777639	7.270400
315	4.099225	8.777639	7.270400
316	4.099225	9.777639	7.270400
317	5.099225	6.777639	7.270400
318	5.099225	7.777639	7.270400
319	5.099225	8.777639	7.270400
320	5.099225	9.777639	7.270400
321	6.099225	6.777639	7.270400
322	6.099225	7.777639	7.270400
323	6.099225	8.777639	7.270400
324	6.099225	9.777639	7.270400
325	7.099225	6.777639	7.270400
326	7.099225	7.777639	7.270400
327	7.099225	8.777639	7.270400
328	7.099225	9.777639	7.270400
329	8.099224	6.777639	7.270400
330	8.099224	7.777639	7.270400
331	8.099224	8.777639	7.270400
332	8.099224	9.777639	7.270400
333	4.099225	-4.222361	7.283040
334	4.099225	-3.222361	7.283040
335	4.099225	-2.222361	7.283040
336	4.099225	-1.222361	7.283040
337	5.099225	-3.222361	7.283040
338	5.099225	-2.222361	7.283040
339	5.099225	-1.222361	7.283040
340	6.099225	-4.222361	7.283040
341	6.099225	-3.222361	7.283040
342	6.099225	-2.222361	7.283040
343	6.099225	-1.222361	7.283040
344	7.099225	-3.222361	7.283040
345	7.099225	-2.222361	7.283040
346	7.099225	-1.222361	7.283040
347	8.099224	-3.222361	7.283040
348	8.099224	-2.222361	7.283040
349	8.099224	-1.222361	7.283040
