0	-1.015750	1.051506	0.004789
1	-0.515750	-5.448494	0.004789
2	-0.515750	-4.948494	0.004789
3	-0.515750	-0.948494	0.004789
4	-0.515750	-0.448494	0.004789
5	-0.515750	0.051506	0.004789
6	-0.515750	0.551506	0.004789
7	-0.515750	1.051506	0.004789
8	-0.515750	2.051506	0.004789
9	-0.515750	2.551506	0.004789
10	-0.515750	3.051506	0.004789
11	-0.015750	-4.948494	0.004789
12	-0.015750	-3.948494	0.004789
13	-0.015750	-3.448494	0.004789
14	-0.015750	-2.948494	0.004789
15	-0.015750	-2.448494	0.004789
16	-0.015750	-1.948494	0.004789
17	-0.015750	-1.448494	0.004789
18	-0.015750	-0.948494	0.004789
19	-0.015750	-0.448494	0.004789
20	-0.015750	0.051506	0.004789
21	-0.015750	0.551506	0.004789
22	-0.015750	1.051506	0.004789
23	-0.015750	1.551506	0.004789
24	-0.015750	2.051506	0.004789
25	-0.015750	2.551506	0.004789
26	-0.015750	3.051506	0.004789
27	0.484250	-4.948494	0.004789
28	0.484250	-4.448494	0.004789
29	0.484250	-3.948494	0.004789
30	0.484250	-3.448494	0.004789
31	0.484250	-2.948494	0.004789
32	0.484250	-2.448494	0.004789
33	0.484250	-1.948494	0.004789
34	0.484250	-1.448494	0.004789
35	0.484250	-0.948494	0.004789
36	0.484250	-0.448494	0.004789
37	0.484250	0.051506	0.004789
38	0.484250	0.551506	0.004789
39	0.484250	1.051506	0.004789
40	0.484250	1.551506	0.004789
41	0.484250	2.051506	0.004789
42	0.484250	2.551506	0.004789
43	0.484250	3.051506	0.004789
44	0.984250	-4.948494	0.004789
45	0.984250	-4.448494	0.004789
46	0.984250	-3.948494	0.004789
47	0.984250	-3.448494	0.004789
48	0.984250	-2.948494	0.004789
49	0.984250	-2.448494	0.004789
50	0.984250	-1.948494	0.004789
51	0.984250	-1.448494	0.004789
52	0.984250	-0.948494	0.004789
53	0.984250	-0.448494	0.004789
54	0.984250	0.051506	0.004789
55	0.984250	0.551506	0.004789
56	0.984250	1.051506	0.004789
57	1.484250	-4.948494	0.004789
58	1.484250	-4.448494	0.004789
59	1.484250	-3.948494	0.004789
60	1.484250	-3.448494	0.004789
61	1.484250	-2.948494	0.004789
62	1.484250	-2.448494	0.004789
63	1.484250	-1.948494	0.004789
64	1.484250	-1.448494	0.004789
65	1.484250	-0.948494	0.004789
66	1.984250	-4.948494	0.004789
67	1.984250	-4.448494	0.004789
68	1.984250	-3.948494	0.004789
69	1.984250	-3.448494	0.004789
70	1.984250	-2.948494	0.004789
71	1.984250	-2.448494	0.004789
72	1.984250	-1.948494	0.004789
73	1.984250	-1.448494	0.004789
74	1.984250	-0.948494	0.004789
75	2.484250	-6.448494	0.004789
76	2.484250	-5.948494	0.004789
77	2.484250	-5.448494	0.004789
78	2.484250	-4.448494	0.004789
79	2.484250	-3.948494	0.004789
80	2.484250	-3.448494	0.004789
81	2.484250	-2.948494	0.004789
82	2.484250	-2.448494	0.004789
83	2.484250	-1.948494	0.004789
84	2.484250	-1.448494	0.004789
85	2.484250	-0.948494	0.004789
86	2.984250	-8.448494	0.004789
87	2.984250	-7.948494	0.004789
88	2.984250	-7.448494	0.004789
89	2.984250	-6.948494	0.004789
90	2.984250	-6.448494	0.004789
91	2.984250	-5.948494	0.004789
92	2.984250	-5.448494	0.004789
93	2.984250	-4.948494	0.004789
94	2.984250	-4.448494	0.004789
95	2.984250	-3.948494	0.004789
96	2.984250	-3.448494	0.004789
97	2.984250	-2.948494	0.004789
98	2.984250	-2.448494	0.004789
99	2.984250	-1.948494	0.004789
100	2.984250	-1.448494	0.004789
101	2.984250	-0.948494	0.004789
102	2.984250	-0.448494	0.004789
103	2.984250	0.051506	0.004789
104	3.484250	-8.948494	0.004789
105	3.484250	-8.448494	0.004789
106	3.484250	-7.948494	0.004789
107	3.484250	-7.448494	0.004789
108	3.484250	-6.948494	0.004789
109	3.484250	-6.448494	0.004789
110	3.484250	-5.948494	0.004789
111	3.484250	-5.448494	0.004789
112	3.484250	-4.948494	0.004789
113	3.484250	-4.448494	0.004789
114	3.484250	-3.948494	0.004789
115	3.484250	-3.448494	0.004789
116	3.484250	-2.948494	0.004789
117	3.484250	-2.448494	0.004789
118	3.484250	-1.948494	0.004789
119	3.484250	-1.448494	0.004789
120	3.484250	-0.948494	0.004789
121	3.484250	-0.448494	0.004789
122	3.484250	0.051506	0.004789
123	3.484250	0.551506	0.004789
124	3.484250	1.051506	0.004789
125	3.484250	2.051506	0.004789
126	3.484250	2.551506	0.004789
127	3.484250	3.051506	0.004789
128	3.984250	-8.448494	0.004789
129	3.984250	-7.948494	0.004789
130	3.984250	-7.448494	0.004789
131	3.984250	-6.948494	0.004789
132	3.984250	-6.448494	0.004789
133	3.984250	-5.948494	0.004789
134	3.984250	-5.448494	0.004789
135	3.984250	-4.948494	0.004789
136	3.984250	-4.448494	0.004789
137	3.984250	-3.948494	0.004789
138	3.984250	-3.448494	0.004789
139	3.984250	-2.948494	0.004789
140	3.984250	-2.448494	0.004789
141	3.984250	-1.948494	0.004789
142	3.984250	-1.448494	0.004789
143	3.984250	-0.948494	0.004789
144	3.984250	-0.448494	0.004789
145	3.984250	0.051506	0.004789
146	3.984250	0.551506	0.004789
147	3.984250	1.051506	0.004789
148	3.984250	1.551506	0.004789
149	3.984250	2.051506	0.004789
150	3.984250	2.551506	0.004789
151	3.984250	3.051506	0.004789
152	4.484250	-8.448494	0.004789
153	4.484250	-7.948494	0.004789
154	4.484250	-7.448494	0.004789
155	4.484250	-6.948494	0.004789
156	4.484250	-6.448494	0.004789
157	4.484250	-5.948494	0.004789
158	4.484250	-5.448494	0.004789
159	4.484250	-4.948494	0.004789
160	4.484250	-4.448494	0.004789
161	4.484250	-3.948494	0.004789
162	4.484250	-3.448494	0.004789
163	4.484250	-2.948494	0.004789
164	4.484250	-2.448494	0.004789
165	4.484250	-1.948494	0.004789
166	4.484250	-1.448494	0.004789
167	4.484250	-0.948494	0.004789
168	4.484250	-0.448494	0.004789
169	4.484250	0.051506	0.004789
170	4.484250	0.551506	0.004789
171	4.484250	1.051506	0.004789
172	4.484250	1.551506	0.004789
173	4.484250	2.051506	0.004789
174	4.484250	2.551506	0.004789
175	4.984250	-8.448494	0.004789
176	4.984250	-7.948494	0.004789
177	4.984250	-7.448494	0.004789
178	4.984250	-6.948494	0.004789
179	4.984250	-6.448494	0.004789
180	4.984250	-5.948494	0.004789
181	4.984250	-5.448494	0.004789
182	4.984250	-4.948494	0.004789
183	4.984250	-4.448494	0.004789
184	4.984250	-3.948494	0.004789
185	4.984250	-3.448494	0.004789
186	4.984250	-2.948494	0.004789
187	4.984250	-2.448494	0.004789
188	4.984250	-1.948494	0.004789
189	4.984250	-1.448494	0.004789
190	4.984250	-0.948494	0.004789
191	4.984250	-0.448494	0.004789
192	4.984250	0.051506	0.004789
193	4.984250	0.551506	0.004789
194	4.984250	1.551506	0.004789
195	4.984250	2.551506	0.004789
196	4.984250	3.051506	0.004789
197	5.484250	-8.448494	0.004789
198	5.484250	-7.948494	0.004789
199	5.484250	-7.448494	0.004789
200	5.484250	-6.948494	0.004789
201	5.484250	-6.448494	0.004789
202	5.484250	-5.948494	0.004789
203	5.484250	-5.448494	0.004789
204	5.484250	-4.948494	0.004789
205	5.484250	-4.448494	0.004789
206	5.484250	-3.948494	0.004789
207	5.484250	-3.448494	0.004789
208	5.484250	-2.948494	0.004789
209	5.484250	-2.448494	0.004789
210	5.484250	-1.948494	0.004789
211	5.484250	-1.448494	0.004789
212	5.484250	-0.448494	0.004789
213	5.484250	0.051506	0.004789
214	5.484250	0.551506	0.004789
215	5.484250	1.051506	0.004789
216	5.484250	1.551506	0.004789
217	5.484250	2.051506	0.004789
218	5.484250	2.551506	0.004789
219	5.484250	3.051506	0.004789
220	5.484250	3.551506	0.004789
221	5.984250	-8.448494	0.004789
222	5.984250	-7.948494	0.004789
223	5.984250	-7.448494	0.004789
224	5.984250	-6.948494	0.004789
225	5.984250	-6.448494	0.004789
226	5.984250	-5.948494	0.004789
227	5.984250	-5.448494	0.004789
228	5.984250	-4.448494	0.004789
229	5.984250	-3.948494	0.004789
230	5.984250	-3.448494	0.004789
231	5.984250	-2.948494	0.004789
232	5.984250	-2.448494	0.004789
233	5.984250	-1.448494	0.004789
234	6.484250	-8.448494	0.004789
235	6.484250	-7.948494	0.004789
236	6.484250	-7.448494	0.004789
237	6.484250	-6.948494	0.004789
