0	-11.244826	-15.468670	-1.859260
1	-11.244826	-14.468670	-1.859260
2	-11.244826	-13.468670	-1.859260
3	-11.244826	-12.468670	-1.859260
4	-11.244826	-11.468670	-1.859260
5	-11.244826	-10.468670	-1.859260
6	-11.244826	-9.468670	-1.859260
7	-11.244826	-8.468670	-1.859260
8	-11.244826	-7.468670	-1.859260
9	-11.244826	-6.468670	-1.859260
10	-10.244826	-17.468670	-1.859260
11	-10.244826	-16.468670	-1.859260
12	-10.244826	-15.468670	-1.859260
13	-10.244826	-14.468670	-1.859260
14	-10.244826	-13.468670	-1.859260
15	-10.244826	-12.468670	-1.859260
16	-10.244826	-11.468670	-1.859260
17	-10.244826	-10.468670	-1.859260
18	-10.244826	-9.468670	-1.859260
19	-10.244826	-8.468670	-1.859260
20	-10.244826	-7.468670	-1.859260
21	-10.244826	-6.468670	-1.859260
22	-9.244826	-19.468670	-1.859260
23	-9.244826	-18.468670	-1.859260
24	-9.244826	-17.468670	-1.859260
25	-9.244826	-16.468670	-1.859260
26	-9.244826	-15.468670	-1.859260
27	-9.244826	-14.468670	-1.859260
28	-9.244826	-13.468670	-1.859260
29	-9.244826	-12.468670	-1.859260
30	-9.244826	-11.468670	-1.859260
31	-9.244826	-10.468670	-1.859260
32	-9.244826	-9.468670	-1.859260
33	-9.244826	-8.468670	-1.859260
34	-9.244826	-7.468670	-1.859260
35	-9.244826	-6.468670	-1.859260
36	-8.244826	-20.468670	-1.859260
37	-8.244826	-19.468670	-1.859260
38	-8.244826	-18.468670	-1.859260
39	-8.244826	-17.468670	-1.859260
40	-8.244826	-16.468670	-1.859260
41	-8.244826	-15.468670	-1.859260
42	-8.244826	-14.468670	-1.859260
43	-8.244826	-13.468670	-1.859260
44	-8.244826	-12.468670	-1.859260
45	-8.244826	-11.468670	-1.859260
46	-8.244826	-10.468670	-1.859260
47	-8.244826	-9.468670	-1.859260
48	-8.244826	-8.468670	-1.859260
49	-8.244826	-7.468670	-1.859260
50	-8.244826	-6.468670	-1.859260
51	-7.244826	-20.468670	-1.859260
52	-7.244826	-19.468670	-1.859260
53	-7.244826	-18.468670	-1.859260
54	-7.244826	-17.468670	-1.859260
55	-7.244826	-16.468670	-1.859260
56	-7.244826	-15.468670	-1.859260
57	-7.244826	-14.468670	-1.859260
58	-7.244826	-13.468670	-1.859260
59	-7.244826	-12.468670	-1.859260
60	-7.244826	-11.468670	-1.859260
61	-7.244826	-10.468670	-1.859260
62	-7.244826	-9.468670	-1.859260
63	-7.244826	-8.468670	-1.859260
64	-7.244826	-7.468670	-1.859260
65	-7.244826	-6.468670	-1.859260
66	-6.244826	-20.468670	-1.859260
67	-6.244826	-19.468670	-1.859260
68	-6.244826	-18.468670	-1.859260
69	-6.244826	-17.468670	-1.859260
70	-6.244826	-16.468670	-1.859260
71	-6.244826	-15.468670	-1.859260
72	-6.244826	-14.468670	-1.859260
73	-6.244826	-13.468670	-1.859260
74	-6.244826	-12.468670	-1.859260
75	-6.244826	-11.468670	-1.859260
76	-6.244826	-10.468670	-1.859260
77	-6.244826	-9.468670	-1.859260
78	-6.244826	-8.468670	-1.859260
79	-6.244826	-7.468670	-1.859260
80	-6.244826	-6.468670	-1.859260
81	-5.244826	-20.468670	-1.859260
82	-5.244826	-19.468670	-1.859260
83	-5.244826	-18.468670	-1.859260
84	-5.244826	-17.468670	-1.859260
85	-5.244826	-16.468670	-1.859260
86	-5.244826	-15.468670	-1.859260
87	-5.244826	-14.468670	-1.859260
88	-5.244826	-13.468670	-1.859260
89	-5.244826	-12.468670	-1.859260
90	-5.244826	-11.468670	-1.859260
91	-5.244826	-10.468670	-1.859260
92	-5.244826	-9.468670	-1.859260
93	-5.244826	-8.468670	-1.859260
94	-5.244826	-7.468670	-1.859260
95	-5.244826	-6.468670	-1.859260
96	-5.244826	2.531330	-1.817960
97	-4.244826	-20.468670	-1.859260
98	-4.244826	-19.468670	-1.859260
99	-4.244826	-18.468670	-1.859260
100	-4.244826	-17.468670	-1.859260
101	-4.244826	-16.468670	-1.859260
102	-4.244826	-15.468670	-1.859260
103	-4.244826	-14.468670	-1.859260
104	-4.244826	-13.468670	-1.859260
105	-4.244826	-12.468670	-1.859260
106	-4.244826	-11.468670	-1.859260
107	-4.244826	-10.468670	-1.859260
108	-4.244826	-9.468670	-1.859260
109	-4.244826	-8.468670	-1.859260
110	-4.244826	-7.468670	-1.859260
111	-4.244826	-6.468670	-1.859260
112	-4.244826	1.531330	-1.817960
113	-4.244826	2.531330	-1.817960
114	-3.244826	-19.468670	-1.859260
115	-3.244826	-18.468670	-1.859260
116	-3.244826	-17.468670	-1.859260
117	-3.244826	-16.468670	-1.859260
118	-3.244826	-15.468670	-1.859260
119	-3.244826	-14.468670	-1.859260
120	-3.244826	-13.468670	-1.859260
121	-3.244826	-12.468670	-1.859260
122	-3.244826	-11.468670	-1.859260
123	-3.244826	-10.468670	-1.859260
124	-3.244826	-9.468670	-1.859260
125	-3.244826	-8.468670	-1.859260
126	-3.244826	-7.468670	-1.859260
127	-3.244826	1.531330	-1.809700
128	-3.244826	4.531330	-1.809700
129	-2.244826	-20.468670	-1.859260
130	-2.244826	-19.468670	-1.859260
131	-2.244826	-18.468670	-1.859260
132	-2.244826	-17.468670	-1.859260
133	-2.244826	-16.468670	-1.859260
134	-2.244826	-15.468670	-1.859260
135	-2.244826	-14.468670	-1.859260
136	-2.244826	-13.468670	-1.859260
137	-2.244826	-12.468670	-1.859260
138	-2.244826	-11.468670	-1.859260
139	-2.244826	-10.468670	-1.859260
140	-2.244826	-9.468670	-1.859260
141	-2.244826	-8.468670	-1.859260
142	-2.244826	-7.468670	-1.859260
143	-2.244826	-6.468670	-1.859260
144	-2.244826	-5.468670	-1.802410
145	-2.244826	-4.468670	-1.802410
146	-2.244826	-3.468670	-1.802410
147	-2.244826	-2.468670	-1.802410
148	-2.244826	0.531330	-1.809700
149	-2.244826	1.531330	-1.809700
150	-2.244826	2.531330	-1.809700
151	-2.244826	3.531330	-1.809700
152	-2.244826	4.531330	-1.809700
153	-1.244826	-20.468670	-1.859260
154	-1.244826	-19.468670	-1.859260
155	-1.244826	-18.468670	-1.859260
156	-1.244826	-17.468670	-1.859260
157	-1.244826	-16.468670	-1.859260
158	-1.244826	-15.468670	-1.859260
159	-1.244826	-14.468670	-1.859260
160	-1.244826	-13.468670	-1.859260
161	-1.244826	-12.468670	-1.859260
162	-1.244826	-11.468670	-1.859260
163	-1.244826	-10.468670	-1.859260
164	-1.244826	-9.468670	-1.859260
165	-1.244826	-8.468670	-1.859260
166	-1.244826	-7.468670	-1.859260
167	-1.244826	-4.468670	-1.802410
168	-1.244826	-3.468670	-1.802410
169	-1.244826	-2.468670	-1.802410
170	-1.244826	-1.468670	-1.802410
171	-1.244826	0.531330	-1.802410
172	-1.244826	3.531330	-1.805600
173	-0.244826	-19.468670	-1.859260
174	-0.244826	-18.468670	-1.859260
175	-0.244826	-17.468670	-1.859260
176	-0.244826	-16.468670	-1.859260
177	-0.244826	-15.468670	-1.859260
178	-0.244826	-14.468670	-1.859260
179	-0.244826	-13.468670	-1.859260
180	-0.244826	-12.468670	-1.859260
181	-0.244826	-11.468670	-1.859260
182	-0.244826	-10.468670	-1.859260
183	-0.244826	-9.468670	-1.859260
184	-0.244826	-8.468670	-1.859260
185	-0.244826	-7.468670	-1.859260
186	-0.244826	-6.468670	-1.802410
187	-0.244826	-5.468670	-1.802410
188	-0.244826	-4.468670	-1.802410
189	-0.244826	-3.468670	-1.802410
190	-0.244826	-2.468670	-1.802410
191	-0.244826	-1.468670	-1.802410
192	-0.244826	-0.468670	-1.802410
193	-0.244826	0.531330	-1.802410
194	-0.244826	1.531330	-1.802410
195	-0.244826	2.531330	-1.805600
196	-0.244826	3.531330	-1.805600
197	-0.244826	4.531330	-1.632600
198	0.755174	-19.468670	-1.859260
199	0.755174	-18.468670	-1.859260
200	0.755174	-17.468670	-1.859260
201	0.755174	-16.468670	-1.859260
202	0.755174	-15.468670	-1.859260
203	0.755174	-14.468670	-1.859260
204	0.755174	-13.468670	-1.859260
205	0.755174	-12.468670	-1.859260
206	0.755174	-11.468670	-1.859260
207	0.755174	-10.468670	-1.859260
208	0.755174	-9.468670	-1.859260
209	0.755174	-8.468670	-1.859260
210	0.755174	-7.468670	-1.859260
211	0.755174	-4.468670	-1.802410
212	0.755174	-3.468670	-1.802410
213	0.755174	-2.468670	-1.802410
214	0.755174	-1.468670	-1.802410
215	0.755174	-0.468670	-1.802410
216	0.755174	0.531330	-1.802410
217	0.755174	2.531330	-1.805600
218	0.755174	3.531330	-1.805600
219	0.755174	4.531330	-1.632600
220	0.755174	5.531330	-1.805600
221	0.755174	6.531330	-1.805600
222	0.755174	7.531330	-1.805600
223	1.755174	-18.468670	-1.859260
224	1.755174	-17.468670	-1.859260
225	1.755174	-16.468670	-1.859260
226	1.755174	-15.468670	-1.859260
227	1.755174	-14.468670	-1.859260
228	1.755174	-13.468670	-1.859260
229	1.755174	-12.468670	-1.859260
230	1.755174	-11.468670	-1.859260
231	1.755174	-10.468670	-1.859260
232	1.755174	-9.468670	-1.859260
233	1.755174	-8.468670	-1.859260
234	1.755174	-7.468670	-1.859260
235	1.755174	-6.468670	-1.802410
236	1.755174	-5.468670	-1.802410
237	1.755174	-4.468670	-1.802410
238	1.755174	-3.468670	-1.802410
239	1.755174	-2.468670	-1.802410
240	1.755174	-1.468670	-1.802410
241	1.755174	-0.468670	-1.802410
242	1.755174	0.531330	-1.802410
243	1.755174	2.531330	-1.805600
244	1.755174	3.531330	-1.805600
245	1.755174	4.531330	-1.805600
246	1.755174	5.531330	-1.805600
247	1.755174	6.531330	-1.805600
248	1.755174	8.531330	-1.798800
249	1.755174	9.531330	-1.798800
250	1.755174	10.531330	-1.798800
251	2.755174	-18.468670	-1.859260
252	2.755174	-17.468670	-1.859260
253	2.755174	-16.468670	-1.859260
254	2.755174	-15.468670	-1.859260
255	2.755174	-14.468670	-1.859260
256	2.755174	-13.468670	-1.859260
257	2.755174	-12.468670	-1.859260
258	2.755174	-11.468670	-1.859260
259	2.755174	-10.468670	-1.859260
260	2.755174	-9.468670	-1.859260
261	2.755174	-8.468670	-1.859260
262	2.755174	-7.468670	-1.859260
263	2.755174	-6.468670	-1.802410
264	2.755174	-5.468670	-1.802410
265	2.755174	-4.468670	-1.802410
266	2.755174	-3.468670	-1.802410
267	2.755174	-2.468670	-1.802410
268	2.755174	-1.468670	-1.802410
269	2.755174	-0.468670	-1.802410
270	2.755174	0.531330	-1.802410
271	2.755174	2.531330	-1.805600
272	2.755174	3.531330	-1.805600
273	2.755174	4.531330	-1.805600
274	2.755174	5.531330	-1.805600
275	2.755174	6.531330	-1.805600
276	2.755174	7.531330	-1.805600
277	2.755174	8.531330	-1.798800
278	2.755174	9.531330	-1.798800
279	2.755174	10.531330	-1.798800
280	3.755174	-17.468670	-1.859260
281	3.755174	-16.468670	-1.859260
282	3.755174	-15.468670	-1.859260
283	3.755174	-14.468670	-1.859260
284	3.755174	-13.468670	-1.859260
285	3.755174	-12.468670	-1.859260
286	3.755174	-11.468670	-1.859260
287	3.755174	-10.468670	-1.859260
288	3.755174	-9.468670	-1.859260
289	3.755174	-8.468670	-1.859260
290	3.755174	-7.468670	-1.859260
291	3.755174	-6.468670	-1.802410
292	3.755174	-5.468670	-1.802410
293	3.755174	-4.468670	-1.802410
294	3.755174	-3.468670	-1.802410
295	3.755174	-2.468670	-1.802410
296	3.755174	-1.468670	-1.802410
297	3.755174	-0.468670	-1.802410
298	3.755174	0.531330	-1.802410
299	3.755174	1.531330	-1.802410
300	3.755174	4.531330	-1.805600
301	3.755174	5.531330	-1.805600
302	3.755174	6.531330	-1.805600
303	3.755174	7.531330	-1.805600
304	3.755174	8.531330	-1.798800
305	3.755174	9.531330	-1.798800
306	3.755174	10.531330	-1.798800
307	4.755174	-17.468670	-1.859260
308	4.755174	-16.468670	-1.859260
309	4.755174	-15.468670	-1.859260
310	4.755174	-14.468670	-1.859260
311	4.755174	-13.468670	-1.859260
312	4.755174	-12.468670	-1.859260
313	4.755174	-11.468670	-1.859260
314	4.755174	-10.468670	-1.859260
315	4.755174	-9.468670	-1.859260
316	4.755174	-8.468670	-1.859260
317	4.755174	-7.468670	-1.859260
318	4.755174	-6.468670	-1.802410
319	4.755174	-5.468670	-1.802410
320	4.755174	-4.468670	-1.802410
321	4.755174	-3.468670	-1.802410
322	4.755174	-2.468670	-1.802410
323	4.755174	-1.468670	-1.802410
324	4.755174	-0.468670	-1.802410
325	4.755174	0.531330	-1.802410
326	4.755174	1.531330	-1.802410
327	4.755174	2.531330	-1.802410
328	4.755174	3.531330	-1.805600
329	4.755174	4.531330	-1.805600
330	4.755174	5.531330	-1.805600
331	4.755174	6.531330	-1.805600
332	4.755174	7.531330	-1.805600
333	4.755174	8.531330	-1.798800
334	4.755174	9.531330	-1.798800
335	4.755174	10.531330	-1.798800
336	5.755174	-16.468670	-1.859260
337	5.755174	-15.468670	-1.859260
338	5.755174	-14.468670	-1.859260
339	5.755174	-13.468670	-1.859260
340	5.755174	-12.468670	-1.955490
341	5.755174	-11.468670	-1.955490
342	5.755174	-10.468670	-1.955490
343	5.755174	-9.468670	-1.955490
344	5.755174	-8.468670	-1.955490
345	5.755174	-7.468670	-1.955490
346	5.755174	-3.468670	-1.802410
347	5.755174	-2.468670	-1.802410
348	5.755174	-1.468670	-1.802410
349	5.755174	0.531330	-1.802410
350	5.755174	1.531330	-1.802410
351	6.755174	-12.468670	-1.955490
352	6.755174	-11.468670	-1.955490
353	6.755174	-10.468670	-1.955490
354	6.755174	-9.468670	-1.955490
355	6.755174	-8.468670	-1.955490
356	6.755174	-7.468670	-1.955490
357	6.755174	-6.468670	-1.955490
358	6.755174	-5.468670	-1.955490
359	6.755174	-3.468670	-1.802410
360	6.755174	-2.468670	-1.802410
361	6.755174	-1.468670	-1.802410
362	6.755174	-0.468670	-1.802410
363	6.755174	0.531330	-1.802410
364	6.755174	1.531330	-1.802410
365	6.755174	2.531330	-1.802410
366	6.755174	3.531330	-1.802410
367	7.755174	-12.468670	-1.955490
368	7.755174	-11.468670	-1.955490
369	7.755174	-10.468670	-1.955490
370	7.755174	-9.468670	-1.955490
371	7.755174	-8.468670	-1.955490
372	7.755174	-7.468670	-1.955490
373	7.755174	-5.468670	-1.955490
374	7.755174	-3.468670	-1.802410
375	7.755174	-2.468670	-1.802410
376	7.755174	-1.468670	-1.802410
377	7.755174	-0.468670	-1.802410
378	7.755174	0.531330	-1.802410
379	7.755174	1.531330	-1.802410
380	7.755174	2.531330	-1.802410
381	7.755174	3.531330	-1.802410
382	8.755174	-12.468670	-1.955490
383	8.755174	-11.468670	-1.955490
384	8.755174	-10.468670	-1.955490
385	8.755174	-9.468670	-1.955490
386	8.755174	-8.468670	-1.955490
387	8.755174	-7.468670	-1.955490
388	8.755174	-6.468670	-1.955490
389	8.755174	-3.468670	-1.802410
390	8.755174	-2.468670	-1.802410
391	8.755174	-1.468670	-1.802410
392	8.755174	-0.468670	-1.802410
393	8.755174	0.531330	-1.802410
394	8.755174	1.531330	-1.802410
395	8.755174	2.531330	-1.802410
396	8.755174	3.531330	-1.802410
397	9.755174	-12.468670	-1.955490
398	9.755174	-11.468670	-1.955490
399	9.755174	-10.468670	-1.955490
400	9.755174	-9.468670	-1.955490
401	9.755174	-8.468670	-1.955490
402	9.755174	-7.468670	-1.955490
403	9.755174	-5.468670	-1.955490
404	9.755174	-3.468670	-1.802410
405	9.755174	-2.468670	-1.802410
406	9.755174	-1.468670	-1.802410
407	9.755174	-0.468670	-1.802410
408	9.755174	0.531330	-1.802410
409	9.755174	1.531330	-1.802410
410	9.755174	2.531330	-1.802410
411	9.755174	3.531330	-1.802410
412	10.755174	-12.468670	-1.955490
413	10.755174	-11.468670	-1.955490
414	10.755174	-10.468670	-1.955490
415	10.755174	-9.468670	-1.955490
416	10.755174	-8.468670	-1.955490
417	10.755174	-7.468670	-1.955490
418	10.755174	-6.468670	-1.955490
419	10.755174	-5.468670	-1.955490
420	11.755174	-12.468670	-1.955490
421	11.755174	-11.468670	-1.955490
422	11.755174	-10.468670	-1.955490
423	11.755174	-9.468670	-1.955490
424	11.755174	-8.468670	-1.955490
425	11.755174	-7.468670	-1.955490
426	11.755174	-5.468670	-1.955490
427	12.755174	-12.468670	-1.955490
428	12.755174	-11.468670	-1.955490
429	12.755174	-10.468670	-1.955490
430	12.755174	-9.468670	-1.955490
431	12.755174	-8.468670	-1.955490
432	12.755174	-7.468670	-1.955490
433	12.755174	-6.468670	-1.955490
434	12.755174	-5.468670	-1.955490
435	13.755174	-12.468670	-1.955490
436	13.755174	-11.468670	-1.955490
437	13.755174	-10.468670	-1.955490
438	13.755174	-9.468670	-1.955490
439	13.755174	-8.468670	-1.955490
440	13.755174	-7.468670	-1.955490
441	-10.244826	-10.468670	1.488641
442	-10.244826	-9.468670	1.488641
443	-9.244826	-10.468670	1.488641
444	-8.244826	-8.468670	1.536705
445	-8.244826	-2.468670	1.505347
446	-8.244826	1.531330	1.496224
447	-7.244826	-7.468670	1.536705
448	-7.244826	-6.468670	1.536705
449	-7.244826	-3.468670	1.505347
450	-7.244826	-2.468670	1.505347
451	-7.244826	-1.468670	1.505347
452	-7.244826	0.531330	1.496224
453	-7.244826	1.531330	1.496224
454	-7.244826	2.531330	1.496224
455	-7.244826	4.531330	1.528455
456	-7.244826	5.531330	1.528455
457	-6.244826	-8.468670	1.536705
458	-6.244826	-7.468670	1.536705
459	-6.244826	-6.468670	1.536705
460	-6.244826	-5.468670	1.536705
461	-6.244826	-3.468670	1.505347
462	-6.244826	-2.468670	1.505347
463	-6.244826	-1.468670	1.505347
464	-6.244826	0.531330	1.496224
465	-6.244826	1.531330	1.496224
466	-6.244826	2.531330	1.496224
467	-6.244826	4.531330	1.528455
468	-6.244826	5.531330	1.528455
469	-6.244826	6.531330	1.528455
470	-5.244826	-8.468670	1.536705
471	-5.244826	-7.468670	1.536705
472	-5.244826	-5.468670	1.536705
473	-5.244826	-3.468670	1.505347
474	-5.244826	-2.468670	1.505347
475	-5.244826	-1.468670	1.505347
476	-5.244826	0.531330	1.496224
477	-5.244826	1.531330	1.496224
478	-5.244826	2.531330	1.496224
479	-5.244826	4.531330	1.528455
480	-5.244826	5.531330	1.528455
481	-4.244826	-10.468670	1.488641
482	-4.244826	-8.468670	1.536705
483	-4.244826	-7.468670	1.536705
484	-4.244826	-3.468670	1.505347
485	-4.244826	2.531330	1.496224
486	-4.244826	4.531330	1.528455
487	-4.244826	5.531330	1.528455
488	-4.244826	6.531330	1.552886
489	-3.244826	-10.468670	1.488641
490	-3.244826	-9.468670	1.488641
491	-3.244826	-7.468670	1.536705
492	-3.244826	-3.468670	1.505347
493	-3.244826	2.531330	1.510897
494	-3.244826	4.531330	1.510897
495	-2.244826	-10.468670	1.488641
496	-2.244826	-9.468670	1.488641
497	-2.244826	-8.468670	1.510897
498	-2.244826	-7.468670	1.510897
499	-2.244826	-6.468670	1.510897
500	-2.244826	-5.468670	1.510897
501	-2.244826	-4.468670	1.510897
502	-2.244826	-3.468670	1.510897
503	-2.244826	-2.468670	1.510897
504	-2.244826	-1.468670	1.510897
505	-2.244826	-0.468670	1.510897
506	-2.244826	0.531330	1.510897
507	-2.244826	1.531330	1.510897
508	-2.244826	2.531330	1.510897
509	-2.244826	3.531330	1.510897
510	-2.244826	4.531330	1.510897
511	-1.244826	2.531330	1.480438
512	-1.244826	3.531330	1.480438
513	-1.244826	4.531330	1.480438
514	-0.244826	2.531330	1.480438
515	-0.244826	3.531330	1.480438
516	-0.244826	4.531330	1.480438
517	-0.244826	5.531330	1.672508
518	-0.244826	7.531330	1.672508
519	0.755174	3.531330	1.480438
520	0.755174	4.531330	1.480438
521	0.755174	5.531330	1.672508
522	0.755174	6.531330	1.672508
523	0.755174	7.531330	1.480438
524	1.755174	2.531330	1.480438
525	1.755174	3.531330	1.480438
526	1.755174	4.531330	1.480438
527	1.755174	5.531330	1.480438
528	1.755174	6.531330	1.480438
529	1.755174	7.531330	1.480438
530	2.755174	2.531330	1.480438
531	2.755174	3.531330	1.480438
532	2.755174	4.531330	1.480438
533	2.755174	5.531330	1.480438
534	2.755174	6.531330	1.480438
535	2.755174	7.531330	1.480438
536	3.755174	2.531330	1.480438
537	3.755174	3.531330	1.480438
538	3.755174	4.531330	1.480438
539	3.755174	5.531330	1.480438
540	3.755174	6.531330	1.480438
541	3.755174	7.531330	1.480438
542	4.755174	2.531330	1.480438
543	4.755174	3.531330	1.480438
544	4.755174	4.531330	1.480438
545	4.755174	5.531330	1.480438
546	4.755174	6.531330	1.480438
547	4.755174	7.531330	1.480438
548	5.755174	-3.468670	1.489637
549	5.755174	-2.468670	1.489637
550	5.755174	-1.468670	1.489637
551	5.755174	0.531330	1.489637
552	5.755174	1.531330	1.489637
553	5.755174	3.531330	1.489637
554	6.755174	-3.468670	1.489637
555	6.755174	-2.468670	1.489637
556	6.755174	-1.468670	1.489637
557	6.755174	-0.468670	1.489637
558	6.755174	1.531330	1.489637
559	6.755174	2.531330	1.489637
560	7.755174	-3.468670	1.505677
561	7.755174	-2.468670	1.505677
562	7.755174	-1.468670	1.505677
563	7.755174	0.531330	1.504016
564	7.755174	2.531330	1.498489
565	7.755174	3.531330	1.498489
566	8.755174	-4.468670	1.505677
567	8.755174	-3.468670	1.505677
568	8.755174	-2.468670	1.505677
569	8.755174	-1.468670	1.505677
570	8.755174	0.531330	1.504016
571	8.755174	2.531330	1.498489
572	8.755174	3.531330	1.498489
573	9.755174	-3.468670	1.505677
574	9.755174	-2.468670	1.505677
575	9.755174	-1.468670	1.543566
576	9.755174	0.531330	1.504016
577	9.755174	2.531330	1.498489
578	9.755174	3.531330	1.498489
579	10.755174	2.531330	1.498489
580	10.755174	3.531330	1.498489
581	-8.244826	-8.468670	4.395280
582	-1.244826	5.531330	4.329690
583	-1.244826	6.531330	4.329690
584	-1.244826	7.531330	4.329690
585	-0.244826	4.531330	4.329690
586	-0.244826	5.531330	4.329690
587	-0.244826	6.531330	4.329690
588	-0.244826	7.531330	4.329690
589	0.755174	3.531330	4.329690
590	0.755174	4.531330	4.329690
591	0.755174	5.531330	4.329690
592	0.755174	6.531330	4.329690
593	0.755174	7.531330	4.329690
594	1.755174	3.531330	4.329690
595	1.755174	4.531330	4.329690
596	1.755174	5.531330	4.329690
597	1.755174	6.531330	4.329690
598	1.755174	7.531330	4.329690
599	2.755174	3.531330	4.329690
600	2.755174	4.531330	4.329690
601	2.755174	5.531330	4.329690
602	2.755174	6.531330	4.329690
603	2.755174	7.531330	4.329690
604	3.755174	-3.468670	4.374300
605	3.755174	-2.468670	4.374300
606	3.755174	-1.468670	4.374300
607	3.755174	-0.468670	4.374300
608	3.755174	0.531330	4.374300
609	3.755174	1.531330	4.374300
610	3.755174	2.531330	4.374300
611	3.755174	3.531330	4.329690
612	3.755174	4.531330	4.329690
613	3.755174	5.531330	4.329690
614	3.755174	6.531330	4.329690
615	3.755174	7.531330	4.329690
616	4.755174	-3.468670	4.374300
617	4.755174	-2.468670	4.374300
618	4.755174	-1.468670	4.374300
619	4.755174	-0.468670	4.374300
620	4.755174	0.531330	4.374300
621	4.755174	1.531330	4.374300
622	4.755174	2.531330	4.374300
623	4.755174	3.531330	4.329690
624	4.755174	4.531330	4.329690
625	4.755174	5.531330	4.329690
626	4.755174	6.531330	4.329690
627	4.755174	7.531330	4.329690
628	5.755174	-2.468670	4.374300
629	5.755174	-1.468670	4.374300
630	5.755174	0.531330	4.374300
631	5.755174	1.531330	4.374300
632	6.755174	-3.468670	4.374300
633	6.755174	-2.468670	4.374300
634	6.755174	-1.468670	4.374300
635	6.755174	-0.468670	4.374300
636	6.755174	0.531330	4.374300
637	-7.244826	-7.468670	4.395280
638	-7.244826	-6.468670	4.395280
639	-7.244826	-5.468670	4.395280
640	-7.244826	-4.468670	4.395280
641	-7.244826	-3.468670	4.395280
642	-7.244826	-2.468670	4.395280
643	-7.244826	-0.468670	4.343340
644	-7.244826	0.531330	4.343340
645	-7.244826	1.531330	4.343340
646	-7.244826	2.531330	4.343340
647	-7.244826	3.531330	4.343340
648	-7.244826	4.531330	4.343340
649	-6.244826	-7.468670	4.395280
650	-6.244826	-6.468670	4.395280
651	-6.244826	-5.468670	4.395280
652	-6.244826	-4.468670	4.395280
653	-6.244826	-3.468670	4.395280
654	-6.244826	-2.468670	4.395280
655	-6.244826	-1.468670	4.343340
656	-6.244826	-0.468670	4.343340
657	-6.244826	0.531330	4.343340
658	-6.244826	1.531330	4.343340
659	-6.244826	2.531330	4.343340
660	-6.244826	3.531330	4.343340
661	-6.244826	4.531330	4.343340
662	-5.244826	-8.468670	4.395280
663	-5.244826	-7.468670	4.395280
664	-5.244826	-6.468670	4.395280
665	-5.244826	-5.468670	4.395280
666	-5.244826	-4.468670	4.395280
667	-5.244826	-3.468670	4.395280
668	-5.244826	-1.468670	4.343340
669	-5.244826	-0.468670	4.343340
670	-5.244826	0.531330	4.343340
671	-5.244826	1.531330	4.343340
672	-5.244826	2.531330	4.343340
673	-5.244826	3.531330	4.343340
674	-5.244826	4.531330	4.343340
675	-4.244826	-7.468670	4.395280
676	-4.244826	-6.468670	4.395280
677	-4.244826	-5.468670	4.395280
678	-4.244826	-0.468670	4.343340
679	-4.244826	0.531330	4.343340
680	-4.244826	1.531330	4.343340
681	-4.244826	2.531330	4.343340
682	-4.244826	3.531330	4.343340
683	-4.244826	4.531330	4.343340
684	-3.244826	-6.468670	4.395280
685	-3.244826	0.531330	4.343340
686	-2.244826	-8.468670	4.360420
687	-2.244826	-7.468670	4.360420
688	-2.244826	-6.468670	4.360420
689	-2.244826	-5.468670	4.360420
690	-2.244826	-4.468670	4.360420
691	-2.244826	-3.468670	4.360420
692	-2.244826	-2.468670	4.360420
693	-2.244826	-1.468670	4.360420
694	-2.244826	-0.468670	4.360420
695	-2.244826	0.531330	4.360420
696	-2.244826	3.531330	4.335570
697	6.755174	-5.468670	4.344140
698	6.755174	3.531330	4.328430
699	7.755174	-5.468670	4.344140
700	7.755174	-2.468670	4.402040
701	7.755174	-1.468670	4.402040
702	7.755174	-0.468670	4.402040
703	7.755174	0.531330	4.402040
704	7.755174	1.531330	4.343570
705	7.755174	2.531330	4.343570
706	7.755174	3.531330	4.343570
707	7.755174	4.531330	4.343570
708	8.755174	-5.468670	4.344140
709	8.755174	-3.468670	4.402040
710	8.755174	-2.468670	4.402040
711	8.755174	-1.468670	4.402040
712	8.755174	-0.468670	4.402040
713	8.755174	0.531330	4.402040
714	8.755174	1.531330	4.343570
715	8.755174	2.531330	4.343570
716	8.755174	3.531330	4.343570
717	8.755174	4.531330	4.343570
718	9.755174	-5.468670	4.344140
719	9.755174	-3.468670	4.402040
720	9.755174	-2.468670	4.402040
721	9.755174	-1.468670	4.402040
722	9.755174	-0.468670	4.402040
723	9.755174	0.531330	4.402040
724	9.755174	1.531330	4.343570
725	9.755174	2.531330	4.343570
726	9.755174	3.531330	4.343570
727	9.755174	4.531330	4.343570
728	10.755174	-5.468670	4.344140
729	10.755174	-2.468670	4.402040
730	10.755174	-1.468670	4.402040
731	10.755174	0.531330	4.402040
732	10.755174	2.531330	4.343570
733	10.755174	4.531330	4.343570
734	11.755174	-5.468670	4.344140
735	1.755174	9.531330	1.504824
736	1.755174	12.531330	1.504824
737	2.755174	9.531330	1.504824
738	2.755174	10.531330	1.504824
739	2.755174	11.531330	1.504824
740	2.755174	12.531330	1.504824
741	3.755174	9.531330	1.504824
742	3.755174	10.531330	1.504824
743	3.755174	11.531330	1.504824
744	3.755174	12.531330	1.504824
745	4.755174	9.531330	1.504824
746	4.755174	10.531330	1.504824
747	4.755174	11.531330	1.504824
748	4.755174	12.531330	1.504824
