0	-5.055152	0.830046	1.545386
1	-5.055152	1.830046	1.545386
2	-4.055152	-10.169954	1.461938
3	-4.055152	-9.169954	1.461938
4	-4.055152	-8.169954	1.491457
5	-4.055152	-7.169954	1.491457
6	-4.055152	-6.169954	1.491457
7	-4.055152	-3.169954	1.491457
8	-4.055152	-2.169954	1.491457
9	-4.055152	-0.169954	1.545386
10	-4.055152	0.830046	1.545386
11	-4.055152	1.830046	1.545386
12	-3.055152	-14.169954	1.461938
13	-3.055152	-12.169954	1.461938
14	-3.055152	-11.169954	1.461938
15	-3.055152	-9.169954	1.461938
16	-3.055152	-8.169954	1.491457
17	-3.055152	-7.169954	1.491457
18	-3.055152	-6.169954	1.491457
19	-3.055152	-5.169954	1.491457
20	-3.055152	-4.169954	1.491457
21	-3.055152	-2.169954	1.491457
22	-3.055152	-0.169954	1.545386
23	-3.055152	0.830046	1.545386
24	-3.055152	1.830046	1.545386
25	-3.055152	2.830046	1.545386
26	-2.055152	-14.169954	1.461938
27	-2.055152	-13.169954	1.461938
28	-2.055152	-12.169954	1.461938
29	-2.055152	-11.169954	1.461938
30	-2.055152	-10.169954	1.461938
31	-2.055152	-8.169954	1.491457
32	-2.055152	-6.169954	1.491457
33	-2.055152	-5.169954	1.491457
34	-2.055152	-4.169954	1.491457
35	-2.055152	-2.169954	1.491457
36	-2.055152	-0.169954	1.545386
37	-2.055152	0.830046	1.545386
38	-2.055152	1.830046	1.545386
39	-2.055152	2.830046	1.545386
40	-2.055152	3.830046	1.545386
41	-1.055152	-14.169954	1.461938
42	-1.055152	-13.169954	1.461938
43	-1.055152	-12.169954	1.461938
44	-1.055152	-11.169954	1.461938
45	-1.055152	-10.169954	1.461938
46	-1.055152	-9.169954	1.461938
47	-1.055152	-7.169954	1.493015
48	-1.055152	-6.169954	1.491457
49	-1.055152	-5.169954	1.491457
50	-1.055152	-4.169954	1.491457
51	-1.055152	-3.169954	1.491457
52	-1.055152	-2.169954	1.491457
53	-1.055152	-0.169954	1.545386
54	-1.055152	0.830046	1.545386
55	-1.055152	1.830046	1.545386
56	-1.055152	2.830046	1.545386
57	-1.055152	3.830046	1.545386
58	-1.055152	4.830046	1.545386
59	-0.055152	-15.169954	1.461938
60	-0.055152	-14.169954	1.461938
61	-0.055152	-13.169954	1.461938
62	-0.055152	-12.169954	1.461938
63	-0.055152	-11.169954	1.461938
64	-0.055152	-10.169954	1.454707
65	-0.055152	-8.169954	1.454707
66	-0.055152	-6.169954	1.493015
67	-0.055152	-5.169954	1.493015
68	-0.055152	-4.169954	1.491457
69	-0.055152	-3.169954	1.491457
70	-0.055152	-2.169954	1.491457
71	-0.055152	-0.169954	1.545386
72	-0.055152	0.830046	1.545386
73	-0.055152	1.830046	1.545386
74	-0.055152	2.830046	1.545386
75	-0.055152	3.830046	1.545386
76	-0.055152	4.830046	1.545386
77	0.944848	-15.169954	1.461938
78	0.944848	-14.169954	1.461938
79	0.944848	-13.169954	1.461938
80	0.944848	-12.169954	1.461938
81	0.944848	-9.169954	1.454707
82	0.944848	-7.169954	1.493015
83	0.944848	-5.169954	1.493015
84	0.944848	-4.169954	1.498500
85	0.944848	-3.169954	1.498500
86	0.944848	-1.169954	1.498500
87	0.944848	-0.169954	1.518633
88	0.944848	1.830046	1.518633
89	0.944848	2.830046	1.545386
90	0.944848	3.830046	1.545386
91	0.944848	4.830046	1.545386
92	1.944848	-14.169954	1.461938
93	1.944848	-13.169954	1.461938
94	1.944848	-6.169954	1.493015
95	1.944848	-3.169954	1.498500
96	1.944848	-2.169954	1.498500
97	1.944848	-0.169954	1.518633
98	1.944848	0.830046	1.518633
99	1.944848	2.830046	1.545386
100	1.944848	3.830046	1.545386
101	2.944848	-14.169954	1.461938
102	2.944848	-11.169954	1.454090
103	2.944848	-10.169954	1.454090
104	2.944848	-8.169954	1.435758
105	2.944848	-5.169954	1.493015
106	2.944848	-3.169954	1.498500
107	2.944848	-2.169954	1.498500
108	2.944848	1.830046	1.484084
109	2.944848	3.830046	1.484084
110	3.944848	-12.169954	1.454090
111	3.944848	-11.169954	1.454090
112	3.944848	-8.169954	1.435758
113	3.944848	-6.169954	1.467379
114	3.944848	-4.169954	1.498500
115	3.944848	-1.169954	1.496848
116	3.944848	-0.169954	1.496848
117	3.944848	1.830046	1.484084
118	3.944848	2.830046	1.484084
119	4.944848	-12.169954	1.454090
120	4.944848	-9.169954	1.441217
121	4.944848	-5.169954	1.467379
122	4.944848	-2.169954	1.496848
123	4.944848	-1.169954	1.496848
124	4.944848	-0.169954	1.496848
125	4.944848	0.830046	1.496848
126	4.944848	1.830046	1.484084
127	5.944848	-10.169954	1.441217
128	5.944848	-9.169954	1.441217
129	5.944848	-8.169954	1.441217
130	5.944848	-7.169954	1.441217
131	5.944848	-6.169954	1.470513
132	5.944848	-5.169954	1.470513
133	5.944848	-3.169954	1.496848
134	5.944848	-2.169954	1.496848
135	5.944848	-1.169954	1.496848
136	5.944848	0.830046	1.496848
137	6.944848	-11.169954	1.441217
138	6.944848	-10.169954	1.441217
139	6.944848	-9.169954	1.441217
140	6.944848	-8.169954	1.441217
141	6.944848	-7.169954	1.470513
142	6.944848	-5.169954	1.470513
143	6.944848	-4.169954	1.496848
144	6.944848	-3.169954	1.496848
145	6.944848	-1.169954	1.496848
146	7.944848	-9.169954	1.441217
147	7.944848	-8.169954	1.441217
148	7.944848	-6.169954	1.470513
149	7.944848	-5.169954	1.470513
150	7.944848	-2.169954	1.496848
151	-2.055152	-10.169954	4.325150
152	-2.055152	-9.169954	4.325150
153	-1.055152	-13.169954	4.325150
154	-1.055152	-12.169954	4.325150
155	-1.055152	-11.169954	4.325150
156	-1.055152	-10.169954	4.325150
157	-1.055152	-9.169954	4.325150
158	-0.055152	-12.169954	4.325150
159	-0.055152	-11.169954	4.325150
160	-0.055152	-10.169954	4.325150
161	-0.055152	-9.169954	4.325150
162	0.944848	-11.169954	4.325150
163	0.944848	-10.169954	4.325150
164	0.944848	-9.169954	4.325150
165	1.944848	-12.169954	4.325150
166	1.944848	-8.169954	4.287130
167	1.944848	-16.169954	1.461938
168	2.944848	-16.169954	1.461938
169	2.944848	-15.169954	1.461938
170	3.944848	-15.169954	1.480744
171	3.944848	-14.169954	1.480744
172	4.944848	-15.169954	1.467566
173	4.944848	-14.169954	1.480744
174	5.944848	-13.169954	1.480744
175	5.944848	-12.169954	1.480744
176	6.944848	-14.169954	1.480744
177	-1.055152	-14.169954	4.325150
178	-0.055152	-15.169954	4.325150
179	-0.055152	-14.169954	4.325150
180	-0.055152	-13.169954	4.325150
181	0.944848	-16.169954	4.325150
182	0.944848	-15.169954	4.325150
183	0.944848	-14.169954	4.325150
184	0.944848	-13.169954	4.325150
185	1.944848	-16.169954	4.325150
186	1.944848	-15.169954	4.325150
187	1.944848	-14.169954	4.325150
188	1.944848	-10.169954	4.287130
189	2.944848	-17.169954	4.302560
190	2.944848	-14.169954	4.325150
191	2.944848	-12.169954	4.325150
192	2.944848	-11.169954	4.325150
193	2.944848	-10.169954	4.287130
194	2.944848	-9.169954	4.287130
195	2.944848	-8.169954	4.287130
196	3.944848	-16.169954	4.302560
197	3.944848	-15.169954	4.302560
198	3.944848	-12.169954	4.287130
199	3.944848	-11.169954	4.287130
200	3.944848	-10.169954	4.287130
201	3.944848	-9.169954	4.287130
202	3.944848	-8.169954	4.287130
203	4.944848	-17.169954	4.302560
204	4.944848	-16.169954	4.302560
205	4.944848	-15.169954	4.302560
206	4.944848	-14.169954	4.302560
207	4.944848	-12.169954	4.287130
208	4.944848	-11.169954	4.287130
209	4.944848	-10.169954	4.287130
210	4.944848	-9.169954	4.287130
211	4.944848	-8.169954	4.287130
212	5.944848	-17.169954	4.302560
213	5.944848	-16.169954	4.302560
214	5.944848	-15.169954	4.302560
215	5.944848	-14.169954	4.302560
216	5.944848	-12.169954	4.287130
217	5.944848	-11.169954	4.287130
218	5.944848	-10.169954	4.287130
219	5.944848	-9.169954	4.287130
220	5.944848	-8.169954	4.287130
221	6.944848	-16.169954	4.302560
222	6.944848	-15.169954	4.302560
223	6.944848	-14.169954	4.302560
224	7.944848	-16.169954	4.302560
225	7.944848	-15.169954	4.302560
226	7.944848	-14.169954	4.302560
227	7.944848	-12.169954	4.281030
228	7.944848	-11.169954	4.281030
229	7.944848	-10.169954	4.281030
230	7.944848	-9.169954	4.281030
231	8.944848	-16.169954	4.339770
232	8.944848	-15.169954	4.339770
233	8.944848	-12.169954	4.304600
234	9.944848	-16.169954	4.339770
235	9.944848	-15.169954	4.339770
236	9.944848	-14.169954	4.304600
237	9.944848	-13.169954	4.304600
238	9.944848	-12.169954	4.304600
239	9.944848	-11.169954	4.304600
240	9.944848	-10.169954	4.304600
241	10.944848	-15.169954	4.339770
242	10.944848	-14.169954	4.304600
243	10.944848	-13.169954	4.304600
244	10.944848	-12.169954	4.304600
245	10.944848	-11.169954	4.304600
246	11.944848	-14.169954	4.304600
247	11.944848	-13.169954	4.304600
248	11.944848	-12.169954	4.304600
249	11.944848	-11.169954	4.304600
250	12.944848	-14.169954	4.304600
251	12.944848	-13.169954	4.304600
252	12.944848	-12.169954	4.304600
253	12.944848	-11.169954	4.304600
254	12.944848	-10.169954	4.304600
