0	4.718532	-5.997815	0.762093
1	4.718532	-4.997815	0.762093
2	4.718532	-3.997815	0.762093
3	4.718532	-2.997815	0.762093
4	4.718532	-1.997815	0.762093
5	4.718532	-0.997815	0.762093
6	5.718532	-5.997815	0.762093
7	5.718532	-4.997815	0.762093
8	5.718532	-3.997815	0.762093
9	5.718532	-2.997815	0.762093
10	5.718532	-1.997815	0.762093
11	5.718532	-0.997815	0.762093
12	5.718532	0.002185	1.422327
13	5.718532	1.002185	1.422327
14	5.718532	2.002185	1.422327
15	5.718532	3.002185	1.422327
16	5.718532	4.002185	1.422327
17	5.718532	5.002185	1.422327
18	6.718532	-5.997815	0.762093
19	6.718532	-4.997815	0.762093
20	6.718532	-3.997815	0.762093
21	6.718532	-2.997815	0.762093
22	6.718532	-1.997815	0.762093
23	6.718532	-0.997815	0.762093
24	6.718532	0.002185	1.422327
25	6.718532	1.002185	1.422327
26	6.718532	2.002185	1.422327
27	6.718532	3.002185	1.422327
28	6.718532	4.002185	1.422327
29	6.718532	5.002185	1.422327
30	7.718532	-5.997815	0.762093
31	7.718532	-4.997815	0.762093
32	7.718532	-3.997815	0.762093
33	7.718532	-2.997815	0.762093
34	7.718532	-1.997815	0.762093
35	7.718532	-0.997815	0.762093
36	7.718532	0.002185	1.422327
37	7.718532	1.002185	1.422327
38	7.718532	2.002185	1.422327
39	7.718532	6.002185	1.494717
40	8.718532	-5.997815	0.762093
41	8.718532	-4.997815	0.762093
42	8.718532	-3.997815	0.762093
43	8.718532	-2.997815	0.762093
44	8.718532	-1.997815	0.762093
45	8.718532	-0.997815	0.762093
46	8.718532	1.002185	1.503380
47	8.718532	3.002185	1.494717
48	8.718532	4.002185	1.494717
49	8.718532	5.002185	1.494717
50	8.718532	6.002185	1.494717
51	9.718532	-5.997815	0.762093
52	9.718532	-4.997815	0.762093
53	9.718532	-3.997815	0.762093
54	9.718532	-2.997815	0.762093
55	9.718532	-1.997815	0.762093
56	9.718532	-0.997815	0.762093
57	9.718532	0.002185	1.503380
58	9.718532	1.002185	1.503380
59	9.718532	2.002185	1.503380
60	9.718532	3.002185	1.494717
61	9.718532	4.002185	1.494717
62	9.718532	5.002185	1.494717
63	9.718532	6.002185	1.494717
64	9.718532	7.002185	1.494717
65	10.718532	-2.997815	1.486472
66	10.718532	-1.997815	1.486472
67	10.718532	-0.997815	1.486472
68	10.718532	0.002185	1.503380
69	10.718532	1.002185	1.503380
70	10.718532	2.002185	1.503380
71	10.718532	3.002185	1.494717
72	10.718532	4.002185	1.494717
73	10.718532	5.002185	1.494717
74	10.718532	6.002185	1.494717
75	10.718532	7.002185	1.494717
76	11.718532	-2.997815	1.486472
77	11.718532	-1.997815	1.486472
78	11.718532	-0.997815	1.486472
79	11.718532	2.002185	1.702192
80	11.718532	3.002185	1.494717
81	11.718532	4.002185	1.494717
82	11.718532	5.002185	1.494717
83	11.718532	6.002185	1.494717
84	12.718532	-2.997815	1.486472
85	12.718532	-1.997815	1.486472
86	12.718532	-0.997815	1.486472
87	12.718532	4.002185	1.494717
88	12.718532	5.002185	1.494717
89	12.718532	6.002185	1.494717
90	13.718532	-2.997815	1.486472
91	13.718532	-1.997815	1.486472
92	13.718532	-0.997815	1.486472
93	13.718532	0.002185	1.496527
94	13.718532	1.002185	1.496527
95	13.718532	2.002185	1.496527
96	13.718532	3.002185	1.496527
97	13.718532	4.002185	1.494717
98	13.718532	5.002185	1.494717
99	13.718532	6.002185	1.494717
100	14.718532	-5.997815	1.505129
101	14.718532	-4.997815	1.505129
102	14.718532	-3.997815	1.505129
103	14.718532	-2.997815	1.486472
104	14.718532	-1.997815	1.486472
105	14.718532	-0.997815	1.486472
106	14.718532	0.002185	1.496527
107	14.718532	1.002185	1.496527
108	14.718532	2.002185	1.496527
109	14.718532	3.002185	1.496527
110	14.718532	4.002185	1.494717
111	14.718532	5.002185	1.494717
112	14.718532	6.002185	1.494717
113	15.718532	-2.997815	1.486472
114	15.718532	-1.997815	1.486472
115	15.718532	5.002185	1.494717
116	16.718533	-4.997815	1.496614
117	16.718533	-3.997815	1.496614
118	16.718533	-2.997815	1.496614
119	16.718533	-1.997815	1.496614
120	16.718533	-0.997815	1.496614
121	16.718533	0.002185	1.348860
122	16.718533	1.002185	1.348860
123	16.718533	2.002185	1.348860
124	16.718533	3.002185	1.348860
125	16.718533	4.002185	1.348860
126	16.718533	5.002185	1.348860
127	16.718533	6.002185	1.348860
128	17.718533	-4.997815	1.496614
129	17.718533	-3.997815	1.496614
130	17.718533	-2.997815	1.496614
131	17.718533	-1.997815	1.496614
132	17.718533	-0.997815	1.496614
133	17.718533	0.002185	1.348860
134	17.718533	1.002185	1.348860
135	17.718533	2.002185	1.348860
136	17.718533	3.002185	1.348860
137	17.718533	4.002185	1.348860
138	17.718533	5.002185	1.348860
139	17.718533	6.002185	1.348860
140	18.718533	-4.997815	1.496614
141	18.718533	-3.997815	1.496614
142	18.718533	-2.997815	1.496614
143	18.718533	-1.997815	1.496614
144	18.718533	-0.997815	1.496614
145	18.718533	0.002185	1.348860
146	18.718533	1.002185	1.348860
147	18.718533	2.002185	1.348860
148	18.718533	3.002185	1.348860
149	18.718533	4.002185	1.348860
150	18.718533	5.002185	1.348860
151	19.718533	-4.997815	1.496614
152	19.718533	-3.997815	1.496614
153	19.718533	-2.997815	1.496614
154	19.718533	-1.997815	1.496614
155	19.718533	-0.997815	1.496614
156	8.718532	-4.997815	4.242610
157	8.718532	-3.997815	4.242610
158	8.718532	-2.997815	4.242610
159	8.718532	-1.997815	4.242610
160	8.718532	4.002185	4.249460
161	8.718532	5.002185	4.249460
162	8.718532	6.002185	4.249460
163	8.718532	7.002185	4.249460
164	9.718532	-4.997815	4.242610
165	9.718532	-3.997815	4.242610
166	9.718532	-2.997815	4.242610
167	9.718532	4.002185	4.249460
168	9.718532	5.002185	4.249460
169	9.718532	6.002185	4.249460
170	9.718532	7.002185	4.249460
171	10.718532	-4.997815	4.245380
172	10.718532	-3.997815	4.245380
173	10.718532	-2.997815	4.245380
174	10.718532	-1.997815	4.245380
175	10.718532	-0.997815	4.245380
176	10.718532	0.002185	4.245380
177	10.718532	3.002185	4.245380
178	10.718532	4.002185	4.249460
179	10.718532	5.002185	4.249460
180	10.718532	6.002185	4.249460
181	10.718532	7.002185	4.249460
182	11.718532	-0.997815	4.248310
183	11.718532	0.002185	4.245380
184	11.718532	1.002185	4.245380
185	11.718532	2.002185	4.245380
186	11.718532	3.002185	4.245380
187	12.718532	-4.997815	4.246480
188	12.718532	-3.997815	4.246480
189	12.718532	-2.997815	4.246480
190	12.718532	-1.997815	4.246480
191	12.718532	-0.997815	4.248310
192	12.718532	3.002185	4.245380
193	13.718532	-4.997815	4.246480
194	13.718532	-3.997815	4.246480
195	13.718532	-2.997815	4.246480
196	13.718532	-1.997815	4.246480
197	13.718532	-0.997815	4.254970
198	13.718532	0.002185	4.254970
199	13.718532	1.002185	4.254970
200	13.718532	2.002185	4.254970
201	13.718532	3.002185	4.271260
202	13.718532	4.002185	4.271260
203	13.718532	5.002185	4.271260
204	13.718532	6.002185	4.271260
205	13.718532	7.002185	4.271260
206	14.718532	-4.997815	4.246480
207	14.718532	-3.997815	4.246480
208	14.718532	-2.997815	4.246480
209	14.718532	-1.997815	4.246480
210	14.718532	0.002185	4.254970
211	14.718532	1.002185	4.254970
212	14.718532	2.002185	4.254970
213	14.718532	3.002185	4.271260
214	14.718532	4.002185	4.271260
215	14.718532	5.002185	4.271260
216	14.718532	6.002185	4.271260
217	14.718532	7.002185	4.271260
218	15.718532	-4.997815	4.246480
219	15.718532	-3.997815	4.246480
220	15.718532	-2.997815	4.246480
221	15.718532	1.002185	4.254970
222	15.718532	3.002185	4.271260
223	15.718532	5.002185	4.271260
224	15.718532	6.002185	4.271260
225	15.718532	7.002185	4.271260
226	16.718533	-4.997815	-1.132200
227	16.718533	-3.997815	-1.132200
228	16.718533	-1.997815	-1.132200
229	17.718533	-4.997815	-1.132200
230	17.718533	-3.997815	-1.132200
231	17.718533	-2.997815	-1.132200
232	17.718533	-1.997815	-1.132200
233	17.718533	-0.997815	-1.132200
234	18.718533	-4.997815	-1.132200
235	18.718533	-3.997815	-1.132200
236	18.718533	-2.997815	-1.132200
237	18.718533	-1.997815	-1.132200
238	18.718533	-0.997815	-1.132200
239	19.718533	-4.997815	-1.132200
240	19.718533	-3.997815	-1.132200
241	19.718533	-2.997815	-1.132200
242	19.718533	-1.997815	-1.132200
243	19.718533	-0.997815	-1.132200
