0	-9.478862	-4.498173	1.489685
1	-9.478862	-3.498173	1.489685
2	-9.478862	-2.498173	1.489685
3	-9.478862	-1.498173	1.489685
4	-9.478862	-0.498173	1.489685
5	-8.478862	-4.498173	1.489685
6	-8.478862	-3.498173	1.489685
7	-8.478862	-2.498173	1.489685
8	-8.478862	-1.498173	1.489685
9	-8.478862	-0.498173	1.489685
10	-7.478862	-4.498173	1.489685
11	-7.478862	-3.498173	1.489685
12	-7.478862	-2.498173	1.489685
13	-7.478862	-1.498173	1.489685
14	-7.478862	-0.498173	1.489685
15	-6.478862	-4.498173	1.489685
16	-6.478862	-3.498173	1.489685
17	-6.478862	-2.498173	1.489685
18	-6.478862	-1.498173	1.489685
19	-6.478862	-0.498173	1.489685
20	-5.478862	-3.498173	1.489685
21	-5.478862	-2.498173	1.489685
22	-5.478862	-1.498173	1.489685
23	-5.478862	-0.498173	1.489685
24	-5.478862	0.501827	1.493094
25	-5.478862	1.501827	1.493094
26	-4.478862	-2.498173	1.489685
27	-4.478862	-1.498173	1.489685
28	-4.478862	-0.498173	1.489685
29	-4.478862	0.501827	1.493094
30	-4.478862	1.501827	1.493094
31	-2.478862	-4.498173	1.508094
32	-2.478862	-1.498173	1.508094
33	-2.478862	-0.498173	1.508094
34	-2.478862	0.501827	1.493094
35	-2.478862	1.501827	1.493094
36	-1.478862	-4.498173	1.508094
37	-1.478862	-3.498173	1.508094
38	-1.478862	-2.498173	1.508094
39	-1.478862	-1.498173	1.508094
40	-1.478862	-0.498173	1.508094
41	-1.478862	0.501827	1.493094
42	-1.478862	1.501827	1.493094
43	-0.478862	-4.498173	1.508094
44	-0.478862	-3.498173	1.508094
45	-0.478862	-2.498173	1.508094
46	-0.478862	-1.498173	1.508094
47	-0.478862	-0.498173	1.508094
48	0.521138	-9.498173	1.502999
49	0.521138	-8.498173	1.502999
50	0.521138	-7.498173	1.502999
51	0.521138	-6.498173	1.502999
52	0.521138	-5.498173	1.510130
53	0.521138	-4.498173	1.510130
54	0.521138	-3.498173	1.510130
55	0.521138	-2.498173	1.510130
56	0.521138	-1.498173	1.510130
57	0.521138	-0.498173	1.510130
58	0.521138	0.501827	1.499588
59	0.521138	1.501827	1.499588
60	1.521138	-9.498173	1.502999
61	1.521138	-8.498173	1.502999
62	1.521138	-7.498173	1.502999
63	1.521138	-6.498173	1.502999
64	1.521138	-4.498173	1.510130
65	1.521138	-3.498173	1.510130
66	1.521138	-2.498173	1.510130
67	1.521138	-1.498173	1.510130
68	2.521138	-9.498173	1.502999
69	2.521138	-8.498173	1.502999
70	2.521138	-7.498173	1.502999
71	2.521138	-6.498173	1.502999
72	2.521138	-5.498173	1.510130
73	2.521138	-4.498173	1.510130
74	2.521138	-3.498173	1.510130
75	2.521138	-2.498173	1.510130
76	2.521138	-1.498173	1.510130
77	2.521138	-0.498173	1.510130
78	2.521138	3.501827	1.489848
79	2.521138	7.501827	1.477356
80	2.521138	8.501827	1.477356
81	3.521138	-9.498173	1.502999
82	3.521138	-8.498173	1.502999
83	3.521138	-7.498173	1.502999
84	3.521138	-6.498173	1.502999
85	3.521138	-4.498173	1.510130
86	3.521138	-3.498173	1.510130
87	3.521138	-2.498173	1.510130
88	3.521138	-1.498173	1.510130
89	3.521138	-0.498173	1.510130
90	3.521138	3.501827	1.489848
91	3.521138	7.501827	1.477356
92	4.521138	-7.498173	1.445535
93	4.521138	-6.498173	1.445535
94	4.521138	-4.498173	1.510130
95	4.521138	-3.498173	1.510130
96	4.521138	-2.498173	1.510130
97	4.521138	-1.498173	1.510130
98	4.521138	-0.498173	1.510130
99	4.521138	0.501827	1.499588
100	4.521138	1.501827	1.499588
101	4.521138	2.501827	1.499588
102	4.521138	3.501827	1.499588
103	4.521138	4.501827	1.499588
104	4.521138	5.501827	1.499588
105	4.521138	6.501827	1.499588
106	4.521138	7.501827	1.499588
107	4.521138	8.501827	1.499588
108	4.521138	9.501827	1.499588
109	5.521138	-7.498173	1.445535
110	5.521138	-6.498173	1.445535
111	5.521138	-4.498173	1.510130
112	5.521138	-3.498173	1.510130
113	5.521138	-2.498173	1.510130
114	5.521138	-1.498173	1.510130
115	5.521138	-0.498173	1.510130
116	5.521138	0.501827	1.499588
117	5.521138	1.501827	1.499588
118	5.521138	2.501827	1.499588
119	5.521138	3.501827	1.499588
120	5.521138	4.501827	1.499588
121	5.521138	5.501827	1.499588
122	5.521138	6.501827	1.499588
123	5.521138	7.501827	1.499588
124	5.521138	8.501827	1.499588
125	5.521138	9.501827	1.499588
126	6.521138	-7.498173	1.445535
127	6.521138	-6.498173	1.445535
128	6.521138	-4.498173	1.510130
129	6.521138	-3.498173	1.510130
130	6.521138	-2.498173	1.510130
131	6.521138	-1.498173	1.510130
132	6.521138	-0.498173	1.510130
133	7.521138	-6.498173	1.498372
134	7.521138	-1.498173	1.501360
135	7.521138	-0.498173	1.501360
136	7.521138	0.501827	1.501360
137	7.521138	1.501827	1.501360
138	7.521138	2.501827	1.501360
139	8.521138	-7.498173	1.498372
140	8.521138	-6.498173	1.498372
141	8.521138	-5.498173	1.498372
142	8.521138	-4.498173	1.498372
143	8.521138	-3.498173	1.498372
144	8.521138	-2.498173	1.501360
145	8.521138	-1.498173	1.501360
146	8.521138	-0.498173	1.501360
147	8.521138	0.501827	1.501360
148	8.521138	1.501827	1.501360
149	8.521138	2.501827	1.501360
150	9.521138	-7.498173	1.498372
151	9.521138	-6.498173	1.498372
152	9.521138	-5.498173	1.498372
153	9.521138	-4.498173	1.498372
154	9.521138	-3.498173	1.498372
155	9.521138	-1.498173	1.501360
156	9.521138	-0.498173	1.501360
157	9.521138	0.501827	1.501360
158	9.521138	1.501827	1.501360
159	9.521138	2.501827	1.501360
160	10.521138	-7.498173	1.498372
161	10.521138	-6.498173	1.498372
162	10.521138	-5.498173	1.498372
163	10.521138	-4.498173	1.498372
164	10.521138	-3.498173	1.498372
165	10.521138	-2.498173	1.501360
166	10.521138	-1.498173	1.501360
167	10.521138	-0.498173	1.501360
168	10.521138	0.501827	1.501360
169	10.521138	1.501827	1.501360
170	10.521138	2.501827	1.501360
171	11.521138	-6.498173	1.498372
172	11.521138	-5.498173	1.498372
173	11.521138	-4.498173	1.498372
174	11.521138	-3.498173	1.498372
175	11.521138	-1.498173	1.501360
176	11.521138	-0.498173	1.501360
177	11.521138	0.501827	1.501360
178	11.521138	1.501827	1.501360
179	11.521138	2.501827	1.501360
180	12.521138	-12.498173	1.489500
181	12.521138	-11.498173	1.489500
182	12.521138	-10.498173	1.489500
183	12.521138	-7.498173	1.498600
184	12.521138	-6.498173	1.498600
185	12.521138	-5.498173	1.498600
186	12.521138	-4.498173	1.498600
187	12.521138	-3.498173	1.498600
188	12.521138	-2.498173	1.501360
189	12.521138	-1.498173	1.501360
190	12.521138	-0.498173	1.501360
191	12.521138	0.501827	1.501360
192	12.521138	1.501827	1.501360
193	12.521138	2.501827	1.501360
194	13.521138	-12.498173	1.489500
195	13.521138	-11.498173	1.489500
196	13.521138	-10.498173	1.489500
197	13.521138	-7.498173	1.498600
198	13.521138	-6.498173	1.498600
199	13.521138	-5.498173	1.498600
200	13.521138	-4.498173	1.498600
201	13.521138	-3.498173	1.498600
202	13.521138	-2.498173	1.501360
203	13.521138	-1.498173	1.501360
204	13.521138	-0.498173	1.501360
205	13.521138	0.501827	1.501360
206	13.521138	1.501827	1.501360
207	13.521138	2.501827	1.501360
208	14.521138	-12.498173	1.489500
209	14.521138	-11.498173	1.489500
210	14.521138	-10.498173	1.489500
211	14.521138	-8.498173	1.498600
212	14.521138	-7.498173	1.498600
213	14.521138	-6.498173	1.498600
214	14.521138	-5.498173	1.498600
215	14.521138	-4.498173	1.498600
216	14.521138	-3.498173	1.498600
217	14.521138	-1.498173	1.501360
218	14.521138	-0.498173	1.501360
219	14.521138	1.501827	1.501360
220	15.521138	-12.498173	1.489500
221	15.521138	-11.498173	1.489500
222	15.521138	-10.498173	1.489500
223	15.521138	-8.498173	1.498600
224	15.521138	-7.498173	1.498600
225	15.521138	-6.498173	1.498600
226	15.521138	-5.498173	1.498600
227	15.521138	-4.498173	1.498600
228	15.521138	-3.498173	1.498600
229	15.521138	-0.498173	1.501360
230	15.521138	0.501827	1.501360
231	15.521138	1.501827	1.501360
232	15.521138	2.501827	1.501360
233	16.521137	-12.498173	1.489500
234	16.521137	-11.498173	1.489500
235	16.521137	-10.498173	1.489500
236	16.521137	-8.498173	1.498600
237	16.521137	-7.498173	1.498600
238	16.521137	-6.498173	1.498600
239	16.521137	-5.498173	1.498600
240	16.521137	-4.498173	1.498600
241	16.521137	-3.498173	1.498600
242	16.521137	-2.498173	1.501360
243	16.521137	-1.498173	1.501360
244	16.521137	-0.498173	1.501360
245	16.521137	0.501827	1.501360
246	16.521137	1.501827	1.501360
247	16.521137	2.501827	1.501360
248	17.521137	-12.498173	1.489500
249	17.521137	-11.498173	1.489500
250	17.521137	-10.498173	1.489500
251	17.521137	-8.498173	1.498600
252	17.521137	-7.498173	1.498600
253	17.521137	-6.498173	1.498600
254	17.521137	-5.498173	1.498600
255	17.521137	-4.498173	1.498600
256	17.521137	-3.498173	1.498600
257	17.521137	-0.498173	1.503773
258	17.521137	0.501827	1.503773
259	17.521137	1.501827	1.503773
260	17.521137	2.501827	1.501360
261	18.521137	-12.498173	1.489500
262	18.521137	-11.498173	1.489500
263	18.521137	-10.498173	1.489500
264	18.521137	-8.498173	1.498600
265	18.521137	-7.498173	1.498600
266	18.521137	-6.498173	1.498600
267	18.521137	-5.498173	1.498600
268	18.521137	-4.498173	1.498600
269	18.521137	-3.498173	1.498600
270	18.521137	-0.498173	1.503773
271	18.521137	0.501827	1.503773
272	18.521137	1.501827	1.503773
273	18.521137	2.501827	1.509817
274	18.521137	3.501827	1.509817
275	18.521137	4.501827	1.509817
276	19.521137	-12.498173	1.489500
277	19.521137	-11.498173	1.489500
278	19.521137	-10.498173	1.489500
279	19.521137	-7.498173	1.498600
280	19.521137	-6.498173	1.498600
281	19.521137	-5.498173	1.498600
282	19.521137	-4.498173	1.498600
283	19.521137	-3.498173	1.498600
284	19.521137	-1.498173	1.503773
285	19.521137	3.501827	1.509817
286	19.521137	4.501827	1.509817
287	20.521137	-12.498173	1.489500
288	20.521137	-11.498173	1.489500
289	20.521137	-10.498173	1.489500
290	20.521137	-7.498173	1.498600
291	20.521137	-6.498173	1.498600
292	20.521137	-5.498173	1.498600
293	20.521137	-4.498173	1.498600
294	20.521137	-3.498173	1.498600
295	20.521137	0.501827	1.494308
296	20.521137	1.501827	1.494308
297	20.521137	3.501827	1.509817
298	20.521137	4.501827	1.509817
299	21.521137	-12.498173	1.489500
300	21.521137	-10.498173	1.489500
301	21.521137	-7.498173	1.498600
302	21.521137	-3.498173	1.498600
303	21.521137	0.501827	1.494308
304	21.521137	1.501827	1.494308
305	23.521137	-1.498173	1.485809
306	23.521137	-0.498173	1.485809
307	23.521137	0.501827	1.485809
308	24.521137	-1.498173	1.485809
309	24.521137	-0.498173	1.485809
310	24.521137	0.501827	1.485809
311	25.521137	-1.498173	1.485809
312	25.521137	-0.498173	1.485809
313	25.521137	0.501827	1.485809
314	26.521137	-1.498173	1.485809
315	26.521137	-0.498173	1.485809
316	26.521137	0.501827	1.485809
317	28.521137	-1.498173	1.467459
318	28.521137	-0.498173	1.467459
319	28.521137	1.501827	1.460260
320	28.521137	2.501827	1.460260
321	29.521137	-1.498173	1.467459
322	29.521137	-0.498173	1.467459
323	29.521137	1.501827	1.460260
324	29.521137	2.501827	1.460260
325	0.521138	-9.498173	4.929360
326	0.521138	-8.498173	4.929360
327	0.521138	-7.498173	4.929360
328	0.521138	-5.498173	4.929360
329	0.521138	-0.498173	4.949040
330	0.521138	0.501827	4.949040
331	1.521138	-9.498173	4.929360
332	1.521138	-8.498173	4.929360
333	1.521138	-7.498173	4.929360
334	1.521138	-6.498173	4.929360
335	1.521138	-4.498173	4.941430
336	1.521138	-3.498173	4.941430
337	1.521138	-2.498173	4.941430
338	1.521138	-0.498173	4.949040
339	1.521138	0.501827	4.949040
340	2.521138	-9.498173	4.929360
341	2.521138	-8.498173	4.929360
342	2.521138	-7.498173	4.929360
343	2.521138	-4.498173	4.941430
344	2.521138	-3.498173	4.941430
345	2.521138	-2.498173	4.941430
346	3.521138	-8.498173	4.929360
347	3.521138	-4.498173	4.941430
348	3.521138	-2.498173	4.941430
349	4.521138	-4.498173	4.935750
350	4.521138	-3.498173	4.935750
351	4.521138	-2.498173	4.935750
352	4.521138	-1.498173	4.935750
353	4.521138	-0.498173	4.935750
354	5.521138	-4.498173	4.935750
355	5.521138	-3.498173	4.935750
356	5.521138	-2.498173	4.935750
357	5.521138	-1.498173	4.935750
358	5.521138	-0.498173	4.935750
359	6.521138	-4.498173	4.935750
360	6.521138	-3.498173	4.935750
361	6.521138	-2.498173	4.935750
362	6.521138	-1.498173	4.935750
363	6.521138	-0.498173	4.935750
364	7.521138	-4.498173	4.935750
365	7.521138	-3.498173	4.935750
366	7.521138	-2.498173	4.935750
367	7.521138	-1.498173	4.935750
368	7.521138	-0.498173	4.935750
369	8.521138	-4.498173	4.935750
370	8.521138	-3.498173	4.935750
371	8.521138	-2.498173	4.935750
372	8.521138	-1.498173	4.935750
373	8.521138	-0.498173	4.935750
374	9.521138	-4.498173	4.935750
375	9.521138	-3.498173	4.935750
376	9.521138	-2.498173	4.935750
377	9.521138	-1.498173	4.935750
378	9.521138	-0.498173	4.935750
379	10.521138	-4.498173	4.935750
380	10.521138	-1.498173	4.935750
381	10.521138	-0.498173	4.935750
382	11.521138	-1.498173	4.909970
383	11.521138	0.501827	4.909970
384	11.521138	1.501827	4.909970
385	12.521138	-1.498173	4.909970
386	12.521138	-0.498173	4.909970
387	12.521138	0.501827	4.909970
388	12.521138	1.501827	4.909970
389	13.521138	0.501827	4.909970
390	13.521138	1.501827	4.909970
391	14.521138	-1.498173	4.909970
392	14.521138	2.501827	4.935140
393	15.521138	-2.498173	4.909970
394	15.521138	-0.498173	4.935140
395	15.521138	0.501827	4.935140
396	15.521138	1.501827	4.935140
397	15.521138	2.501827	4.935140
398	16.521137	-2.498173	4.909970
399	16.521137	-1.498173	4.909970
400	16.521137	-0.498173	4.935140
401	16.521137	0.501827	4.935140
402	16.521137	1.501827	4.935140
403	16.521137	2.501827	4.935140
404	17.521137	-2.498173	4.909970
405	17.521137	-0.498173	4.909970
406	17.521137	0.501827	4.935140
407	17.521137	1.501827	4.935140
408	17.521137	2.501827	4.935140
409	18.521137	-1.498173	4.909970
410	18.521137	-0.498173	4.909970
411	18.521137	0.501827	4.909970
412	18.521137	1.501827	4.935140
413	19.521137	-2.498173	4.909970
414	19.521137	-1.498173	4.909970
415	19.521137	-0.498173	4.909970
416	19.521137	0.501827	4.909970
417	19.521137	1.501827	4.909970
418	20.521137	-1.498173	4.909970
419	20.521137	0.501827	4.909970
420	20.521137	1.501827	4.909970
421	4.521138	-7.498173	4.822320
422	4.521138	-6.498173	4.822320
423	5.521138	-7.498173	4.822320
424	5.521138	-6.498173	4.822320
425	5.521138	-5.498173	4.935750
426	6.521138	-7.498173	4.822320
427	6.521138	-6.498173	4.822320
428	7.521138	-7.498173	4.822320
429	7.521138	-6.498173	4.822320
430	8.521138	-7.498173	4.822320
431	8.521138	-6.498173	4.822320
432	9.521138	-7.498173	4.822320
433	9.521138	-6.498173	4.822320
434	10.521138	-7.498173	4.822320
435	10.521138	-6.498173	4.822320
436	18.521137	8.501827	1.453829
437	18.521137	9.501827	1.453829
438	19.521137	8.501827	1.453829
439	19.521137	9.501827	1.453829
440	19.521137	10.501827	1.453829
441	20.521137	8.501827	1.453829
442	20.521137	9.501827	1.453829
443	20.521137	10.501827	1.453829
444	21.521137	8.501827	1.453829
445	21.521137	9.501827	1.453829
446	21.521137	10.501827	1.453829
