0	-3.471822	0.146569	0.025278
1	-2.971822	-0.353431	0.025278
2	-2.971822	0.146569	0.025278
3	-2.971822	0.646569	0.025278
4	-2.971822	3.646569	0.025278
5	-2.971822	4.146568	0.025278
6	-2.971822	5.646568	0.025278
7	-2.471822	0.146569	0.025278
8	-2.471822	0.646569	0.025278
9	-2.471822	3.646569	0.025278
10	-2.471822	4.146568	0.025278
11	-2.471822	4.646568	0.025278
12	-2.471822	5.146568	0.025278
13	-2.471822	5.646568	0.025278
14	-1.971822	0.146569	0.025278
15	-1.971822	0.646569	0.025278
16	-1.971822	3.646569	0.025278
17	-1.971822	4.146568	0.025278
18	-1.971822	4.646568	0.025278
19	-1.971822	5.146568	0.025278
20	-1.971822	5.646568	0.025278
21	-1.471822	-0.353431	0.025278
22	-1.471822	0.146569	0.025278
23	-1.471822	0.646569	0.025278
24	-1.471822	4.146568	0.025278
25	-1.471822	4.646568	0.025278
26	-1.471822	5.146568	0.025278
27	-1.471822	5.646568	0.025278
28	-0.971822	-0.853431	0.025278
29	-0.971822	-0.353431	0.025278
30	-0.971822	0.146569	0.025278
31	-0.971822	0.646569	0.025278
32	-0.971822	1.146569	0.025278
33	-0.971822	3.646569	0.025278
34	-0.971822	4.146568	0.025278
35	-0.971822	4.646568	0.025278
36	-0.971822	5.146568	0.025278
37	-0.971822	5.646568	0.025278
38	-0.471822	-0.853431	0.025278
39	-0.471822	-0.353431	0.025278
40	-0.471822	0.146569	0.025278
41	-0.471822	0.646569	0.025278
42	-0.471822	1.146569	0.025278
43	-0.471822	3.646569	0.025278
44	-0.471822	4.146568	0.025278
45	-0.471822	4.646568	0.025278
46	-0.471822	5.146568	0.025278
47	-0.471822	5.646568	0.025278
48	0.028178	-0.853431	0.025278
49	0.028178	-0.353431	0.025278
50	0.028178	0.146569	0.025278
51	0.028178	0.646569	0.025278
52	0.028178	1.146569	0.025278
53	0.028178	3.146569	0.025278
54	0.028178	3.646569	0.025278
55	0.028178	4.146568	0.025278
56	0.028178	4.646568	0.025278
57	0.028178	5.146568	0.025278
58	0.028178	5.646568	0.025278
59	0.528178	-0.853431	0.025278
60	0.528178	0.146569	0.025278
61	0.528178	0.646569	0.025278
62	0.528178	1.146569	0.025278
63	0.528178	1.646569	0.025278
64	0.528178	2.646569	0.025278
65	0.528178	3.146569	0.025278
66	0.528178	3.646569	0.025278
67	0.528178	4.146568	0.025278
68	0.528178	4.646568	0.025278
69	0.528178	5.146568	0.025278
70	0.528178	5.646568	0.025278
71	1.028178	-0.853431	0.025278
72	1.028178	-0.353431	0.025278
73	1.028178	0.146569	0.025278
74	1.028178	0.646569	0.025278
75	1.028178	1.146569	0.025278
76	1.028178	1.646569	0.025278
77	1.028178	2.146569	0.025278
78	1.028178	2.646569	0.025278
79	1.028178	3.146569	0.025278
80	1.028178	3.646569	0.025278
81	1.028178	4.146568	0.025278
82	1.028178	4.646568	0.025278
83	1.028178	5.146568	0.025278
84	1.028178	5.646568	0.025278
85	1.528178	-0.853431	0.025278
86	1.528178	-0.353431	0.025278
87	1.528178	0.146569	0.025278
88	1.528178	0.646569	0.025278
89	1.528178	1.146569	0.025278
90	1.528178	1.646569	0.025278
91	1.528178	2.146569	0.025278
92	1.528178	2.646569	0.025278
93	1.528178	3.146569	0.025278
94	1.528178	3.646569	0.025278
95	1.528178	4.146568	0.025278
96	1.528178	4.646568	0.025278
97	1.528178	5.146568	0.025278
98	2.028178	-0.853431	0.025278
99	2.028178	-0.353431	0.025278
100	2.028178	0.146569	0.025278
101	2.028178	0.646569	0.025278
102	2.028178	1.146569	0.025278
103	2.028178	1.646569	0.025278
104	2.028178	2.146569	0.025278
105	2.028178	2.646569	0.025278
106	2.028178	3.146569	0.025278
107	2.028178	3.646569	0.025278
108	2.028178	4.146568	0.025278
109	2.028178	4.646568	0.025278
110	2.028178	5.146568	0.025278
111	2.028178	5.646568	0.025278
112	2.528178	-0.353431	0.025278
113	2.528178	0.146569	0.025278
114	2.528178	0.646569	0.025278
115	2.528178	1.146569	0.025278
116	2.528178	1.646569	0.025278
117	2.528178	2.146569	0.025278
118	2.528178	2.646569	0.025278
119	2.528178	3.146569	0.025278
120	2.528178	3.646569	0.025278
121	2.528178	4.146568	0.025278
122	2.528178	4.646568	0.025278
123	2.528178	5.146568	0.025278
124	2.528178	5.646568	0.025278
125	3.028178	-0.353431	0.025278
126	3.028178	0.146569	0.025278
127	3.028178	0.646569	0.025278
128	3.028178	1.146569	0.025278
129	3.028178	1.646569	0.025278
130	3.028178	2.146569	0.025278
131	3.028178	2.646569	0.025278
132	3.028178	3.146569	0.025278
133	3.028178	3.646569	0.025278
134	3.028178	4.146568	0.025278
135	3.028178	4.646568	0.025278
136	3.028178	5.146568	0.025278
137	3.028178	5.646568	0.025278
138	3.528178	-0.353431	0.025278
139	3.528178	0.146569	0.025278
140	3.528178	0.646569	0.025278
141	3.528178	1.146569	0.025278
142	3.528178	1.646569	0.025278
143	3.528178	2.146569	0.025278
144	3.528178	2.646569	0.025278
145	3.528178	3.146569	0.025278
146	3.528178	3.646569	0.025278
147	3.528178	4.146568	0.025278
148	3.528178	4.646568	0.025278
149	3.528178	5.146568	0.025278
150	3.528178	5.646568	0.025278
151	4.028178	-0.353431	0.025278
152	4.028178	0.146569	0.025278
153	4.028178	0.646569	0.025278
154	4.028178	1.146569	0.025278
155	4.028178	1.646569	0.025278
156	4.028178	2.146569	0.025278
157	4.028178	2.646569	0.025278
158	4.028178	3.146569	0.025278
159	4.028178	3.646569	0.025278
160	4.028178	4.146568	0.025278
161	4.028178	4.646568	0.025278
162	4.028178	5.146568	0.025278
163	4.028178	5.646568	0.025278
164	4.528178	0.146569	0.025278
165	4.528178	0.646569	0.025278
166	4.528178	1.146569	0.025278
167	4.528178	1.646569	0.025278
168	4.528178	2.146569	0.025278
169	4.528178	2.646569	0.025278
170	4.528178	3.146569	0.025278
171	4.528178	3.646569	0.025278
172	4.528178	4.146568	0.025278
173	4.528178	4.646568	0.025278
174	4.528178	5.146568	0.025278
175	4.528178	5.646568	0.025278
176	5.028178	-0.353431	0.025278
177	5.028178	0.146569	0.025278
178	5.028178	0.646569	0.025278
179	5.028178	1.146569	0.025278
180	5.028178	1.646569	0.025278
181	5.028178	2.146569	0.025278
182	5.028178	2.646569	0.025278
183	5.028178	3.146569	0.025278
184	5.028178	3.646569	0.025278
185	5.028178	4.146568	0.025278
186	5.028178	4.646568	0.025278
187	5.028178	5.146568	0.025278
188	5.028178	5.646568	0.025278
189	5.528178	2.646569	0.025278
190	5.528178	3.146569	0.025278
191	5.528178	3.646569	0.025278
192	5.528178	4.146568	0.025278
193	5.528178	4.646568	0.025278
194	5.528178	5.146568	0.025278
195	5.528178	5.646568	0.025278
196	6.028178	2.646569	0.025278
197	6.028178	3.146569	0.025278
198	6.028178	3.646569	0.025278
199	6.028178	4.146568	0.025278
200	6.028178	4.646568	0.025278
201	6.028178	5.146568	0.025278
202	6.028178	5.646568	0.025278
203	6.528178	2.646569	0.025278
204	6.528178	3.146569	0.025278
205	6.528178	3.646569	0.025278
206	6.528178	4.146568	0.025278
207	6.528178	4.646568	0.025278
208	6.528178	5.146568	0.025278
209	6.528178	5.646568	0.025278
210	7.028178	2.646569	0.025278
211	7.028178	3.146569	0.025278
212	7.028178	3.646569	0.025278
213	7.028178	4.146568	0.025278
214	7.028178	4.646568	0.025278
215	7.028178	5.146568	0.025278
216	7.028178	5.646568	0.025278
217	7.028178	6.146568	0.025278
218	7.528178	2.646569	0.025278
219	7.528178	3.146569	0.025278
220	7.528178	3.646569	0.025278
221	7.528178	4.146568	0.025278
222	7.528178	4.646568	0.025278
223	7.528178	5.146568	0.025278
224	7.528178	5.646568	0.025278
225	7.528178	6.146568	0.025278
226	8.028178	2.646569	0.025278
227	8.028178	3.146569	0.025278
228	8.028178	3.646569	0.025278
229	8.028178	4.146568	0.025278
230	8.028178	4.646568	0.025278
231	8.028178	5.146568	0.025278
232	8.028178	5.646568	0.025278
233	8.028178	6.146568	0.025278
234	8.528178	2.646569	0.025278
235	8.528178	3.146569	0.025278
236	8.528178	3.646569	0.025278
237	8.528178	4.146568	0.025278
238	8.528178	4.646568	0.025278
239	8.528178	5.146568	0.025278
240	8.528178	5.646568	0.025278
241	8.528178	6.146568	0.025278
242	9.028178	2.646569	0.025278
243	9.028178	3.146569	0.025278
