0	-31.564026	19.847309	1.341647
1	-30.564026	-10.152692	1.515764
2	-30.564026	-9.152692	1.515764
3	-30.564026	-7.152692	1.515764
4	-30.564026	-6.152692	1.515764
5	-30.564026	12.847308	1.341647
6	-30.564026	13.847308	1.341647
7	-30.564026	14.847308	1.341647
8	-30.564026	15.847308	1.341647
9	-30.564026	16.847309	1.341647
10	-30.564026	17.847309	1.341647
11	-30.564026	18.847309	1.341647
12	-30.564026	19.847309	1.341647
13	-30.564026	20.847309	1.341647
14	-29.564026	-10.152692	1.515764
15	-29.564026	-9.152692	1.515764
16	-29.564026	-8.152692	1.515764
17	-29.564026	-7.152692	1.515764
18	-29.564026	-6.152692	1.515764
19	-29.564026	12.847308	1.341647
20	-29.564026	13.847308	1.341647
21	-29.564026	14.847308	1.341647
22	-29.564026	15.847308	1.341647
23	-29.564026	16.847309	1.341647
24	-29.564026	17.847309	1.341647
25	-29.564026	18.847309	1.341647
26	-29.564026	19.847309	1.341647
27	-29.564026	20.847309	1.341647
28	-28.564026	-10.152692	1.515764
29	-28.564026	-9.152692	1.515764
30	-28.564026	-8.152692	1.515764
31	-28.564026	-7.152692	1.515764
32	-28.564026	-6.152692	1.515764
33	-28.564026	-5.152692	1.515764
34	-28.564026	12.847308	1.341647
35	-28.564026	13.847308	1.341647
36	-28.564026	14.847308	1.341647
37	-28.564026	15.847308	1.341647
38	-28.564026	16.847309	1.341647
39	-28.564026	17.847309	1.341647
40	-28.564026	18.847309	1.341647
41	-28.564026	19.847309	1.341647
42	-28.564026	20.847309	1.341647
43	-27.564026	-10.152692	1.515764
44	-27.564026	-9.152692	1.515764
45	-27.564026	-8.152692	1.515764
46	-27.564026	-7.152692	1.515764
47	-27.564026	-6.152692	1.515764
48	-27.564026	12.847308	1.341647
49	-27.564026	13.847308	1.341647
50	-27.564026	14.847308	1.341647
51	-27.564026	15.847308	1.341647
52	-27.564026	16.847309	1.341647
53	-27.564026	17.847309	1.341647
54	-27.564026	18.847309	1.341647
55	-27.564026	19.847309	1.341647
56	-27.564026	20.847309	1.341647
57	-26.564026	-10.152692	1.515764
58	-26.564026	-9.152692	1.515764
59	-26.564026	-8.152692	1.515764
60	-26.564026	-7.152692	1.515764
61	-26.564026	-6.152692	1.515764
62	-26.564026	-5.152692	1.515764
63	-26.564026	-4.152692	1.500730
64	-26.564026	-3.152692	1.500730
65	-26.564026	18.847309	1.341647
66	-26.564026	19.847309	1.341647
67	-26.564026	20.847309	1.341647
68	-25.564026	-4.152692	1.500730
69	-25.564026	18.847309	1.341647
70	-25.564026	19.847309	1.341647
71	-24.564026	-5.152692	1.494984
72	-24.564026	-4.152692	1.494984
73	-24.564026	-3.152692	1.494984
74	-24.564026	-2.152692	1.494984
75	-24.564026	1.847308	1.494984
76	-24.564026	18.847309	1.341647
77	-24.564026	19.847309	1.341647
78	-23.564026	-5.152692	1.494984
79	-23.564026	-4.152692	1.494984
80	-23.564026	-3.152692	1.494984
81	-23.564026	-2.152692	1.494984
82	-23.564026	-1.152692	1.494984
83	-23.564026	-0.152692	1.494984
84	-23.564026	0.847308	1.494984
85	-23.564026	1.847308	1.494984
86	-23.564026	18.847309	1.341647
87	-23.564026	19.847309	1.341647
88	-23.564026	20.847309	1.341647
89	-22.564026	-5.152692	1.494984
90	-22.564026	-4.152692	1.494984
91	-22.564026	-3.152692	1.494984
92	-22.564026	-2.152692	1.494984
93	-22.564026	-1.152692	1.494984
94	-22.564026	-0.152692	1.494984
95	-22.564026	0.847308	1.494984
96	-22.564026	1.847308	1.494984
97	-22.564026	18.847309	1.341647
98	-22.564026	19.847309	1.341647
99	-21.564026	-5.152692	1.494984
100	-21.564026	-4.152692	1.494984
101	-21.564026	-3.152692	1.494984
102	-21.564026	-2.152692	1.494984
103	-21.564026	-1.152692	1.494984
104	-21.564026	-0.152692	1.494984
105	-21.564026	0.847308	1.494984
106	-21.564026	1.847308	1.494984
107	-21.564026	7.847308	1.482962
108	-21.564026	8.847308	1.475857
109	-21.564026	9.847308	1.475857
110	-21.564026	12.847308	1.341647
111	-21.564026	13.847308	1.341647
112	-21.564026	14.847308	1.341647
113	-21.564026	15.847308	1.341647
114	-21.564026	16.847309	1.341647
115	-21.564026	17.847309	1.341647
116	-21.564026	18.847309	1.341647
117	-21.564026	19.847309	1.341647
118	-21.564026	20.847309	1.341647
119	-20.564026	-5.152692	1.494984
120	-20.564026	-4.152692	1.494984
121	-20.564026	-3.152692	1.494984
122	-20.564026	-2.152692	1.494984
123	-20.564026	-1.152692	1.494984
124	-20.564026	-0.152692	1.494984
125	-20.564026	0.847308	1.494984
126	-20.564026	1.847308	1.494984
127	-20.564026	8.847308	1.475857
128	-20.564026	9.847308	1.475857
129	-20.564026	12.847308	1.341647
130	-20.564026	13.847308	1.341647
131	-20.564026	14.847308	1.341647
132	-20.564026	15.847308	1.341647
133	-20.564026	16.847309	1.341647
134	-20.564026	17.847309	1.341647
135	-20.564026	18.847309	1.341647
136	-20.564026	19.847309	1.341647
137	-20.564026	21.847309	1.341647
138	-19.564026	-5.152692	1.494984
139	-19.564026	-4.152692	1.494984
140	-19.564026	-3.152692	1.494984
141	-19.564026	-2.152692	1.494984
142	-19.564026	-1.152692	1.494984
143	-19.564026	-0.152692	1.461480
144	-19.564026	0.847308	1.461480
145	-19.564026	1.847308	1.461480
146	-19.564026	2.847308	1.461480
147	-19.564026	3.847308	1.482962
148	-19.564026	4.847308	1.482962
149	-19.564026	5.847308	1.482962
150	-19.564026	6.847308	1.482962
151	-19.564026	8.847308	1.475857
152	-19.564026	9.847308	1.475857
153	-19.564026	11.847308	1.341647
154	-19.564026	12.847308	1.341647
155	-19.564026	13.847308	1.341647
156	-19.564026	14.847308	1.341647
157	-19.564026	15.847308	1.341647
158	-19.564026	16.847309	1.341647
159	-19.564026	17.847309	1.341647
160	-19.564026	18.847309	1.341647
161	-19.564026	19.847309	1.341647
162	-19.564026	20.847309	1.341647
163	-19.564026	21.847309	1.341647
164	-18.564026	-5.152692	1.494984
165	-18.564026	-3.152692	1.461480
166	-18.564026	-2.152692	1.461480
167	-18.564026	-1.152692	1.461480
168	-18.564026	-0.152692	1.461480
169	-18.564026	0.847308	1.461480
170	-18.564026	1.847308	1.461480
171	-18.564026	3.847308	1.482962
172	-18.564026	4.847308	1.482962
173	-18.564026	11.847308	1.313571
174	-17.564026	-3.152692	1.461480
175	-17.564026	-2.152692	1.461480
176	-17.564026	-1.152692	1.461480
177	-17.564026	-0.152692	1.461480
178	-17.564026	0.847308	1.461480
179	-17.564026	1.847308	1.461480
180	-17.564026	6.847308	1.313571
181	-17.564026	7.847308	1.313571
182	-17.564026	8.847308	1.313571
183	-17.564026	9.847308	1.313571
184	-17.564026	10.847308	1.313571
185	-17.564026	11.847308	1.313571
186	-16.564026	-4.152692	1.461480
187	-16.564026	-3.152692	1.461480
188	-16.564026	-2.152692	1.461480
189	-16.564026	-1.152692	1.461480
190	-16.564026	-0.152692	1.461480
191	-16.564026	0.847308	1.461480
192	-16.564026	1.847308	1.461480
193	-16.564026	5.847308	1.313571
194	-16.564026	6.847308	1.313571
195	-16.564026	7.847308	1.313571
196	-16.564026	10.847308	1.313571
197	-16.564026	11.847308	1.313571
198	-15.564026	-4.152692	1.461480
199	-15.564026	-3.152692	1.461480
200	-15.564026	-2.152692	1.461480
201	-15.564026	-1.152692	1.461480
202	-15.564026	-0.152692	1.461480
203	-15.564026	0.847308	1.461480
204	-15.564026	1.847308	1.461480
205	-15.564026	5.847308	1.313571
206	-15.564026	6.847308	1.313571
207	-15.564026	7.847308	1.313571
208	-15.564026	10.847308	1.313571
209	-15.564026	11.847308	1.313571
210	-14.564026	-3.152692	1.461480
211	-14.564026	-2.152692	1.461480
212	-14.564026	-1.152692	1.461480
213	-14.564026	-0.152692	1.461480
214	-14.564026	0.847308	1.461480
215	-14.564026	1.847308	1.461480
216	-14.564026	2.847308	1.461480
217	-14.564026	3.847308	1.463956
218	-14.564026	5.847308	1.313571
219	-14.564026	6.847308	1.313571
220	-14.564026	7.847308	1.313571
221	-14.564026	8.847308	1.313571
222	-14.564026	9.847308	1.313571
223	-14.564026	10.847308	1.313571
224	-14.564026	11.847308	1.313571
225	-13.564026	-3.152692	1.461480
226	-13.564026	3.847308	1.463956
227	-13.564026	5.847308	1.313571
228	-13.564026	6.847308	1.313571
229	-13.564026	7.847308	1.313571
230	-13.564026	8.847308	1.313571
231	-13.564026	9.847308	1.313571
232	-13.564026	10.847308	1.313571
233	-13.564026	11.847308	1.313571
234	-12.564026	-3.152692	1.461480
235	-12.564026	-1.152692	1.461480
236	-12.564026	-0.152692	1.461480
237	-12.564026	1.847308	1.503179
238	-12.564026	3.847308	1.463956
239	-12.564026	5.847308	1.313571
240	-12.564026	6.847308	1.313571
241	-12.564026	7.847308	1.313571
242	-12.564026	11.847308	1.313571
243	-11.564026	-3.152692	1.461480
244	-11.564026	-2.152692	1.461480
245	-11.564026	-1.152692	1.461480
246	-11.564026	-0.152692	1.461480
247	-11.564026	1.847308	1.503179
248	-11.564026	3.847308	1.463956
249	-11.564026	5.847308	1.313571
250	-11.564026	6.847308	1.313571
251	-11.564026	7.847308	1.313571
252	-11.564026	11.847308	1.313571
253	-10.564026	-1.152692	1.461480
254	-10.564026	3.847308	1.463956
255	-10.564026	5.847308	1.313571
256	-10.564026	6.847308	1.313571
257	-10.564026	7.847308	1.313571
258	-10.564026	8.847308	1.313571
259	-10.564026	9.847308	1.313571
260	-10.564026	10.847308	1.313571
261	-10.564026	11.847308	1.313571
262	-9.564026	-1.152692	1.487356
263	-9.564026	-0.152692	1.487356
264	-9.564026	0.847308	1.487356
265	-9.564026	1.847308	1.487356
266	-9.564026	2.847308	1.487356
267	-9.564026	3.847308	1.463956
268	-8.564026	-1.152692	1.487356
269	-8.564026	-0.152692	1.487356
270	-8.564026	0.847308	1.487356
271	-8.564026	1.847308	1.487356
272	-8.564026	2.847308	1.487356
273	-8.564026	3.847308	1.463956
274	-7.564026	-1.152692	1.487356
275	-7.564026	-0.152692	1.487356
276	-7.564026	0.847308	1.487356
277	-7.564026	1.847308	1.487356
278	-7.564026	2.847308	1.487356
279	-7.564026	3.847308	1.463956
280	-7.564026	4.847308	1.484690
281	-7.564026	5.847308	1.484690
282	-7.564026	6.847308	1.484690
283	-6.564026	-1.152692	1.487356
284	-6.564026	-0.152692	1.487356
285	-6.564026	0.847308	1.487356
286	-6.564026	1.847308	1.487356
287	-6.564026	2.847308	1.487356
288	-6.564026	3.847308	1.463956
289	-6.564026	4.847308	1.484690
290	-6.564026	5.847308	1.484690
291	-6.564026	6.847308	1.484690
292	-5.564026	-1.152692	1.487356
293	-5.564026	-0.152692	1.487356
294	-5.564026	0.847308	1.487356
295	-5.564026	1.847308	1.487356
296	-5.564026	3.847308	1.463956
297	-4.564026	-7.152692	1.517080
298	-4.564026	-3.152692	1.517080
299	-4.564026	-0.152692	1.499143
300	-4.564026	0.847308	1.499143
301	-4.564026	1.847308	1.499143
302	-4.564026	3.847308	1.463956
303	-4.564026	5.847308	1.498112
304	-4.564026	6.847308	1.498112
305	-4.564026	7.847308	1.498112
306	-4.564026	10.847308	1.490437
307	-4.564026	11.847308	1.490437
308	-4.564026	12.847308	1.495536
309	-3.564026	-8.152692	1.517080
310	-3.564026	-7.152692	1.517080
311	-3.564026	-6.152692	1.517080
312	-3.564026	-5.152692	1.517080
313	-3.564026	-4.152692	1.517080
314	-3.564026	-3.152692	1.517080
315	-3.564026	-2.152692	1.517080
316	-3.564026	-1.152692	1.499143
317	-3.564026	-0.152692	1.499143
318	-3.564026	0.847308	1.499143
319	-3.564026	1.847308	1.499143
320	-3.564026	2.847308	1.499143
321	-3.564026	3.847308	1.463956
322	-3.564026	4.847308	1.498112
323	-3.564026	5.847308	1.498112
324	-3.564026	6.847308	1.498112
325	-3.564026	7.847308	1.498112
326	-3.564026	8.847308	1.498112
327	-3.564026	9.847308	1.490437
328	-3.564026	10.847308	1.490437
329	-3.564026	11.847308	1.490437
330	-3.564026	12.847308	1.495536
331	-3.564026	14.847308	1.495536
332	-2.564026	-8.152692	1.517080
333	-2.564026	-7.152692	1.517080
334	-2.564026	-6.152692	1.517080
335	-2.564026	-5.152692	1.517080
336	-2.564026	-4.152692	1.517080
337	-2.564026	-3.152692	1.517080
338	-2.564026	-2.152692	1.517080
339	-2.564026	-0.152692	1.499143
340	-2.564026	0.847308	1.499143
341	-2.564026	1.847308	1.499143
342	-2.564026	2.847308	1.499143
343	-2.564026	3.847308	1.463956
344	-2.564026	5.847308	1.514162
345	-2.564026	6.847308	1.514162
346	-2.564026	9.847308	1.490437
347	-2.564026	10.847308	1.490437
348	-2.564026	11.847308	1.490437
349	-2.564026	14.847308	1.495536
350	-1.564026	-8.152692	1.517080
351	-1.564026	-7.152692	1.517080
352	-1.564026	-6.152692	1.517080
353	-1.564026	-5.152692	1.517080
354	-1.564026	-4.152692	1.517080
355	-1.564026	-3.152692	1.517080
356	-1.564026	-2.152692	1.517080
357	-1.564026	-0.152692	1.499143
358	-1.564026	0.847308	1.499143
359	-1.564026	1.847308	1.499143
360	-1.564026	10.847308	1.490437
361	-1.564026	11.847308	1.490437
362	-1.564026	14.847308	1.495536
363	-0.564026	-8.152692	1.517080
364	-0.564026	-7.152692	1.517080
365	-0.564026	-6.152692	1.517080
366	-0.564026	-5.152692	1.517080
367	-0.564026	-4.152692	1.517080
368	-0.564026	-3.152692	1.517080
369	-0.564026	-2.152692	1.517080
370	-0.564026	-1.152692	1.214235
371	-0.564026	-0.152692	1.214235
372	-0.564026	0.847308	1.214235
373	-0.564026	1.847308	1.214235
374	-0.564026	6.847308	1.495536
375	-0.564026	7.847308	1.495536
376	-0.564026	8.847308	1.495536
377	-0.564026	9.847308	1.495536
378	-0.564026	10.847308	1.495536
379	-0.564026	11.847308	1.495536
380	-0.564026	14.847308	1.495536
381	-0.564026	16.847309	1.482826
382	0.435974	-8.152692	1.517080
383	0.435974	-7.152692	1.517080
384	0.435974	-2.152692	1.517080
385	0.435974	-0.152692	1.214235
386	0.435974	0.847308	1.214235
387	0.435974	1.847308	1.214235
388	0.435974	7.847308	1.495536
389	0.435974	8.847308	1.495536
390	0.435974	9.847308	1.495536
391	0.435974	10.847308	1.495536
392	0.435974	11.847308	1.495536
393	0.435974	13.847308	1.495536
394	0.435974	14.847308	1.495536
395	0.435974	15.847308	1.482826
396	0.435974	16.847309	1.482826
397	1.435974	13.847308	1.524269
398	1.435974	14.847308	1.524269
399	1.435974	15.847308	1.524269
400	1.435974	16.847309	1.524269
401	2.435974	13.847308	1.524269
402	2.435974	14.847308	1.524269
403	2.435974	15.847308	1.524269
404	2.435974	16.847309	1.524269
405	3.435974	13.847308	1.524269
406	3.435974	14.847308	1.524269
407	3.435974	15.847308	1.524269
408	3.435974	16.847309	1.524269
409	4.435974	13.847308	1.524269
410	4.435974	14.847308	1.524269
411	4.435974	15.847308	1.524269
412	4.435974	16.847309	1.524269
413	5.435974	13.847308	1.524269
414	5.435974	14.847308	1.524269
415	5.435974	15.847308	1.524269
416	5.435974	16.847309	1.524269
417	-19.564026	-2.152692	4.949490
418	-19.564026	-1.152692	4.949490
419	-19.564026	0.847308	4.949490
420	-19.564026	1.847308	4.949490
421	-24.564026	8.847308	1.493668
422	-24.564026	9.847308	1.493668
423	-24.564026	10.847308	1.493668
424	-24.564026	11.847308	1.493668
425	-23.564026	7.847308	1.482962
426	-23.564026	8.847308	1.493668
427	-23.564026	9.847308	1.493668
428	-23.564026	11.847308	1.493668
429	-22.564026	11.847308	1.341647
430	-21.564026	11.847308	1.341647
431	-20.564026	11.847308	1.341647
432	-28.564026	4.847308	4.937730
433	-28.564026	5.847308	4.938950
434	-28.564026	6.847308	4.938950
435	-28.564026	8.847308	4.945970
436	-28.564026	9.847308	4.945970
437	-28.564026	10.847308	4.945970
438	-28.564026	11.847308	4.945970
439	-27.564026	4.847308	4.937730
440	-27.564026	6.847308	4.938950
441	-27.564026	8.847308	4.945970
442	-27.564026	9.847308	4.945970
443	-27.564026	10.847308	4.945970
444	-27.564026	11.847308	4.945970
445	-26.564026	3.847308	4.937730
446	-26.564026	4.847308	4.937730
447	-26.564026	5.847308	4.938950
448	-26.564026	6.847308	4.938950
449	-26.564026	8.847308	4.945970
450	-26.564026	9.847308	4.945970
451	-26.564026	10.847308	4.945970
452	-26.564026	11.847308	4.945970
453	-25.564026	6.847308	4.938950
454	-25.564026	7.847308	4.945970
455	-25.564026	8.847308	4.945970
456	-25.564026	9.847308	4.945970
457	-25.564026	10.847308	4.945970
458	-25.564026	11.847308	4.945970
459	-25.564026	12.847308	4.793350
460	-25.564026	13.847308	4.793350
461	-25.564026	14.847308	4.793350
462	-25.564026	15.847308	4.793350
463	-24.564026	5.847308	4.938770
464	-24.564026	6.847308	4.938770
465	-24.564026	7.847308	4.938770
466	-24.564026	8.847308	4.938770
467	-24.564026	9.847308	4.938770
468	-24.564026	10.847308	4.938770
469	-24.564026	11.847308	4.938770
470	-24.564026	12.847308	4.793350
471	-24.564026	13.847308	4.793350
472	-24.564026	14.847308	4.793350
473	-24.564026	15.847308	4.793350
474	-23.564026	5.847308	4.938770
475	-23.564026	6.847308	4.938770
476	-23.564026	7.847308	4.938770
477	-23.564026	8.847308	4.938770
478	-23.564026	9.847308	4.938770
479	-23.564026	10.847308	4.938770
480	-23.564026	11.847308	4.938770
481	-23.564026	12.847308	4.793350
482	-23.564026	13.847308	4.793350
483	-23.564026	14.847308	4.793350
484	-23.564026	15.847308	4.793350
485	-22.564026	3.847308	4.938770
486	-22.564026	4.847308	4.938770
487	-22.564026	5.847308	4.938770
488	-22.564026	6.847308	4.938770
489	-22.564026	7.847308	4.938770
490	-22.564026	8.847308	4.938770
491	-22.564026	9.847308	4.938770
492	-22.564026	10.847308	4.938770
493	-22.564026	11.847308	4.938770
494	-22.564026	12.847308	4.793350
495	-22.564026	13.847308	4.793350
496	-22.564026	14.847308	4.793350
497	-22.564026	15.847308	4.793350
498	-21.564026	3.847308	4.938770
499	-21.564026	4.847308	4.938770
500	-21.564026	5.847308	4.938770
501	-21.564026	6.847308	4.938770
502	-21.564026	7.847308	4.938770
503	-21.564026	8.847308	4.938770
504	-21.564026	9.847308	4.938770
505	-21.564026	10.847308	4.938770
506	-21.564026	11.847308	4.938770
507	-21.564026	12.847308	4.793350
508	-21.564026	13.847308	4.793350
509	-21.564026	14.847308	4.793350
510	-21.564026	15.847308	4.793350
511	-20.564026	3.847308	4.938770
512	-20.564026	8.847308	4.938770
513	-20.564026	9.847308	4.938770
514	-20.564026	10.847308	4.938770
515	-20.564026	11.847308	4.938770
516	-20.564026	12.847308	4.793350
517	-20.564026	13.847308	4.793350
518	-20.564026	14.847308	4.793350
519	-20.564026	15.847308	4.793350
520	-19.564026	3.847308	4.938770
521	-19.564026	7.847308	4.947230
522	-19.564026	8.847308	4.938770
523	-19.564026	9.847308	4.938770
524	-19.564026	10.847308	4.938770
525	-19.564026	11.847308	4.938770
526	-19.564026	12.847308	4.793350
527	-19.564026	13.847308	4.793350
528	-19.564026	14.847308	4.793350
529	-19.564026	15.847308	4.793350
530	-18.564026	-0.152692	4.949490
531	-18.564026	0.847308	4.949490
532	-18.564026	3.847308	4.938770
533	-18.564026	7.847308	4.947230
534	-18.564026	8.847308	4.938770
535	-18.564026	9.847308	4.938770
536	-18.564026	10.847308	4.938770
537	-18.564026	11.847308	4.938770
538	-17.564026	-4.152692	4.939510
539	-17.564026	-3.152692	4.939510
540	-17.564026	-2.152692	4.939510
541	-17.564026	-1.152692	4.939510
542	-17.564026	-0.152692	4.939510
543	-17.564026	0.847308	4.939510
544	-17.564026	1.847308	4.939510
545	-17.564026	3.847308	4.938770
546	-16.564026	-8.152692	4.849850
547	-16.564026	-7.152692	4.849850
548	-16.564026	-6.152692	4.849850
549	-16.564026	-5.152692	4.849850
550	-16.564026	-4.152692	4.939510
551	-16.564026	-3.152692	4.939510
552	-16.564026	-2.152692	4.939510
553	-16.564026	-1.152692	4.939510
554	-16.564026	-0.152692	4.939510
555	-16.564026	0.847308	4.939510
556	-16.564026	1.847308	4.939510
557	-16.564026	2.847308	4.939510
558	-16.564026	3.847308	4.938770
559	-15.564026	-8.152692	4.849850
560	-15.564026	-7.152692	4.849850
561	-15.564026	-6.152692	4.849850
562	-15.564026	-5.152692	4.849850
563	-15.564026	-4.152692	4.939510
564	-15.564026	-3.152692	4.939510
565	-15.564026	-2.152692	4.939510
566	-15.564026	-1.152692	4.939510
567	-15.564026	-0.152692	4.939510
568	-15.564026	0.847308	4.939510
569	-15.564026	1.847308	4.939510
570	-15.564026	2.847308	4.939510
571	-15.564026	3.847308	4.938770
572	-14.564026	-8.152692	4.849850
573	-14.564026	-7.152692	4.849850
574	-14.564026	-6.152692	4.849850
575	-14.564026	-5.152692	4.849850
576	-14.564026	-4.152692	4.939510
577	-14.564026	-3.152692	4.939510
578	-14.564026	-2.152692	4.939510
579	-14.564026	-1.152692	4.939510
580	-14.564026	-0.152692	4.939510
581	-14.564026	0.847308	4.939510
582	-14.564026	1.847308	4.939510
583	-14.564026	2.847308	4.939510
584	-14.564026	3.847308	4.938770
585	-13.564026	-8.152692	4.849850
586	-13.564026	-7.152692	4.849850
587	-13.564026	-6.152692	4.849850
588	-13.564026	-5.152692	4.849850
589	-13.564026	-4.152692	4.939510
590	-13.564026	-3.152692	4.939510
591	-13.564026	-2.152692	4.939510
592	-13.564026	-1.152692	4.939510
593	-13.564026	-0.152692	4.939510
594	-13.564026	0.847308	4.939510
595	-13.564026	1.847308	4.939510
596	-13.564026	3.847308	4.938770
597	-12.564026	-8.152692	4.849850
598	-12.564026	-7.152692	4.849850
599	-12.564026	-6.152692	4.849850
600	-12.564026	-5.152692	4.849850
601	-12.564026	-1.152692	4.939510
602	-12.564026	-0.152692	4.939510
603	-12.564026	3.847308	4.938770
604	-11.564026	-8.152692	4.849850
605	-11.564026	-7.152692	4.849850
606	-11.564026	-6.152692	4.849850
607	-11.564026	-5.152692	4.849850
608	-11.564026	-1.152692	4.950890
609	-11.564026	-0.152692	4.950890
610	-11.564026	3.847308	4.938770
611	-10.564026	-8.152692	4.849850
612	-10.564026	-7.152692	4.849850
613	-10.564026	-6.152692	4.849850
614	-10.564026	-5.152692	4.849850
615	-10.564026	3.847308	4.938770
616	-9.564026	-8.152692	4.849850
617	-9.564026	-7.152692	4.849850
618	-9.564026	-6.152692	4.849850
619	-9.564026	-5.152692	4.849850
620	-9.564026	-4.152692	4.849850
621	-9.564026	-3.152692	4.849850
622	-9.564026	3.847308	4.938770
623	-9.564026	4.847308	4.938770
624	-9.564026	5.847308	4.938770
625	-9.564026	6.847308	4.938770
626	-9.564026	7.847308	4.938770
627	-8.564026	-8.152692	4.849850
628	-8.564026	-7.152692	4.849850
629	-8.564026	-6.152692	4.849850
630	-8.564026	-5.152692	4.849850
631	-8.564026	-4.152692	4.849850
632	-8.564026	-3.152692	4.849850
633	-7.564026	-8.152692	4.849850
634	-7.564026	-7.152692	4.849850
635	-7.564026	-6.152692	4.849850
636	-7.564026	-5.152692	4.849850
637	-7.564026	-4.152692	4.849850
638	-7.564026	-3.152692	4.849850
639	-6.564026	-8.152692	4.849850
640	-6.564026	-7.152692	4.849850
641	-6.564026	-6.152692	4.849850
642	-6.564026	-5.152692	4.849850
643	-6.564026	-4.152692	4.849850
644	-6.564026	-3.152692	4.849850
645	-5.564026	-8.152692	4.849850
646	-5.564026	-7.152692	4.849850
647	-5.564026	-4.152692	4.849850
648	-5.564026	-3.152692	4.849850
649	-33.564026	-4.152692	1.506261
650	-33.564026	-3.152692	1.506261
651	-33.564026	-2.152692	1.506261
652	-32.564026	-4.152692	1.506261
653	-32.564026	-3.152692	1.506261
654	-32.564026	-2.152692	1.506261
655	-31.564026	-4.152692	1.506261
656	-31.564026	-3.152692	1.506261
657	-31.564026	-2.152692	1.506261
658	-31.564026	-0.152692	1.500730
659	-31.564026	1.847308	1.500730
660	-30.564026	-4.152692	1.506261
661	-30.564026	-3.152692	1.506261
662	-30.564026	-2.152692	1.506261
663	-30.564026	-0.152692	1.500730
664	-30.564026	0.847308	1.500730
665	-30.564026	1.847308	1.500730
666	-29.564026	-2.152692	1.500730
667	-29.564026	-1.152692	1.500730
668	-29.564026	0.847308	1.500730
669	-29.564026	1.847308	1.500730
670	-28.564026	-4.152692	1.500730
671	-28.564026	-3.152692	1.500730
672	-28.564026	-2.152692	1.500730
673	-28.564026	-1.152692	1.500730
674	-28.564026	-0.152692	1.500730
675	-28.564026	0.847308	1.500730
676	-28.564026	1.847308	1.500730
677	-28.564026	2.847308	1.498414
678	-28.564026	3.847308	1.498414
679	-28.564026	4.847308	1.498414
680	-27.564026	-2.152692	1.500730
681	-27.564026	-1.152692	1.500730
682	-27.564026	-0.152692	1.500730
683	-27.564026	0.847308	1.500730
684	-27.564026	1.847308	1.500730
685	-27.564026	4.847308	1.498414
686	-26.564026	-2.152692	1.500730
687	-26.564026	-1.152692	1.500730
688	-26.564026	-0.152692	1.500730
689	-26.564026	0.847308	1.500730
690	-26.564026	1.847308	1.500730
691	-26.564026	2.847308	1.495705
692	-26.564026	3.847308	1.495705
693	-26.564026	4.847308	1.498414
694	-25.564026	4.847308	1.482962
695	-24.564026	4.847308	1.531242
696	-20.564026	5.847308	4.947230
697	-19.564026	5.847308	4.947230
698	-19.564026	6.847308	4.947230
699	-18.564026	5.847308	4.947230
700	-18.564026	6.847308	4.947230
701	-17.564026	5.847308	4.921200
702	-17.564026	6.847308	4.921200
703	-17.564026	7.847308	4.921200
704	-17.564026	8.847308	4.921200
705	-17.564026	9.847308	4.921200
706	-17.564026	10.847308	4.921200
707	-17.564026	11.847308	4.921200
708	-16.564026	5.847308	4.921200
709	-16.564026	6.847308	4.921200
710	-16.564026	7.847308	4.921200
711	-16.564026	8.847308	4.921200
712	-16.564026	9.847308	4.921200
713	-16.564026	10.847308	4.921200
714	-16.564026	11.847308	4.921200
715	-15.564026	5.847308	4.921200
716	-15.564026	6.847308	4.921200
717	-15.564026	7.847308	4.921200
718	-15.564026	8.847308	4.921200
719	-15.564026	9.847308	4.921200
720	-15.564026	10.847308	4.921200
721	-15.564026	11.847308	4.921200
722	-14.564026	5.847308	4.921200
723	-14.564026	6.847308	4.921200
724	-14.564026	7.847308	4.921200
725	-14.564026	8.847308	4.921200
726	-14.564026	9.847308	4.921200
727	-13.564026	5.847308	4.921200
728	-13.564026	6.847308	4.921200
729	-13.564026	7.847308	4.921200
730	-13.564026	8.847308	4.921200
731	-13.564026	9.847308	4.921200
732	-12.564026	5.847308	4.921200
733	-12.564026	6.847308	4.921200
734	-12.564026	7.847308	4.921200
735	-12.564026	8.847308	4.921200
736	-12.564026	9.847308	4.921200
737	-11.564026	5.847308	4.921200
738	-11.564026	6.847308	4.921200
739	-11.564026	7.847308	4.921200
740	-11.564026	8.847308	4.921200
741	-11.564026	9.847308	4.921200
742	-10.564026	-2.152692	1.461480
743	-9.564026	-8.152692	1.524179
744	-9.564026	-7.152692	1.524179
745	-9.564026	-6.152692	1.524179
746	-9.564026	-5.152692	1.524179
747	-9.564026	-4.152692	1.524179
748	-9.564026	-3.152692	1.524179
749	-9.564026	-2.152692	1.524179
750	-8.564026	-8.152692	1.524179
751	-8.564026	-7.152692	1.524179
752	-8.564026	-6.152692	1.524179
753	-8.564026	-5.152692	1.524179
754	-8.564026	-4.152692	1.524179
755	-8.564026	-3.152692	1.524179
756	-7.564026	-8.152692	1.524179
757	-7.564026	-7.152692	1.524179
758	-7.564026	-6.152692	1.524179
759	-7.564026	-5.152692	1.524179
760	-7.564026	-4.152692	1.524179
761	-7.564026	-3.152692	1.524179
762	-6.564026	-8.152692	1.524179
763	-6.564026	-7.152692	1.524179
764	-6.564026	-6.152692	1.524179
765	-6.564026	-5.152692	1.524179
766	-6.564026	-4.152692	1.524179
767	-6.564026	-3.152692	1.524179
768	-5.564026	-7.152692	1.524179
769	-5.564026	-6.152692	1.524179
770	-5.564026	-5.152692	1.524179
771	-5.564026	-4.152692	1.524179
772	-11.564026	-4.152692	4.950890
773	-11.564026	-3.152692	4.950890
774	-32.564026	7.847308	1.487027
775	-31.564026	7.847308	1.487027
776	-30.564026	7.847308	1.487027
777	-29.564026	7.847308	1.487027
778	-28.564026	7.847308	1.487027
779	-28.564026	8.847308	1.524450
780	-28.564026	9.847308	1.524450
781	-28.564026	10.847308	1.524450
782	-28.564026	11.847308	1.524450
783	-27.564026	7.847308	1.487027
784	-27.564026	8.847308	1.524450
785	-27.564026	9.847308	1.524450
786	-27.564026	10.847308	1.524450
787	-27.564026	11.847308	1.524450
788	-26.564026	8.847308	1.524450
789	-26.564026	9.847308	1.524450
790	-26.564026	10.847308	1.524450
791	-26.564026	11.847308	1.524450
792	-25.564026	7.847308	1.482962
793	-25.564026	9.847308	1.524450
794	-25.564026	11.847308	1.524450
