0	-6.963824	-2.169464	1.460071
1	-6.963824	-1.169464	1.460071
2	-6.963824	-0.169464	1.460071
3	-6.963824	0.830536	1.460071
4	-6.963824	1.830536	1.460071
5	-6.963824	2.830536	1.460071
6	-6.963824	3.830536	1.460071
7	-5.963824	-2.169464	1.460071
8	-5.963824	-1.169464	1.460071
9	-5.963824	-0.169464	1.460071
10	-5.963824	0.830536	1.460071
11	-5.963824	1.830536	1.460071
12	-5.963824	2.830536	1.460071
13	-5.963824	3.830536	1.460071
14	-4.963824	-2.169464	1.460071
15	-4.963824	-1.169464	1.460071
16	-4.963824	-0.169464	1.460071
17	-4.963824	0.830536	1.460071
18	-4.963824	1.830536	1.460071
19	-4.963824	2.830536	1.460071
20	-4.963824	3.830536	1.460071
21	-3.963824	-2.169464	1.460071
22	-3.963824	-1.169464	1.460071
23	-3.963824	-0.169464	1.460071
24	-3.963824	0.830536	1.460071
25	-3.963824	1.830536	1.460071
26	-3.963824	2.830536	1.460071
27	-3.963824	3.830536	1.460071
28	-2.963824	-2.169464	1.460071
29	-2.963824	-1.169464	1.460071
30	-2.963824	-0.169464	1.460071
31	-2.963824	0.830536	1.460071
32	-2.963824	1.830536	1.460071
33	-2.963824	2.830536	1.460071
34	-2.963824	3.830536	1.460071
35	-1.963824	-2.169464	1.460071
36	-1.963824	-1.169464	1.460071
37	-1.963824	-0.169464	1.460071
38	-1.963824	0.830536	1.460071
39	-1.963824	1.830536	1.460071
40	-1.963824	2.830536	1.460071
41	-1.963824	3.830536	1.460071
42	-0.963824	-2.169464	1.460071
43	-0.963824	-1.169464	1.460071
44	-0.963824	-0.169464	1.460071
45	-0.963824	0.830536	1.460071
46	-0.963824	1.830536	1.460071
47	-0.963824	2.830536	1.460071
48	-0.963824	3.830536	1.460071
49	0.036176	-2.169464	1.460071
50	0.036176	-1.169464	1.460071
51	0.036176	-0.169464	1.460071
52	0.036176	0.830536	1.460071
53	0.036176	1.830536	1.460071
54	0.036176	2.830536	1.460071
55	0.036176	3.830536	1.460071
56	1.036176	-1.169464	1.460071
57	1.036176	-0.169464	1.460071
58	1.036176	0.830536	1.460071
59	1.036176	1.830536	1.460071
60	1.036176	2.830536	1.460071
61	1.036176	3.830536	1.460071
62	2.036176	-1.169464	1.460071
63	2.036176	-0.169464	1.460071
64	2.036176	0.830536	1.460071
65	2.036176	1.830536	1.460071
66	2.036176	2.830536	1.460071
67	2.036176	3.830536	1.460071
68	3.036176	-1.169464	1.460071
69	3.036176	-0.169464	1.460071
70	3.036176	0.830536	1.460071
71	3.036176	1.830536	1.460071
72	3.036176	2.830536	1.460071
73	4.036176	-31.169464	1.442575
74	4.036176	-30.169464	1.442575
75	4.036176	-29.169464	1.442575
76	4.036176	-28.169464	1.442575
77	4.036176	-27.169464	1.442575
78	4.036176	-25.169464	1.442575
79	4.036176	-24.169464	1.442575
80	4.036176	-23.169464	1.442575
81	4.036176	-22.169464	1.442575
82	4.036176	-21.169464	1.442575
83	4.036176	1.830536	1.442575
84	5.036176	-31.169464	1.442575
85	5.036176	-30.169464	1.442575
86	5.036176	-29.169464	1.442575
87	5.036176	-28.169464	1.442575
88	5.036176	-27.169464	1.442575
89	5.036176	-26.169464	1.442575
90	5.036176	-25.169464	1.442575
91	5.036176	-24.169464	1.442575
92	5.036176	-23.169464	1.442575
93	5.036176	-22.169464	1.442575
94	5.036176	-21.169464	1.442575
95	5.036176	-20.169464	1.442575
96	5.036176	-19.169464	1.442575
97	5.036176	-18.169464	1.442575
98	5.036176	-13.169464	1.442575
99	5.036176	-12.169464	1.442575
100	5.036176	-11.169464	1.442575
101	5.036176	-10.169464	1.442575
102	5.036176	-9.169464	1.442575
103	5.036176	-8.169464	1.442575
104	5.036176	-7.169464	1.442575
105	5.036176	-6.169464	1.442575
106	5.036176	-5.169464	1.442575
107	5.036176	-4.169464	1.442575
108	5.036176	-3.169464	1.442575
109	5.036176	-2.169464	1.442575
110	5.036176	-1.169464	1.442575
111	5.036176	-0.169464	1.442575
112	5.036176	0.830536	1.442575
113	5.036176	1.830536	1.442575
114	5.036176	2.830536	1.442575
115	6.036176	-31.169464	1.442575
116	6.036176	-30.169464	1.442575
117	6.036176	-29.169464	1.442575
118	6.036176	-28.169464	1.442575
119	6.036176	-27.169464	1.442575
120	6.036176	-26.169464	1.442575
121	6.036176	-25.169464	1.442575
122	6.036176	-24.169464	1.442575
123	6.036176	-23.169464	1.442575
124	6.036176	-22.169464	1.442575
125	6.036176	-21.169464	1.442575
126	6.036176	-20.169464	1.442575
127	6.036176	-19.169464	1.442575
128	6.036176	-13.169464	1.442575
129	6.036176	-11.169464	1.442575
130	6.036176	-10.169464	1.442575
131	6.036176	-9.169464	1.442575
132	6.036176	-8.169464	1.442575
133	6.036176	-7.169464	1.442575
134	6.036176	-6.169464	1.442575
135	6.036176	-5.169464	1.442575
136	6.036176	-4.169464	1.442575
137	6.036176	-3.169464	1.442575
138	6.036176	-2.169464	1.442575
139	6.036176	-1.169464	1.442575
140	6.036176	-0.169464	1.442575
141	6.036176	0.830536	1.442575
142	6.036176	1.830536	1.442575
143	6.036176	2.830536	1.442575
144	7.036176	-31.169464	1.442575
145	7.036176	-30.169464	1.442575
146	7.036176	-29.169464	1.442575
147	7.036176	-28.169464	1.442575
148	7.036176	-27.169464	1.442575
149	7.036176	-26.169464	1.442575
150	7.036176	-25.169464	1.442575
151	7.036176	-24.169464	1.442575
152	7.036176	-23.169464	1.442575
153	7.036176	-22.169464	1.442575
154	7.036176	-21.169464	1.442575
155	7.036176	-20.169464	1.442575
156	7.036176	-19.169464	1.442575
157	7.036176	-18.169464	1.442575
158	7.036176	-13.169464	1.442575
159	7.036176	-12.169464	1.442575
160	7.036176	-11.169464	1.442575
161	7.036176	-10.169464	1.442575
162	7.036176	-9.169464	1.442575
163	7.036176	-8.169464	1.442575
164	7.036176	-7.169464	1.442575
165	7.036176	-6.169464	1.442575
166	7.036176	-5.169464	1.442575
167	7.036176	-4.169464	1.442575
168	7.036176	-3.169464	1.442575
169	7.036176	-2.169464	1.442575
170	7.036176	-1.169464	1.442575
171	7.036176	-0.169464	1.442575
172	7.036176	0.830536	1.442575
173	7.036176	1.830536	1.442575
174	7.036176	2.830536	1.442575
175	8.036176	-31.169464	1.442575
176	8.036176	-30.169464	1.442575
177	8.036176	-29.169464	1.442575
178	8.036176	-28.169464	1.442575
179	8.036176	-27.169464	1.442575
180	8.036176	-26.169464	1.442575
181	8.036176	-25.169464	1.442575
182	8.036176	-24.169464	1.442575
183	8.036176	-23.169464	1.442575
184	8.036176	-22.169464	1.442575
185	8.036176	-21.169464	1.442575
186	8.036176	-20.169464	1.442575
187	8.036176	-19.169464	1.442575
188	8.036176	-13.169464	1.442575
189	8.036176	-12.169464	1.442575
190	8.036176	-11.169464	1.442575
191	8.036176	-10.169464	1.442575
192	8.036176	-9.169464	1.442575
193	8.036176	-8.169464	1.442575
194	8.036176	-7.169464	1.442575
195	8.036176	-6.169464	1.442575
196	8.036176	-5.169464	1.442575
197	8.036176	-4.169464	1.442575
198	8.036176	-3.169464	1.442575
199	8.036176	-2.169464	1.442575
200	8.036176	-1.169464	1.442575
201	8.036176	-0.169464	1.442575
202	8.036176	0.830536	1.442575
203	8.036176	1.830536	1.442575
204	8.036176	2.830536	1.442575
205	9.036176	-31.169464	1.442575
206	9.036176	-30.169464	1.442575
207	9.036176	-29.169464	1.442575
208	9.036176	-28.169464	1.442575
209	9.036176	-27.169464	1.442575
210	9.036176	-26.169464	1.442575
211	9.036176	-25.169464	1.442575
212	9.036176	-24.169464	1.442575
213	9.036176	-23.169464	1.442575
214	9.036176	-22.169464	1.442575
215	9.036176	-21.169464	1.442575
216	9.036176	-20.169464	1.442575
217	9.036176	-19.169464	1.442575
218	9.036176	-18.169464	1.442575
219	9.036176	-17.169464	1.442575
220	9.036176	-16.169464	1.442575
221	9.036176	-15.169464	1.442575
222	9.036176	-14.169464	1.442575
223	9.036176	-13.169464	1.442575
224	9.036176	-12.169464	1.442575
225	9.036176	-11.169464	1.442575
226	9.036176	-10.169464	1.442575
227	9.036176	-9.169464	1.442575
228	9.036176	-8.169464	1.442575
229	9.036176	-7.169464	1.442575
230	9.036176	-6.169464	1.442575
231	9.036176	-5.169464	1.442575
232	9.036176	-4.169464	1.442575
233	9.036176	-3.169464	1.442575
234	9.036176	-2.169464	1.442575
235	9.036176	-1.169464	1.442575
236	9.036176	-0.169464	1.442575
237	9.036176	0.830536	1.442575
238	9.036176	1.830536	1.442575
239	9.036176	2.830536	1.442575
240	10.036176	-31.169464	1.442575
241	10.036176	-30.169464	1.442575
242	10.036176	-29.169464	1.442575
243	10.036176	-28.169464	1.442575
244	10.036176	-27.169464	1.442575
245	10.036176	-25.169464	1.442575
246	10.036176	-24.169464	1.442575
247	10.036176	-23.169464	1.442575
248	10.036176	-22.169464	1.442575
249	10.036176	-21.169464	1.442575
250	10.036176	-19.169464	1.442575
251	10.036176	-18.169464	1.442575
252	10.036176	-17.169464	1.442575
253	10.036176	-16.169464	1.442575
254	10.036176	-15.169464	1.442575
255	10.036176	-13.169464	1.442575
256	10.036176	-12.169464	1.442575
257	10.036176	-11.169464	1.442575
258	10.036176	-10.169464	1.442575
259	10.036176	-9.169464	1.442575
260	10.036176	-7.169464	1.442575
261	10.036176	-6.169464	1.442575
262	10.036176	-5.169464	1.442575
263	10.036176	-4.169464	1.442575
264	10.036176	-3.169464	1.442575
265	10.036176	-1.169464	1.442575
266	10.036176	-0.169464	1.442575
267	10.036176	0.830536	1.442575
268	10.036176	1.830536	1.442575
269	10.036176	2.830536	1.442575
270	11.036176	-31.169464	1.442575
271	11.036176	-30.169464	1.442575
272	11.036176	-29.169464	1.442575
273	11.036176	-28.169464	1.442575
274	11.036176	-27.169464	1.442575
275	11.036176	-26.169464	1.442575
276	11.036176	-25.169464	1.442575
277	11.036176	-24.169464	1.442575
278	11.036176	-23.169464	1.442575
279	11.036176	-22.169464	1.442575
280	11.036176	-21.169464	1.442575
281	11.036176	-20.169464	1.442575
282	11.036176	-19.169464	1.442575
283	11.036176	-18.169464	1.442575
284	11.036176	-17.169464	1.442575
285	11.036176	-16.169464	1.442575
286	11.036176	-15.169464	1.442575
287	11.036176	-14.169464	1.442575
288	11.036176	-13.169464	1.442575
289	11.036176	-12.169464	1.442575
290	11.036176	-11.169464	1.442575
291	11.036176	-10.169464	1.442575
292	11.036176	-9.169464	1.442575
293	11.036176	-8.169464	1.442575
294	11.036176	-7.169464	1.442575
295	11.036176	-6.169464	1.442575
296	11.036176	-5.169464	1.442575
297	11.036176	-4.169464	1.442575
298	11.036176	-3.169464	1.442575
299	11.036176	-2.169464	1.442575
300	11.036176	-1.169464	1.442575
301	11.036176	-0.169464	1.442575
302	11.036176	0.830536	1.442575
303	11.036176	1.830536	1.442575
304	11.036176	2.830536	1.442575
305	12.036176	-31.169464	1.442575
306	12.036176	-30.169464	1.442575
307	12.036176	-29.169464	1.442575
308	12.036176	-28.169464	1.442575
309	12.036176	-27.169464	1.442575
310	12.036176	-26.169464	1.442575
311	12.036176	-25.169464	1.442575
312	12.036176	-24.169464	1.442575
313	12.036176	-23.169464	1.442575
314	12.036176	-22.169464	1.442575
315	12.036176	-21.169464	1.442575
316	12.036176	-20.169464	1.442575
317	12.036176	-19.169464	1.442575
318	12.036176	-18.169464	1.442575
319	12.036176	-17.169464	1.442575
320	12.036176	-16.169464	1.442575
321	12.036176	-15.169464	1.442575
322	12.036176	-14.169464	1.442575
323	12.036176	-13.169464	1.442575
324	12.036176	-12.169464	1.442575
325	12.036176	-11.169464	1.442575
326	12.036176	-10.169464	1.442575
327	12.036176	-9.169464	1.442575
328	12.036176	-8.169464	1.442575
329	12.036176	-7.169464	1.442575
330	12.036176	-6.169464	1.442575
331	12.036176	-5.169464	1.442575
332	12.036176	-4.169464	1.442575
333	12.036176	-3.169464	1.442575
334	12.036176	-2.169464	1.442575
335	12.036176	-1.169464	1.442575
336	12.036176	-0.169464	1.442575
337	12.036176	0.830536	1.442575
338	12.036176	1.830536	1.442575
339	12.036176	2.830536	1.442575
340	13.036176	-31.169464	1.442575
341	13.036176	-30.169464	1.442575
342	13.036176	-29.169464	1.442575
343	13.036176	-28.169464	1.442575
344	13.036176	-27.169464	1.442575
345	13.036176	-26.169464	1.442575
346	13.036176	-25.169464	1.442575
347	13.036176	-24.169464	1.442575
348	13.036176	-23.169464	1.442575
349	13.036176	-22.169464	1.442575
350	13.036176	-21.169464	1.442575
351	13.036176	-20.169464	1.442575
352	13.036176	-19.169464	1.442575
353	13.036176	-18.169464	1.442575
354	13.036176	-17.169464	1.442575
355	13.036176	-16.169464	1.442575
356	13.036176	-15.169464	1.442575
357	13.036176	-14.169464	1.442575
358	13.036176	-13.169464	1.442575
359	13.036176	-12.169464	1.442575
360	13.036176	-11.169464	1.442575
361	13.036176	-10.169464	1.442575
362	13.036176	-9.169464	1.442575
363	13.036176	-8.169464	1.442575
364	13.036176	-7.169464	1.442575
365	13.036176	-6.169464	1.442575
366	13.036176	-5.169464	1.442575
367	13.036176	-4.169464	1.442575
368	13.036176	-3.169464	1.442575
369	13.036176	-2.169464	1.442575
370	13.036176	-1.169464	1.442575
371	13.036176	-0.169464	1.442575
372	13.036176	0.830536	1.442575
373	13.036176	1.830536	1.442575
374	13.036176	2.830536	1.442575
375	14.036176	-31.169464	1.442575
376	14.036176	-30.169464	1.442575
377	14.036176	-29.169464	1.442575
378	14.036176	-28.169464	1.442575
379	14.036176	-27.169464	1.442575
380	14.036176	-23.169464	1.442575
381	14.036176	-21.169464	1.442575
382	14.036176	-19.169464	1.442575
383	14.036176	-17.169464	1.442575
384	14.036176	-15.169464	1.442575
385	14.036176	-13.169464	1.442575
386	14.036176	-11.169464	1.442575
387	14.036176	-10.169464	1.442575
388	14.036176	-9.169464	1.442575
389	14.036176	-8.169464	1.442575
390	14.036176	-7.169464	1.442575
391	14.036176	-6.169464	1.442575
392	14.036176	-5.169464	1.442575
393	14.036176	-4.169464	1.442575
394	14.036176	-3.169464	1.442575
395	14.036176	-2.169464	1.442575
396	14.036176	-0.169464	1.442575
397	14.036176	0.830536	1.442575
398	14.036176	1.830536	1.442575
399	14.036176	2.830536	1.442575
400	15.036176	-31.169464	1.442575
401	15.036176	-30.169464	1.442575
402	15.036176	-29.169464	1.442575
403	15.036176	-28.169464	1.442575
404	15.036176	-27.169464	1.442575
405	15.036176	-25.169464	1.442575
406	15.036176	-23.169464	1.638465
407	15.036176	-21.169464	1.652028
408	15.036176	-19.169464	1.652585
409	15.036176	-17.169464	1.662838
410	15.036176	-15.169464	1.659775
411	15.036176	-13.169464	1.506424
412	15.036176	-11.169464	1.442575
413	15.036176	-10.169464	1.442575
414	15.036176	-9.169464	1.442575
415	15.036176	-8.169464	1.442575
416	15.036176	-7.169464	1.442575
417	15.036176	-6.169464	1.442575
418	15.036176	-5.169464	1.442575
419	15.036176	-4.169464	1.442575
420	15.036176	-3.169464	1.442575
421	15.036176	-2.169464	1.442575
422	15.036176	-1.169464	1.442575
423	15.036176	-0.169464	1.442575
424	15.036176	0.830536	1.442575
425	15.036176	1.830536	1.442575
426	15.036176	2.830536	1.442575
427	16.036175	-31.169464	1.442575
428	16.036175	-30.169464	1.442575
429	16.036175	-29.169464	1.442575
430	16.036175	-28.169464	1.442575
431	16.036175	-27.169464	1.442575
432	16.036175	-25.169464	1.442575
433	16.036175	-13.169464	1.506424
434	16.036175	-11.169464	1.442575
435	16.036175	-10.169464	1.442575
436	16.036175	-9.169464	1.442575
437	16.036175	-8.169464	1.442575
438	16.036175	-7.169464	1.442575
439	16.036175	-6.169464	1.442575
440	16.036175	-5.169464	1.442575
441	16.036175	-4.169464	1.442575
442	16.036175	-3.169464	1.442575
443	16.036175	-2.169464	1.442575
444	16.036175	-1.169464	1.442575
445	16.036175	-0.169464	1.442575
446	16.036175	0.830536	1.442575
447	16.036175	1.830536	1.442575
448	16.036175	2.830536	1.442575
449	17.036175	-31.169464	1.442575
450	17.036175	-30.169464	1.442575
451	17.036175	-29.169464	1.442575
452	17.036175	-28.169464	1.442575
453	17.036175	-27.169464	1.442575
454	17.036175	-25.169464	1.442575
455	17.036175	-24.169464	1.482133
456	17.036175	-23.169464	1.482133
457	17.036175	-22.169464	1.482133
458	17.036175	-21.169464	1.482133
459	17.036175	-19.169464	1.503568
460	17.036175	-18.169464	1.503568
461	17.036175	-17.169464	1.503568
462	17.036175	-16.169464	1.503568
463	17.036175	-15.169464	1.503568
464	17.036175	-14.169464	1.442575
465	17.036175	-13.169464	1.506424
466	17.036175	-11.169464	1.503240
467	17.036175	-10.169464	1.503240
468	17.036175	-9.169464	1.503240
469	17.036175	-8.169464	1.503240
470	17.036175	-7.169464	1.442575
471	17.036175	-6.169464	1.442575
472	17.036175	-5.169464	1.442575
473	17.036175	-4.169464	1.442575
474	17.036175	-3.169464	1.442575
475	17.036175	-2.169464	1.442575
476	17.036175	-1.169464	1.442575
477	17.036175	-0.169464	1.442575
478	17.036175	0.830536	1.442575
479	17.036175	1.830536	1.442575
480	17.036175	2.830536	1.442575
481	18.036175	-31.169464	1.442575
482	18.036175	-30.169464	1.442575
483	18.036175	-29.169464	1.442575
484	18.036175	-28.169464	1.442575
485	18.036175	-27.169464	1.442575
486	18.036175	-25.169464	1.442575
487	18.036175	-24.169464	1.482133
488	18.036175	-23.169464	1.482133
489	18.036175	-22.169464	1.482133
490	18.036175	-21.169464	1.482133
491	18.036175	-19.169464	1.503568
492	18.036175	-18.169464	1.503568
493	18.036175	-17.169464	1.503568
494	18.036175	-16.169464	1.503568
495	18.036175	-15.169464	1.503568
496	18.036175	-13.169464	1.506424
497	18.036175	-11.169464	1.503240
498	18.036175	-10.169464	1.503240
499	18.036175	-9.169464	1.503240
500	18.036175	-8.169464	1.503240
501	18.036175	-7.169464	1.442575
502	18.036175	-6.169464	1.442575
503	18.036175	-5.169464	1.442575
504	18.036175	-4.169464	1.442575
505	18.036175	-3.169464	1.442575
506	18.036175	-2.169464	1.442575
507	18.036175	-1.169464	1.442575
508	18.036175	-0.169464	1.442575
509	18.036175	0.830536	1.442575
510	18.036175	1.830536	1.442575
511	18.036175	2.830536	1.442575
512	19.036175	-31.169464	1.442575
513	19.036175	-30.169464	1.442575
514	19.036175	-29.169464	1.442575
515	19.036175	-28.169464	1.442575
516	19.036175	-27.169464	1.442575
517	19.036175	-25.169464	1.442575
518	19.036175	-24.169464	1.482133
519	19.036175	-23.169464	1.482133
520	19.036175	-22.169464	1.482133
521	19.036175	-21.169464	1.482133
522	19.036175	-19.169464	1.503568
523	19.036175	-18.169464	1.503568
524	19.036175	-17.169464	1.503568
525	19.036175	-16.169464	1.503568
526	19.036175	-15.169464	1.503568
527	19.036175	-13.169464	1.506424
528	19.036175	-11.169464	1.503240
529	19.036175	-10.169464	1.503240
530	19.036175	-9.169464	1.503240
531	19.036175	-8.169464	1.503240
532	19.036175	-7.169464	1.442575
533	19.036175	-6.169464	1.442575
534	19.036175	-5.169464	1.442575
535	19.036175	-4.169464	1.442575
536	19.036175	-3.169464	1.442575
537	19.036175	-2.169464	1.442575
538	19.036175	-1.169464	1.442575
539	19.036175	-0.169464	1.442575
540	19.036175	0.830536	1.442575
541	19.036175	1.830536	1.442575
542	19.036175	2.830536	1.442575
543	20.036175	-31.169464	1.442575
544	20.036175	-30.169464	1.442575
545	20.036175	-29.169464	1.442575
546	20.036175	-28.169464	1.442575
547	20.036175	-27.169464	1.442575
548	20.036175	-25.169464	1.442575
549	20.036175	-24.169464	1.482133
550	20.036175	-23.169464	1.482133
551	20.036175	-22.169464	1.482133
552	20.036175	-21.169464	1.482133
553	20.036175	-19.169464	1.503568
554	20.036175	-18.169464	1.503568
555	20.036175	-17.169464	1.503568
556	20.036175	-16.169464	1.503568
557	20.036175	-15.169464	1.503568
558	20.036175	-13.169464	1.506424
559	20.036175	-11.169464	1.519578
560	20.036175	-10.169464	1.519578
561	20.036175	-9.169464	1.519578
562	20.036175	-8.169464	1.519578
563	20.036175	-7.169464	1.442575
564	20.036175	-6.169464	1.442575
565	20.036175	-5.169464	1.442575
566	20.036175	-4.169464	1.442575
567	20.036175	-3.169464	1.442575
568	20.036175	-2.169464	1.442575
569	20.036175	-1.169464	1.442575
570	20.036175	-0.169464	1.442575
571	20.036175	0.830536	1.442575
572	20.036175	1.830536	1.442575
573	20.036175	2.830536	1.442575
574	21.036175	-31.169464	1.442575
575	21.036175	-30.169464	1.442575
576	21.036175	-29.169464	1.442575
577	21.036175	-28.169464	1.442575
578	21.036175	-27.169464	1.442575
579	21.036175	-25.169464	1.442575
580	21.036175	-24.169464	1.482133
581	21.036175	-23.169464	1.482133
582	21.036175	-22.169464	1.482133
583	21.036175	-21.169464	1.482133
584	21.036175	-19.169464	1.503568
585	21.036175	-18.169464	1.503568
586	21.036175	-17.169464	1.503568
587	21.036175	-16.169464	1.503568
588	21.036175	-15.169464	1.503568
589	21.036175	-13.169464	1.506424
590	21.036175	-11.169464	1.519578
591	21.036175	-10.169464	1.519578
592	21.036175	-9.169464	1.519578
593	21.036175	-8.169464	1.519578
594	21.036175	-7.169464	1.442575
595	21.036175	-6.169464	1.442575
596	21.036175	-5.169464	1.442575
597	21.036175	-4.169464	1.442575
598	21.036175	-3.169464	1.442575
599	21.036175	-2.169464	1.442575
600	21.036175	-1.169464	1.442575
601	21.036175	-0.169464	1.442575
602	21.036175	0.830536	1.442575
603	21.036175	1.830536	1.442575
604	21.036175	2.830536	1.442575
605	22.036175	-31.169464	1.442575
606	22.036175	-30.169464	1.442575
607	22.036175	-29.169464	1.442575
608	22.036175	-28.169464	1.442575
609	22.036175	-27.169464	1.442575
610	22.036175	-25.169464	1.442575
611	22.036175	-24.169464	1.482133
612	22.036175	-23.169464	1.482133
613	22.036175	-22.169464	1.482133
614	22.036175	-21.169464	1.482133
615	22.036175	-19.169464	1.503568
616	22.036175	-18.169464	1.503568
617	22.036175	-17.169464	1.503568
618	22.036175	-16.169464	1.503568
619	22.036175	-15.169464	1.503568
620	22.036175	-13.169464	1.506424
621	22.036175	-12.169464	1.519578
622	22.036175	-11.169464	1.519578
623	22.036175	-10.169464	1.519578
624	22.036175	-9.169464	1.519578
625	22.036175	-8.169464	1.519578
626	22.036175	-7.169464	1.442575
627	22.036175	-6.169464	1.442575
628	22.036175	-5.169464	1.442575
629	22.036175	-4.169464	1.442575
630	22.036175	-3.169464	1.442575
631	22.036175	-2.169464	1.442575
632	22.036175	-1.169464	1.442575
633	22.036175	-0.169464	1.442575
634	22.036175	0.830536	1.442575
635	22.036175	1.830536	1.442575
636	22.036175	2.830536	1.442575
637	23.036175	-31.169464	1.442575
638	23.036175	-30.169464	1.442575
639	23.036175	-29.169464	1.442575
640	23.036175	-28.169464	1.442575
641	23.036175	-27.169464	1.442575
642	23.036175	-25.169464	1.442575
643	23.036175	-24.169464	1.500657
644	23.036175	-23.169464	1.500657
645	23.036175	-22.169464	1.500657
646	23.036175	-21.169464	1.500657
647	23.036175	-20.169464	1.500657
648	23.036175	-19.169464	1.500657
649	23.036175	-18.169464	1.500657
650	23.036175	-17.169464	1.500657
651	23.036175	-16.169464	1.500657
652	23.036175	-15.169464	1.500657
653	23.036175	-13.169464	1.506424
654	23.036175	-11.169464	1.508083
655	23.036175	-10.169464	1.508083
656	23.036175	-9.169464	1.508083
657	23.036175	-7.169464	1.442575
658	23.036175	-6.169464	1.442575
659	23.036175	-5.169464	1.442575
660	23.036175	-4.169464	1.442575
661	23.036175	-3.169464	1.442575
662	23.036175	-2.169464	1.442575
663	23.036175	-1.169464	1.442575
664	23.036175	-0.169464	1.442575
665	23.036175	0.830536	1.442575
666	23.036175	1.830536	1.442575
667	23.036175	2.830536	1.442575
668	24.036175	-31.169464	1.442575
669	24.036175	-30.169464	1.442575
670	24.036175	-29.169464	1.442575
671	24.036175	-28.169464	1.442575
672	24.036175	-27.169464	1.442575
673	24.036175	-25.169464	1.500657
674	24.036175	-24.169464	1.500657
675	24.036175	-23.169464	1.500657
676	24.036175	-22.169464	1.500657
677	24.036175	-21.169464	1.500657
678	24.036175	-20.169464	1.500657
679	24.036175	-19.169464	1.500657
680	24.036175	-18.169464	1.500657
681	24.036175	-17.169464	1.500657
682	24.036175	-16.169464	1.500657
683	24.036175	-15.169464	1.500657
684	24.036175	-13.169464	1.506424
685	24.036175	-11.169464	1.508083
686	24.036175	-10.169464	1.508083
687	24.036175	-9.169464	1.508083
688	24.036175	-8.169464	1.508083
689	24.036175	-7.169464	1.442575
690	24.036175	-6.169464	1.442575
691	24.036175	-5.169464	1.442575
692	24.036175	-4.169464	1.442575
693	24.036175	-3.169464	1.442575
694	24.036175	-2.169464	1.442575
695	24.036175	-1.169464	1.442575
696	24.036175	-0.169464	1.442575
697	24.036175	0.830536	1.442575
698	24.036175	1.830536	1.442575
699	24.036175	2.830536	1.442575
700	25.036175	-31.169464	1.442575
701	25.036175	-30.169464	1.442575
702	25.036175	-29.169464	1.442575
703	25.036175	-28.169464	1.442575
704	25.036175	-27.169464	1.442575
705	25.036175	-25.169464	1.500657
706	25.036175	-24.169464	1.500657
707	25.036175	-23.169464	1.500657
708	25.036175	-22.169464	1.500657
709	25.036175	-21.169464	1.500657
710	25.036175	-20.169464	1.500657
711	25.036175	-19.169464	1.500657
712	25.036175	-18.169464	1.500657
713	25.036175	-17.169464	1.500657
714	25.036175	-16.169464	1.500657
715	25.036175	-15.169464	1.500657
716	25.036175	-13.169464	1.506424
717	25.036175	-11.169464	1.508083
718	25.036175	-10.169464	1.508083
719	25.036175	-9.169464	1.508083
720	25.036175	-8.169464	1.508083
721	25.036175	-7.169464	1.442575
722	25.036175	-6.169464	1.442575
723	25.036175	-5.169464	1.442575
724	25.036175	-4.169464	1.442575
725	25.036175	-3.169464	1.442575
726	25.036175	-2.169464	1.442575
727	25.036175	-1.169464	1.442575
728	25.036175	-0.169464	1.442575
729	25.036175	0.830536	1.442575
730	25.036175	1.830536	1.442575
731	25.036175	2.830536	1.442575
732	26.036175	-15.169464	1.498597
733	26.036175	-13.169464	1.506424
734	26.036175	-10.169464	1.518092
735	26.036175	-9.169464	1.518092
736	27.036175	-31.169464	1.516163
737	27.036175	-30.169464	1.516163
738	27.036175	-28.169464	1.506332
739	27.036175	-27.169464	1.506332
740	27.036175	-26.169464	1.506332
741	27.036175	-25.169464	1.506332
742	27.036175	-24.169464	1.506332
743	27.036175	-23.169464	1.498597
744	27.036175	-22.169464	1.498597
745	27.036175	-21.169464	1.498597
746	27.036175	-20.169464	1.498597
747	27.036175	-19.169464	1.498597
748	27.036175	-18.169464	1.498597
749	27.036175	-17.169464	1.498597
750	27.036175	-16.169464	1.498597
751	27.036175	-15.169464	1.498597
752	27.036175	-14.169464	1.498597
753	27.036175	-13.169464	1.506424
754	27.036175	-11.169464	1.518092
755	27.036175	-10.169464	1.518092
756	27.036175	-9.169464	1.518092
757	28.036175	-31.169464	1.516163
758	28.036175	-30.169464	1.516163
759	28.036175	-28.169464	1.506332
760	28.036175	-27.169464	1.506332
761	28.036175	-26.169464	1.506332
762	28.036175	-25.169464	1.506332
763	28.036175	-24.169464	1.506332
764	28.036175	-23.169464	1.503355
765	28.036175	-17.169464	1.512820
766	28.036175	-16.169464	1.512820
767	28.036175	-15.169464	1.512820
768	28.036175	-13.169464	1.506424
769	28.036175	-11.169464	1.518092
770	28.036175	-10.169464	1.518092
771	28.036175	-9.169464	1.518092
772	29.036175	-31.169464	1.516163
773	29.036175	-30.169464	1.516163
774	29.036175	-28.169464	1.506332
775	29.036175	-27.169464	1.506332
776	29.036175	-25.169464	1.506332
777	29.036175	-24.169464	1.506332
778	29.036175	-23.169464	1.503355
779	29.036175	-17.169464	1.512820
780	29.036175	-16.169464	1.512820
781	29.036175	-15.169464	1.512820
782	29.036175	-13.169464	1.506424
783	30.036175	-31.169464	1.516163
784	30.036175	-30.169464	1.516163
785	30.036175	-29.169464	1.516163
786	30.036175	-28.169464	1.515671
787	30.036175	-27.169464	1.515671
788	30.036175	-26.169464	1.515671
789	30.036175	-25.169464	1.515671
790	30.036175	-24.169464	1.515671
791	30.036175	-23.169464	1.503355
792	30.036175	-17.169464	1.512820
793	30.036175	-16.169464	1.512820
794	30.036175	-15.169464	1.512820
795	30.036175	-13.169464	1.506424
796	30.036175	-11.169464	1.515955
797	30.036175	-10.169464	1.515955
798	30.036175	-9.169464	1.515955
799	30.036175	-8.169464	1.515955
800	31.036175	-23.169464	1.503355
801	31.036175	-13.169464	1.506424
802	31.036175	-11.169464	1.515955
803	31.036175	-10.169464	1.515955
804	31.036175	-9.169464	1.515955
805	31.036175	-8.169464	1.515955
806	32.036175	-31.169464	1.496140
807	32.036175	-30.169464	1.496140
808	32.036175	-29.169464	1.496140
809	32.036175	-28.169464	1.496140
810	32.036175	-23.169464	1.503355
811	32.036175	-17.169464	1.495267
812	32.036175	-16.169464	1.495267
813	32.036175	-15.169464	1.495267
814	32.036175	-13.169464	1.506424
815	32.036175	-11.169464	1.515955
816	32.036175	-10.169464	1.515955
817	32.036175	-9.169464	1.515955
818	32.036175	-8.169464	1.515955
819	33.036175	-31.169464	1.496140
820	33.036175	-30.169464	1.496140
821	33.036175	-29.169464	1.496140
822	33.036175	-28.169464	1.496140
823	33.036175	-23.169464	1.503355
824	33.036175	-17.169464	1.495267
825	33.036175	-16.169464	1.495267
826	33.036175	-15.169464	1.495267
827	33.036175	-13.169464	1.506424
828	33.036175	-11.169464	1.515955
829	33.036175	-10.169464	1.515955
830	33.036175	-9.169464	1.515955
831	33.036175	-8.169464	1.515955
832	34.036175	-31.169464	1.496140
833	34.036175	-30.169464	1.496140
834	34.036175	-29.169464	1.496140
835	34.036175	-28.169464	1.496140
836	34.036175	-23.169464	1.503355
837	34.036175	-17.169464	1.495267
838	34.036175	-16.169464	1.495267
839	34.036175	-15.169464	1.495267
840	34.036175	-14.169464	1.495267
841	34.036175	-13.169464	1.506424
842	34.036175	-11.169464	1.515955
843	34.036175	-10.169464	1.515955
844	34.036175	-9.169464	1.515955
845	34.036175	-8.169464	1.515955
846	35.036175	-31.169464	1.512026
847	35.036175	-30.169464	1.512026
848	35.036175	-29.169464	1.512026
849	35.036175	-13.169464	1.506424
850	36.036175	-31.169464	1.512026
851	36.036175	-30.169464	1.512026
852	36.036175	-29.169464	1.512026
853	36.036175	-28.169464	1.512026
854	36.036175	-27.169464	1.509678
855	36.036175	-26.169464	1.509678
856	36.036175	-25.169464	1.509678
857	36.036175	-24.169464	1.509678
858	36.036175	-23.169464	1.509678
859	36.036175	-22.169464	1.509678
860	36.036175	-21.169464	1.509678
861	36.036175	-20.169464	1.509678
862	36.036175	-19.169464	1.509678
863	36.036175	-18.169464	1.509678
864	36.036175	-17.169464	1.509678
865	36.036175	-16.169464	1.509678
866	36.036175	-15.169464	1.509678
867	36.036175	-14.169464	1.509678
868	36.036175	-13.169464	1.506424
869	36.036175	-12.169464	1.484890
870	36.036175	-11.169464	1.484890
871	36.036175	-10.169464	1.484890
872	36.036175	-9.169464	1.484890
873	37.036175	-31.169464	1.512026
874	37.036175	-30.169464	1.512026
875	37.036175	-29.169464	1.512026
876	37.036175	-28.169464	1.512026
877	37.036175	-27.169464	1.509678
878	37.036175	-26.169464	1.509678
879	37.036175	-25.169464	1.509678
880	37.036175	-24.169464	1.509678
881	37.036175	-23.169464	1.509678
882	37.036175	-22.169464	1.509678
883	37.036175	-21.169464	1.509678
884	37.036175	-20.169464	1.509678
885	37.036175	-19.169464	1.509678
886	37.036175	-18.169464	1.509678
887	37.036175	-17.169464	1.509678
888	37.036175	-16.169464	1.509678
889	37.036175	-15.169464	1.509678
890	37.036175	-14.169464	1.509678
891	37.036175	-13.169464	1.506424
892	37.036175	-12.169464	1.484890
893	37.036175	-11.169464	1.484890
894	37.036175	-10.169464	1.484890
895	37.036175	-9.169464	1.484890
896	37.036175	-8.169464	1.484890
897	38.036175	-17.169464	1.495037
898	38.036175	-13.169464	1.506424
899	38.036175	-11.169464	1.484890
900	38.036175	-9.169464	1.484890
901	38.036175	-8.169464	1.484890
902	39.036175	-23.169464	1.495473
903	39.036175	-22.169464	1.495473
904	39.036175	-21.169464	1.512987
905	39.036175	-20.169464	1.512987
906	39.036175	-18.169464	1.514935
907	39.036175	-17.169464	1.495037
908	39.036175	-16.169464	1.495037
909	39.036175	-13.169464	1.506424
910	40.036175	-13.169464	1.506424
911	40.036175	-11.169464	1.510610
912	40.036175	-10.169464	1.510610
913	40.036175	-9.169464	1.510610
914	40.036175	-8.169464	1.510610
915	41.036175	-23.169464	1.532398
916	41.036175	-22.169464	1.532398
917	41.036175	-21.169464	1.532398
918	41.036175	-19.169464	1.510540
919	41.036175	-18.169464	1.510540
920	41.036175	-17.169464	1.510540
921	41.036175	-13.169464	1.506424
922	42.036175	-23.169464	1.532398
923	42.036175	-22.169464	1.532398
924	42.036175	-21.169464	1.532398
925	42.036175	-20.169464	1.532398
926	42.036175	-19.169464	1.510540
927	42.036175	-18.169464	1.510540
928	42.036175	-17.169464	1.510540
929	42.036175	-13.169464	1.506424
930	43.036175	-23.169464	1.532398
931	43.036175	-22.169464	1.532398
932	43.036175	-21.169464	1.532398
933	43.036175	-20.169464	1.532398
934	43.036175	-19.169464	1.510540
935	43.036175	-18.169464	1.510540
936	43.036175	-17.169464	1.510540
937	43.036175	-16.169464	1.510540
938	43.036175	-13.169464	1.506424
939	44.036175	-23.169464	1.532398
940	44.036175	-22.169464	1.532398
941	44.036175	-21.169464	1.532398
942	44.036175	-20.169464	1.532398
943	44.036175	-19.169464	1.510540
944	44.036175	-18.169464	1.510540
945	44.036175	-17.169464	1.510540
946	44.036175	-13.169464	1.506424
947	45.036175	-13.169464	1.506424
948	45.036175	-11.169464	1.514455
949	45.036175	-10.169464	1.514455
950	45.036175	-9.169464	1.514455
951	45.036175	-8.169464	1.514455
952	46.036175	-31.169464	1.515404
953	46.036175	-30.169464	1.515404
954	46.036175	-29.169464	1.515404
955	46.036175	-28.169464	1.515404
956	46.036175	-27.169464	1.515404
957	46.036175	-26.169464	1.515404
958	46.036175	-25.169464	1.515404
959	46.036175	-24.169464	1.515404
960	46.036175	-23.169464	1.515404
961	46.036175	-22.169464	1.515404
962	46.036175	-21.169464	1.515404
963	46.036175	-20.169464	1.515404
964	46.036175	-19.169464	1.515404
965	46.036175	-18.169464	1.515404
966	46.036175	-17.169464	1.515404
967	46.036175	-16.169464	1.515404
968	46.036175	-15.169464	1.515404
969	46.036175	-14.169464	1.515404
970	46.036175	-13.169464	1.506424
971	46.036175	-11.169464	1.514455
972	46.036175	-10.169464	1.514455
973	46.036175	-9.169464	1.514455
974	46.036175	-8.169464	1.514455
975	47.036175	-24.169464	1.509527
976	47.036175	-23.169464	1.509527
977	47.036175	-22.169464	1.509527
978	47.036175	-21.169464	1.502423
979	47.036175	-19.169464	1.525262
980	47.036175	-17.169464	1.511520
981	47.036175	-13.169464	1.506424
982	47.036175	-11.169464	1.514455
983	47.036175	-10.169464	1.514455
984	47.036175	-9.169464	1.514455
985	47.036175	-8.169464	1.514455
986	48.036175	-26.169464	1.509527
987	48.036175	-25.169464	1.509527
988	48.036175	-24.169464	1.509527
989	48.036175	-23.169464	1.509527
990	48.036175	-22.169464	1.509527
991	48.036175	-21.169464	1.502423
992	48.036175	-19.169464	1.525262
993	48.036175	-17.169464	1.511520
994	48.036175	-13.169464	1.506424
995	49.036175	-26.169464	1.509527
996	49.036175	-25.169464	1.509527
997	49.036175	-24.169464	1.509527
998	49.036175	-23.169464	1.509527
999	49.036175	-22.169464	1.509527
1000	49.036175	-21.169464	1.502423
1001	49.036175	-13.169464	1.506424
1002	50.036175	-26.169464	1.509527
1003	50.036175	-25.169464	1.509527
1004	50.036175	-24.169464	1.509527
1005	50.036175	-23.169464	1.509527
1006	50.036175	-22.169464	1.509527
1007	50.036175	-21.169464	1.502423
1008	50.036175	-19.169464	1.507072
1009	50.036175	-18.169464	1.507072
1010	50.036175	-13.169464	1.506424
1011	51.036175	-26.169464	1.509527
1012	51.036175	-25.169464	1.509527
1013	51.036175	-24.169464	1.509527
1014	51.036175	-23.169464	1.509527
1015	51.036175	-22.169464	1.509527
1016	51.036175	-21.169464	1.502423
1017	51.036175	-20.169464	1.507072
1018	51.036175	-19.169464	1.507072
1019	51.036175	-18.169464	1.507072
1020	51.036175	-13.169464	1.506424
1021	52.036175	-21.169464	1.502423
1022	52.036175	-19.169464	1.514732
1023	52.036175	-18.169464	1.514732
1024	52.036175	-13.169464	1.506424
1025	53.036175	-21.169464	1.502423
1026	53.036175	-19.169464	1.514732
1027	53.036175	-18.169464	1.514732
1028	53.036175	-16.169464	1.500990
1029	53.036175	-15.169464	1.500990
1030	53.036175	-13.169464	1.506424
1031	54.036175	-31.169464	1.507549
1032	54.036175	-30.169464	1.507549
1033	54.036175	-29.169464	1.507549
1034	54.036175	-27.169464	1.535726
1035	54.036175	-25.169464	1.535726
1036	54.036175	-24.169464	1.535726
1037	54.036175	-23.169464	1.535726
1038	54.036175	-22.169464	1.535726
1039	54.036175	-21.169464	1.502423
1040	54.036175	-19.169464	1.514732
1041	54.036175	-18.169464	1.514732
1042	54.036175	-16.169464	1.500990
1043	54.036175	-15.169464	1.500990
1044	54.036175	-13.169464	1.506424
1045	54.036175	-12.169464	1.521146
1046	54.036175	-11.169464	1.521146
1047	54.036175	-10.169464	1.521146
1048	55.036175	-31.169464	1.507549
1049	55.036175	-30.169464	1.507549
1050	55.036175	-29.169464	1.507549
1051	55.036175	-28.169464	1.507549
1052	55.036175	-27.169464	1.535726
1053	55.036175	-26.169464	1.535726
1054	55.036175	-25.169464	1.535726
1055	55.036175	-24.169464	1.535726
1056	55.036175	-23.169464	1.535726
1057	55.036175	-22.169464	1.535726
1058	55.036175	-21.169464	1.502423
1059	55.036175	-13.169464	1.506424
1060	55.036175	-12.169464	1.521146
1061	55.036175	-11.169464	1.521146
1062	55.036175	-10.169464	1.521146
1063	55.036175	-9.169464	1.521146
1064	55.036175	-8.169464	1.521146
1065	55.036175	-7.169464	1.521146
1066	55.036175	-6.169464	1.521146
1067	55.036175	-5.169464	1.521146
1068	55.036175	-4.169464	1.521146
1069	55.036175	-3.169464	1.521146
1070	56.036175	-31.169464	1.507549
1071	56.036175	-30.169464	1.507549
1072	56.036175	-29.169464	1.507549
1073	56.036175	-28.169464	1.507549
1074	56.036175	-27.169464	1.514488
1075	56.036175	-26.169464	1.514488
1076	56.036175	-25.169464	1.514488
1077	56.036175	-24.169464	1.514488
1078	56.036175	-23.169464	1.514488
1079	56.036175	-21.169464	1.502423
1080	56.036175	-19.169464	1.495060
1081	56.036175	-18.169464	1.495060
1082	56.036175	-16.169464	1.495064
1083	56.036175	-15.169464	1.495064
1084	56.036175	-13.169464	1.498259
1085	56.036175	-4.169464	1.509804
1086	56.036175	-3.169464	1.509804
1087	57.036175	-31.169464	1.507549
1088	57.036175	-30.169464	1.507549
1089	57.036175	-29.169464	1.507549
1090	57.036175	-28.169464	1.507549
1091	57.036175	-27.169464	1.514488
1092	57.036175	-26.169464	1.514488
1093	57.036175	-25.169464	1.514488
1094	57.036175	-24.169464	1.514488
1095	57.036175	-23.169464	1.514488
1096	57.036175	-21.169464	1.502423
1097	57.036175	-20.169464	1.495060
1098	57.036175	-19.169464	1.495060
1099	57.036175	-18.169464	1.495060
1100	57.036175	-16.169464	1.495064
1101	57.036175	-15.169464	1.495064
1102	57.036175	-14.169464	1.498259
1103	57.036175	-13.169464	1.498259
1104	57.036175	-11.169464	1.491517
1105	57.036175	-9.169464	1.491517
1106	57.036175	-8.169464	1.506887
1107	57.036175	-7.169464	1.506887
1108	57.036175	-6.169464	1.506887
1109	57.036175	-4.169464	1.509804
1110	57.036175	-3.169464	1.509804
1111	58.036175	-31.169464	1.507549
1112	58.036175	-30.169464	1.507549
1113	58.036175	-29.169464	1.507549
1114	58.036175	-28.169464	1.507549
1115	58.036175	-27.169464	1.514488
1116	58.036175	-26.169464	1.514488
1117	58.036175	-25.169464	1.514488
1118	58.036175	-24.169464	1.514488
1119	58.036175	-23.169464	1.514488
1120	58.036175	-21.169464	1.502423
1121	58.036175	-13.169464	1.498259
1122	58.036175	-11.169464	1.491517
1123	58.036175	-10.169464	1.491517
1124	58.036175	-9.169464	1.491517
1125	58.036175	-8.169464	1.506887
1126	58.036175	-7.169464	1.506887
1127	58.036175	-6.169464	1.506887
1128	58.036175	-4.169464	1.509804
1129	58.036175	-3.169464	1.509804
1130	59.036175	-31.169464	1.507549
1131	59.036175	-30.169464	1.507549
1132	59.036175	-29.169464	1.507549
1133	59.036175	-28.169464	1.507549
1134	59.036175	-27.169464	1.514488
1135	59.036175	-26.169464	1.514488
1136	59.036175	-25.169464	1.514488
1137	59.036175	-24.169464	1.514488
1138	59.036175	-23.169464	1.514488
1139	59.036175	-21.169464	1.502423
1140	59.036175	-16.169464	1.495009
1141	59.036175	-15.169464	1.495009
1142	59.036175	-13.169464	1.498259
1143	59.036175	-12.169464	1.498259
1144	59.036175	-8.169464	1.506887
1145	59.036175	-7.169464	1.506887
1146	59.036175	-6.169464	1.506887
1147	59.036175	-4.169464	1.509804
1148	59.036175	-3.169464	1.509804
1149	60.036175	-31.169464	1.507549
1150	60.036175	-30.169464	1.507549
1151	60.036175	-29.169464	1.507549
1152	60.036175	-28.169464	1.507549
1153	60.036175	-21.169464	1.502423
1154	60.036175	-16.169464	1.495009
1155	60.036175	-15.169464	1.495009
1156	60.036175	-13.169464	1.498259
1157	60.036175	-12.169464	1.498259
1158	60.036175	-11.169464	1.498259
1159	60.036175	-10.169464	1.498259
1160	60.036175	-7.169464	1.506887
1161	60.036175	-6.169464	1.506887
1162	60.036175	-5.169464	1.506887
1163	60.036175	-4.169464	1.509804
1164	60.036175	-3.169464	1.509804
1165	61.036175	-27.169464	1.486171
1166	61.036175	-26.169464	1.486171
1167	61.036175	-25.169464	1.486171
1168	61.036175	-24.169464	1.486171
1169	61.036175	-23.169464	1.486171
1170	61.036175	-22.169464	1.486171
1171	61.036175	-21.169464	1.502423
1172	61.036175	-13.169464	1.498259
1173	61.036175	-12.169464	1.498259
1174	61.036175	-11.169464	1.498259
1175	61.036175	-10.169464	1.498259
1176	61.036175	-8.169464	1.506887
1177	61.036175	-7.169464	1.506887
1178	61.036175	-6.169464	1.506887
1179	61.036175	-5.169464	1.506887
1180	61.036175	-4.169464	1.509804
1181	61.036175	-3.169464	1.509804
1182	61.036175	-2.169464	1.510994
1183	61.036175	-1.169464	1.510994
1184	61.036175	-0.169464	1.510994
1185	61.036175	0.830536	1.510994
1186	61.036175	1.830536	1.510994
1187	61.036175	2.830536	1.510994
1188	61.036175	3.830536	1.510994
1189	61.036175	4.830536	1.510994
1190	61.036175	5.830536	1.510994
1191	61.036175	6.830536	1.510994
1192	61.036175	7.830536	1.510994
1193	61.036175	8.830536	1.510994
1194	61.036175	9.830536	1.510994
1195	61.036175	10.830536	1.510994
1196	61.036175	11.830536	1.509477
1197	61.036175	12.830536	1.509477
1198	61.036175	13.830536	1.501307
1199	61.036175	14.830536	1.501307
1200	61.036175	15.830536	1.501307
1201	61.036175	16.830536	1.501307
1202	61.036175	17.830536	1.501307
1203	61.036175	18.830536	1.501307
1204	61.036175	19.830536	1.501307
1205	61.036175	20.830536	1.501307
1206	61.036175	21.830536	1.501307
1207	61.036175	22.830536	1.501307
1208	61.036175	23.830536	1.501307
1209	61.036175	24.830536	1.501307
1210	61.036175	25.830536	1.501307
1211	61.036175	26.830536	1.501307
1212	62.036175	-27.169464	1.486171
1213	62.036175	-26.169464	1.486171
1214	62.036175	-25.169464	1.486171
1215	62.036175	-24.169464	1.486171
1216	62.036175	-23.169464	1.486171
1217	62.036175	-22.169464	1.486171
1218	62.036175	-21.169464	1.502423
1219	62.036175	-13.169464	1.498259
1220	62.036175	-12.169464	1.498259
1221	62.036175	-11.169464	1.498259
1222	62.036175	-10.169464	1.498259
1223	62.036175	-8.169464	1.496497
1224	62.036175	-7.169464	1.496497
1225	62.036175	-6.169464	1.496497
1226	62.036175	-5.169464	1.496497
1227	62.036175	-4.169464	1.496497
1228	62.036175	-3.169464	1.496497
1229	62.036175	-1.169464	1.493121
1230	62.036175	-0.169464	1.493121
1231	62.036175	0.830536	1.493121
1232	62.036175	1.830536	1.493121
1233	62.036175	2.830536	1.493121
1234	62.036175	3.830536	1.493121
1235	62.036175	4.830536	1.493121
1236	62.036175	5.830536	1.493121
1237	62.036175	6.830536	1.493121
1238	62.036175	7.830536	1.493121
1239	62.036175	8.830536	1.493121
1240	62.036175	9.830536	1.493121
1241	62.036175	10.830536	1.493121
1242	62.036175	12.830536	1.509477
1243	62.036175	13.830536	1.501307
1244	62.036175	14.830536	1.501307
1245	62.036175	15.830536	1.501307
1246	62.036175	16.830536	1.501307
1247	62.036175	17.830536	1.501307
1248	62.036175	18.830536	1.501307
1249	62.036175	19.830536	1.501307
1250	62.036175	20.830536	1.501307
1251	62.036175	21.830536	1.501307
1252	62.036175	22.830536	1.501307
1253	62.036175	23.830536	1.501307
1254	62.036175	24.830536	1.501307
1255	62.036175	25.830536	1.501307
1256	62.036175	26.830536	1.501307
1257	63.036175	-27.169464	1.486171
1258	63.036175	-26.169464	1.486171
1259	63.036175	-25.169464	1.486171
1260	63.036175	-24.169464	1.486171
1261	63.036175	-23.169464	1.486171
1262	63.036175	-22.169464	1.486171
1263	63.036175	-21.169464	1.502423
1264	63.036175	-13.169464	1.498259
1265	63.036175	-12.169464	1.498259
1266	63.036175	-10.169464	1.498259
1267	63.036175	-8.169464	1.496497
1268	63.036175	-7.169464	1.496497
1269	63.036175	-6.169464	1.496497
1270	63.036175	-5.169464	1.496497
1271	63.036175	-4.169464	1.496497
1272	63.036175	-3.169464	1.496497
1273	63.036175	-1.169464	1.493121
1274	63.036175	-0.169464	1.493121
1275	63.036175	0.830536	1.493121
1276	63.036175	1.830536	1.493121
1277	63.036175	2.830536	1.493121
1278	63.036175	3.830536	1.493121
1279	63.036175	4.830536	1.493121
1280	63.036175	5.830536	1.493121
1281	63.036175	6.830536	1.493121
1282	63.036175	7.830536	1.493121
1283	63.036175	8.830536	1.493121
1284	63.036175	9.830536	1.493121
1285	63.036175	10.830536	1.493121
1286	63.036175	12.830536	1.509477
1287	63.036175	13.830536	1.501307
1288	63.036175	14.830536	1.501307
1289	63.036175	15.830536	1.501307
1290	63.036175	16.830536	1.501307
1291	63.036175	17.830536	1.501307
1292	63.036175	18.830536	1.501307
1293	63.036175	19.830536	1.501307
1294	63.036175	20.830536	1.501307
1295	63.036175	21.830536	1.501307
1296	63.036175	22.830536	1.501307
1297	63.036175	23.830536	1.501307
1298	63.036175	24.830536	1.501307
1299	63.036175	25.830536	1.501307
1300	63.036175	26.830536	1.501307
1301	64.036179	-27.169464	1.486171
1302	64.036179	-26.169464	1.486171
1303	64.036179	-25.169464	1.486171
1304	64.036179	-24.169464	1.486171
1305	64.036179	-23.169464	1.486171
1306	64.036179	-22.169464	1.486171
1307	64.036179	-21.169464	1.502423
1308	64.036179	-16.169464	1.513701
1309	64.036179	-15.169464	1.513701
1310	64.036179	-14.169464	1.498259
1311	64.036179	-13.169464	1.498259
1312	64.036179	-12.169464	1.498259
1313	64.036179	-10.169464	1.498259
1314	64.036179	-8.169464	1.496497
1315	64.036179	-7.169464	1.496497
1316	64.036179	-6.169464	1.496497
1317	64.036179	-5.169464	1.496497
1318	64.036179	-4.169464	1.496497
1319	64.036179	-3.169464	1.496497
1320	64.036179	-1.169464	1.493121
1321	64.036179	-0.169464	1.493121
1322	64.036179	0.830536	1.493121
1323	64.036179	1.830536	1.493121
1324	64.036179	2.830536	1.493121
1325	64.036179	3.830536	1.493121
1326	64.036179	4.830536	1.493121
1327	64.036179	5.830536	1.493121
1328	64.036179	6.830536	1.493121
1329	64.036179	7.830536	1.493121
1330	64.036179	8.830536	1.493121
1331	64.036179	9.830536	1.493121
1332	64.036179	10.830536	1.493121
1333	64.036179	12.830536	1.509477
1334	64.036179	13.830536	1.501307
1335	64.036179	14.830536	1.501307
1336	64.036179	15.830536	1.501307
1337	64.036179	16.830536	1.501307
1338	64.036179	17.830536	1.501307
1339	64.036179	18.830536	1.501307
1340	64.036179	19.830536	1.501307
1341	64.036179	20.830536	1.501307
1342	64.036179	21.830536	1.501307
1343	64.036179	22.830536	1.501307
1344	64.036179	23.830536	1.501307
1345	64.036179	24.830536	1.501307
1346	64.036179	25.830536	1.501307
1347	64.036179	26.830536	1.501307
1348	65.036179	-27.169464	1.486171
1349	65.036179	-26.169464	1.486171
1350	65.036179	-25.169464	1.486171
1351	65.036179	-24.169464	1.486171
1352	65.036179	-23.169464	1.486171
1353	65.036179	-22.169464	1.486171
1354	65.036179	-21.169464	1.502423
1355	65.036179	-16.169464	1.513701
1356	65.036179	-15.169464	1.513701
1357	65.036179	-13.169464	1.498259
1358	65.036179	-12.169464	1.498259
1359	65.036179	-10.169464	1.498259
1360	65.036179	-8.169464	1.496497
1361	65.036179	-7.169464	1.496497
1362	65.036179	-6.169464	1.496497
1363	65.036179	-5.169464	1.496497
1364	65.036179	-4.169464	1.496497
1365	65.036179	-3.169464	1.496497
1366	65.036179	-1.169464	1.493121
1367	65.036179	-0.169464	1.493121
1368	65.036179	0.830536	1.493121
1369	65.036179	1.830536	1.493121
1370	65.036179	2.830536	1.493121
1371	65.036179	3.830536	1.493121
1372	65.036179	4.830536	1.493121
1373	65.036179	5.830536	1.493121
1374	65.036179	6.830536	1.493121
1375	65.036179	7.830536	1.493121
1376	65.036179	8.830536	1.493121
1377	65.036179	9.830536	1.493121
1378	65.036179	10.830536	1.493121
1379	65.036179	12.830536	1.509477
1380	65.036179	13.830536	1.501307
1381	65.036179	14.830536	1.501307
1382	65.036179	15.830536	1.501307
1383	65.036179	16.830536	1.501307
1384	65.036179	17.830536	1.501307
1385	65.036179	18.830536	1.501307
1386	65.036179	19.830536	1.501307
1387	65.036179	20.830536	1.501307
1388	65.036179	21.830536	1.501307
1389	65.036179	22.830536	1.501307
1390	65.036179	23.830536	1.501307
1391	65.036179	24.830536	1.501307
1392	65.036179	25.830536	1.501307
1393	65.036179	26.830536	1.501307
1394	66.036179	-27.169464	1.486171
1395	66.036179	-25.169464	1.486171
1396	66.036179	-24.169464	1.486171
1397	66.036179	-23.169464	1.486171
1398	66.036179	-22.169464	1.486171
1399	66.036179	-21.169464	1.502423
1400	66.036179	-16.169464	1.513701
1401	66.036179	-15.169464	1.513701
1402	66.036179	-13.169464	1.498259
1403	66.036179	-12.169464	1.498259
1404	66.036179	-11.169464	1.498259
1405	66.036179	-10.169464	1.498259
1406	66.036179	-7.169464	1.496497
1407	66.036179	-6.169464	1.496497
1408	66.036179	-5.169464	1.496497
1409	66.036179	-4.169464	1.496497
1410	66.036179	-3.169464	1.496497
1411	66.036179	-1.169464	1.493121
1412	66.036179	-0.169464	1.493121
1413	66.036179	0.830536	1.493121
1414	66.036179	1.830536	1.493121
1415	66.036179	2.830536	1.493121
1416	66.036179	4.830536	1.493121
1417	66.036179	5.830536	1.493121
1418	66.036179	6.830536	1.493121
1419	66.036179	7.830536	1.493121
1420	66.036179	8.830536	1.493121
1421	66.036179	10.830536	1.493121
1422	66.036179	12.830536	1.509477
1423	66.036179	13.830536	1.501307
1424	66.036179	14.830536	1.501307
1425	66.036179	16.830536	1.501307
1426	66.036179	17.830536	1.501307
1427	66.036179	18.830536	1.501307
1428	66.036179	19.830536	1.501307
1429	66.036179	20.830536	1.501307
1430	66.036179	21.830536	1.501307
1431	66.036179	22.830536	1.501307
1432	66.036179	23.830536	1.501307
1433	66.036179	24.830536	1.501307
1434	66.036179	25.830536	1.501307
1435	66.036179	26.830536	1.501307
1436	67.036179	-21.169464	1.487152
1437	67.036179	-13.169464	1.498259
1438	67.036179	-12.169464	1.498259
1439	67.036179	-11.169464	1.498259
1440	67.036179	-7.169464	1.505473
1441	67.036179	12.830536	1.509477
1442	67.036179	13.830536	1.501307
1443	67.036179	14.830536	1.501307
1444	67.036179	15.830536	1.501307
1445	67.036179	16.830536	1.501307
1446	67.036179	17.830536	1.501307
1447	67.036179	18.830536	1.501307
1448	67.036179	19.830536	1.501307
1449	67.036179	20.830536	1.501307
1450	67.036179	21.830536	1.501307
1451	67.036179	22.830536	1.501307
1452	67.036179	23.830536	1.501307
1453	67.036179	24.830536	1.501307
1454	67.036179	25.830536	1.501307
1455	67.036179	26.830536	1.501307
1456	68.036179	-27.169464	1.487152
1457	68.036179	-26.169464	1.487152
1458	68.036179	-25.169464	1.487152
1459	68.036179	-24.169464	1.487152
1460	68.036179	-23.169464	1.487152
1461	68.036179	-22.169464	1.487152
1462	68.036179	-21.169464	1.487152
1463	68.036179	-20.169464	1.487152
1464	68.036179	-19.169464	1.487152
1465	68.036179	-18.169464	1.487152
1466	68.036179	-17.169464	1.487152
1467	68.036179	-16.169464	1.487152
1468	68.036179	-15.169464	1.487152
1469	68.036179	-14.169464	1.498259
1470	68.036179	-13.169464	1.498259
1471	68.036179	-12.169464	1.498259
1472	68.036179	-11.169464	1.498259
1473	68.036179	-10.169464	1.498259
1474	68.036179	-9.169464	1.505473
1475	68.036179	-8.169464	1.505473
1476	68.036179	-7.169464	1.505473
1477	68.036179	-6.169464	1.505473
1478	68.036179	-5.169464	1.505473
1479	68.036179	-4.169464	1.505473
1480	68.036179	-3.169464	1.505473
1481	68.036179	-2.169464	1.505473
1482	68.036179	-1.169464	1.505473
1483	68.036179	-0.169464	1.505473
1484	68.036179	0.830536	1.505473
1485	68.036179	1.830536	1.505473
1486	68.036179	2.830536	1.505473
1487	68.036179	3.830536	1.505473
1488	68.036179	4.830536	1.505473
1489	68.036179	5.830536	1.505473
1490	68.036179	6.830536	1.505473
1491	68.036179	7.830536	1.505473
1492	68.036179	8.830536	1.505473
1493	68.036179	9.830536	1.505473
1494	68.036179	10.830536	1.505473
1495	68.036179	11.830536	1.509477
1496	68.036179	12.830536	1.509477
1497	68.036179	13.830536	1.501307
1498	68.036179	14.830536	1.501307
1499	68.036179	15.830536	1.501307
1500	68.036179	16.830536	1.501307
1501	68.036179	17.830536	1.501307
1502	68.036179	18.830536	1.501307
1503	68.036179	19.830536	1.501307
1504	68.036179	20.830536	1.501307
1505	68.036179	21.830536	1.501307
1506	68.036179	22.830536	1.501307
1507	68.036179	23.830536	1.501307
1508	68.036179	24.830536	1.501307
1509	68.036179	25.830536	1.501307
1510	68.036179	26.830536	1.501307
1511	69.036179	-26.169464	1.489946
1512	69.036179	-25.169464	1.489946
1513	69.036179	-13.169464	1.498259
1514	69.036179	-12.169464	1.498259
1515	69.036179	-11.169464	1.498259
1516	69.036179	-9.169464	1.482425
1517	69.036179	-8.169464	1.482425
1518	69.036179	-7.169464	1.482425
1519	69.036179	-6.169464	1.482425
1520	69.036179	1.830536	1.503322
1521	69.036179	2.830536	1.503322
1522	69.036179	10.830536	1.519300
1523	69.036179	11.830536	1.519300
1524	69.036179	12.830536	1.519300
1525	69.036179	13.830536	1.501307
1526	69.036179	14.830536	1.501307
1527	69.036179	15.830536	1.501307
1528	69.036179	16.830536	1.501307
1529	69.036179	17.830536	1.501307
1530	69.036179	18.830536	1.501307
1531	69.036179	19.830536	1.501307
1532	69.036179	20.830536	1.501307
1533	69.036179	21.830536	1.501307
1534	69.036179	22.830536	1.501307
1535	69.036179	23.830536	1.501307
1536	69.036179	24.830536	1.501307
1537	69.036179	25.830536	1.501307
1538	69.036179	26.830536	1.501307
1539	70.036179	-26.169464	1.489946
1540	70.036179	-25.169464	1.489946
1541	70.036179	-13.169464	1.498259
1542	70.036179	-12.169464	1.498259
1543	70.036179	-11.169464	1.498259
1544	70.036179	-9.169464	1.482425
1545	70.036179	-8.169464	1.482425
1546	70.036179	-7.169464	1.482425
1547	70.036179	-6.169464	1.482425
1548	70.036179	1.830536	1.503322
1549	70.036179	2.830536	1.503322
1550	70.036179	10.830536	1.519300
1551	70.036179	11.830536	1.519300
1552	70.036179	13.830536	1.501307
1553	70.036179	14.830536	1.501307
1554	70.036179	16.830536	1.501307
1555	70.036179	17.830536	1.501307
1556	70.036179	18.830536	1.501307
1557	70.036179	19.830536	1.501307
1558	70.036179	20.830536	1.501307
1559	70.036179	21.830536	1.501307
1560	70.036179	22.830536	1.501307
1561	70.036179	23.830536	1.501307
1562	70.036179	24.830536	1.501307
1563	70.036179	25.830536	1.501307
1564	70.036179	26.830536	1.501307
1565	71.036179	-26.169464	1.489946
1566	71.036179	-25.169464	1.489946
1567	71.036179	-13.169464	1.498259
1568	71.036179	-12.169464	1.498259
1569	71.036179	-11.169464	1.498259
1570	71.036179	-9.169464	1.482425
1571	71.036179	-8.169464	1.482425
1572	71.036179	-7.169464	1.482425
1573	71.036179	-6.169464	1.482425
1574	71.036179	1.830536	1.503322
1575	71.036179	2.830536	1.503322
1576	71.036179	10.830536	1.519300
1577	71.036179	11.830536	1.519300
1578	71.036179	13.830536	1.501307
1579	71.036179	14.830536	1.501307
1580	71.036179	15.830536	1.501307
1581	71.036179	16.830536	1.501307
1582	71.036179	17.830536	1.501307
1583	71.036179	18.830536	1.501307
1584	71.036179	19.830536	1.501307
1585	71.036179	20.830536	1.501307
1586	71.036179	21.830536	1.501307
1587	71.036179	22.830536	1.501307
1588	71.036179	23.830536	1.501307
1589	71.036179	24.830536	1.501307
1590	71.036179	25.830536	1.501307
1591	71.036179	26.830536	1.501307
1592	42.036175	-11.169464	1.511039
1593	42.036175	-10.169464	1.511039
1594	42.036175	-9.169464	1.511039
1595	42.036175	-8.169464	1.511039
1596	43.036175	-11.169464	1.511039
1597	43.036175	-10.169464	1.511039
1598	43.036175	-9.169464	1.511039
1599	43.036175	-8.169464	1.511039
1600	44.036175	-11.169464	1.511039
1601	44.036175	-10.169464	1.511039
1602	44.036175	-9.169464	1.511039
