0	-5.835199	-31.977180	-0.936140
1	-5.835199	-30.977180	-0.936140
2	-5.835199	-28.977180	0.104170
3	-5.835199	-27.977180	0.104170
4	-5.835199	-26.977180	0.104170
5	-5.835199	-25.977180	0.104170
6	-5.835199	-24.977180	0.104170
7	-5.835199	-23.977180	0.104170
8	-5.835199	-22.977180	0.104170
9	-5.835199	-21.977180	0.104170
10	-5.835199	-20.977180	0.842957
11	-5.835199	-19.977180	0.842957
12	-5.835199	-18.977180	0.842957
13	-5.835199	-17.977180	0.842957
14	-5.835199	-16.977180	0.842957
15	-5.835199	-15.977180	0.884158
16	-5.835199	-14.977180	0.884158
17	-5.835199	-13.977180	0.884158
18	-5.835199	-12.977180	0.884158
19	-5.835199	-11.977180	0.884158
20	-4.835199	-31.977180	-0.936140
21	-4.835199	-30.977180	-0.936140
22	-4.835199	-28.977180	0.104170
23	-4.835199	-27.977180	0.104170
24	-4.835199	-26.977180	0.104170
25	-4.835199	-25.977180	0.104170
26	-4.835199	-24.977180	0.104170
27	-4.835199	-23.977180	0.104170
28	-4.835199	-22.977180	0.104170
29	-4.835199	-21.977180	0.104170
30	-4.835199	-20.977180	0.842957
31	-4.835199	-19.977180	0.842957
32	-4.835199	-18.977180	0.842957
33	-4.835199	-17.977180	0.842957
34	-4.835199	-16.977180	0.842957
35	-4.835199	-15.977180	0.884158
36	-4.835199	-14.977180	0.884158
37	-4.835199	-13.977180	0.884158
38	-4.835199	-12.977180	0.884158
39	-4.835199	-11.977180	0.884158
40	-3.835199	-31.977180	-0.936140
41	-3.835199	-30.977180	-0.936140
42	-3.835199	-28.977180	0.104170
43	-3.835199	-27.977180	0.104170
44	-3.835199	-26.977180	0.104170
45	-3.835199	-25.977180	0.104170
46	-3.835199	-24.977180	0.104170
47	-3.835199	-23.977180	0.104170
48	-3.835199	-22.977180	0.104170
49	-3.835199	-21.977180	0.104170
50	-3.835199	-20.977180	0.842957
51	-3.835199	-19.977180	0.842957
52	-3.835199	-18.977180	0.842957
53	-3.835199	-17.977180	0.842957
54	-3.835199	-16.977180	0.842957
55	-3.835199	-15.977180	0.884158
56	-3.835199	-14.977180	0.884158
57	-3.835199	-13.977180	0.884158
58	-3.835199	-12.977180	0.884158
59	-3.835199	-11.977180	0.884158
60	-2.835199	-32.977180	-0.936140
61	-2.835199	-31.977180	-0.936140
62	-2.835199	-30.977180	-0.936140
63	-2.835199	-28.977180	0.104170
64	-2.835199	-27.977180	0.104170
65	-2.835199	-26.977180	0.104170
66	-2.835199	-25.977180	0.104170
67	-2.835199	-24.977180	0.104170
68	-2.835199	-23.977180	0.104170
69	-2.835199	-22.977180	0.104170
70	-2.835199	-21.977180	0.104170
71	-2.835199	-20.977180	0.842957
72	-2.835199	-19.977180	0.842957
73	-2.835199	-18.977180	0.842957
74	-2.835199	-17.977180	0.842957
75	-2.835199	-16.977180	0.842957
76	-2.835199	-15.977180	0.884158
77	-2.835199	-14.977180	0.884158
78	-2.835199	-13.977180	0.884158
79	-2.835199	-12.977180	0.884158
80	-2.835199	-11.977180	0.884158
81	-1.835199	-32.977180	-0.936140
82	-1.835199	-31.977180	-0.936140
83	-1.835199	-30.977180	-0.936140
84	-1.835199	-28.977180	0.104170
85	-1.835199	-27.977180	0.104170
86	-1.835199	-26.977180	0.104170
87	-1.835199	-25.977180	0.104170
88	-1.835199	-24.977180	0.104170
89	-1.835199	-23.977180	0.104170
90	-1.835199	-22.977180	0.104170
91	-1.835199	-21.977180	0.104170
92	-1.835199	-20.977180	0.842957
93	-1.835199	-19.977180	0.842957
94	-1.835199	-18.977180	0.842957
95	-1.835199	-17.977180	0.842957
96	-1.835199	-16.977180	0.842957
97	-1.835199	-14.977180	0.884158
98	-1.835199	-11.977180	0.884158
99	-1.835199	-10.977180	0.873348
100	-1.835199	-9.977180	0.873348
101	-1.835199	-8.977180	0.873348
102	-0.835199	-32.977180	-0.936140
103	-0.835199	-31.977180	-0.936140
104	-0.835199	-30.977180	-0.936140
105	-0.835199	-29.977180	-0.839220
106	-0.835199	-28.977180	0.104170
107	-0.835199	-27.977180	0.104170
108	-0.835199	-26.977180	0.104170
109	-0.835199	-25.977180	0.104170
110	-0.835199	-24.977180	0.104170
111	-0.835199	-23.977180	0.104170
112	-0.835199	-22.977180	0.104170
113	-0.835199	-21.977180	0.104170
114	-0.835199	-20.977180	0.842957
115	-0.835199	-19.977180	0.842957
116	-0.835199	-18.977180	0.842957
117	-0.835199	-17.977180	0.842957
118	-0.835199	-16.977180	0.842957
119	-0.835199	-15.977180	0.842957
120	-0.835199	-14.977180	0.896542
121	-0.835199	-13.977180	0.896542
122	-0.835199	-12.977180	0.896542
123	-0.835199	-11.977180	0.896542
124	-0.835199	-10.977180	0.877440
125	-0.835199	-9.977180	0.877440
126	0.164801	-32.977180	-0.936140
127	0.164801	-31.977180	-0.936140
128	0.164801	-30.977180	-0.936140
129	0.164801	-28.977180	0.104170
130	0.164801	-27.977180	0.104170
131	0.164801	-26.977180	0.104170
132	0.164801	-25.977180	0.104170
133	0.164801	-24.977180	0.104170
134	0.164801	-23.977180	0.104170
135	0.164801	-22.977180	0.104170
136	0.164801	-21.977180	0.104170
137	0.164801	-20.977180	0.842957
138	0.164801	-19.977180	0.842957
139	0.164801	-18.977180	0.842957
140	0.164801	-17.977180	0.842957
141	0.164801	-16.977180	0.842957
142	0.164801	-15.977180	0.842957
143	0.164801	-14.977180	0.896542
144	0.164801	-13.977180	0.896542
145	0.164801	-12.977180	0.896542
146	0.164801	-11.977180	0.896542
147	0.164801	-10.977180	0.877440
148	0.164801	-9.977180	0.877440
149	1.164801	-32.977180	-0.936140
150	1.164801	-31.977180	-0.936140
151	1.164801	-30.977180	-0.936140
152	1.164801	-28.977180	0.104170
153	1.164801	-27.977180	0.104170
154	1.164801	-26.977180	0.104170
155	1.164801	-25.977180	0.104170
156	1.164801	-24.977180	0.104170
157	1.164801	-23.977180	0.104170
158	1.164801	-22.977180	0.104170
159	1.164801	-21.977180	0.104170
160	1.164801	-20.977180	0.842957
161	1.164801	-19.977180	0.842957
162	1.164801	-18.977180	0.842957
163	1.164801	-17.977180	0.842957
164	1.164801	-16.977180	0.842957
165	1.164801	-15.977180	0.842957
166	1.164801	-14.977180	0.896542
167	1.164801	-13.977180	0.896542
168	1.164801	-12.977180	0.896542
169	1.164801	-11.977180	0.896542
170	1.164801	-10.977180	0.877440
171	1.164801	-9.977180	0.877440
172	1.164801	-8.977180	0.877440
173	2.164801	-32.977180	-0.936140
174	2.164801	-31.977180	-0.936140
175	2.164801	-30.977180	-0.936140
176	2.164801	-28.977180	0.104170
177	2.164801	-27.977180	0.104170
178	2.164801	-26.977180	0.104170
179	2.164801	-25.977180	0.104170
180	2.164801	-24.977180	0.104170
181	2.164801	-23.977180	0.104170
182	2.164801	-22.977180	0.104170
183	2.164801	-21.977180	0.104170
184	2.164801	-20.977180	0.842957
185	2.164801	-19.977180	0.842957
186	2.164801	-18.977180	0.842957
187	2.164801	-17.977180	0.842957
188	2.164801	-16.977180	0.842957
189	2.164801	-15.977180	0.842957
190	2.164801	-14.977180	0.896542
191	2.164801	-13.977180	0.896542
192	2.164801	-12.977180	0.896542
193	2.164801	-11.977180	0.896542
194	2.164801	-10.977180	0.877440
195	2.164801	-9.977180	0.877440
196	2.164801	-8.977180	0.877440
197	3.164801	-32.977180	-0.936140
198	3.164801	-31.977180	-0.936140
199	3.164801	-30.977180	-0.936140
200	3.164801	-28.977180	0.104170
201	3.164801	-27.977180	0.104170
202	3.164801	-26.977180	0.104170
203	3.164801	-25.977180	0.104170
204	3.164801	-24.977180	0.104170
205	3.164801	-23.977180	0.104170
206	3.164801	-22.977180	0.104170
207	3.164801	-21.977180	0.104170
208	3.164801	-19.977180	0.842957
209	3.164801	-18.977180	0.842957
210	3.164801	-17.977180	0.842957
211	3.164801	-16.977180	0.842957
212	3.164801	-15.977180	0.842957
213	3.164801	-14.977180	0.896542
214	3.164801	-13.977180	0.896542
215	3.164801	-12.977180	0.896542
216	3.164801	-11.977180	0.896542
217	3.164801	-10.977180	0.877440
218	3.164801	-9.977180	0.877440
219	3.164801	-8.977180	0.877440
220	4.164801	-32.977180	-0.936140
221	4.164801	-31.977180	-0.936140
222	4.164801	-30.977180	-0.936140
223	4.164801	-28.977180	0.104170
224	4.164801	-27.977180	0.104170
225	4.164801	-26.977180	0.104170
226	4.164801	-25.977180	0.104170
227	4.164801	-24.977180	0.104170
228	4.164801	-23.977180	0.104170
229	4.164801	-22.977180	0.104170
230	4.164801	-21.977180	0.104170
231	4.164801	-20.977180	0.726728
232	4.164801	-19.977180	0.726728
233	4.164801	-18.977180	0.726728
234	4.164801	-17.977180	0.726728
235	4.164801	-16.977180	0.726728
236	4.164801	-15.977180	0.726728
237	4.164801	-14.977180	0.726728
238	4.164801	-13.977180	0.726728
239	4.164801	-12.977180	0.726728
240	4.164801	-11.977180	0.726728
241	4.164801	-10.977180	0.726728
242	4.164801	-9.977180	0.726728
243	5.164801	-31.977180	-0.936140
244	5.164801	-30.977180	-0.936140
245	5.164801	-28.977180	0.104170
246	5.164801	-27.977180	0.104170
247	5.164801	-26.977180	0.104170
248	5.164801	-25.977180	0.104170
249	5.164801	-24.977180	0.104170
250	5.164801	-23.977180	0.104170
251	5.164801	-22.977180	0.104170
252	5.164801	-21.977180	0.104170
253	5.164801	-20.977180	0.726728
254	5.164801	-19.977180	0.726728
255	5.164801	-18.977180	0.726728
256	5.164801	-17.977180	0.726728
257	5.164801	-16.977180	0.726728
258	5.164801	-15.977180	0.726728
259	5.164801	-14.977180	0.726728
260	5.164801	-13.977180	0.726728
261	5.164801	-12.977180	0.726728
262	5.164801	-11.977180	0.726728
263	5.164801	-10.977180	0.726728
264	5.164801	-9.977180	0.726728
265	5.164801	-8.977180	0.726728
266	-1.835199	-7.977180	0.864365
267	-1.835199	-6.977180	0.864365
268	-1.835199	-5.977180	1.785204
269	-1.835199	-4.977180	1.785204
270	-1.835199	-3.977180	1.785204
271	-1.835199	-2.977180	1.785204
272	-1.835199	-1.977180	1.785204
273	-0.835199	-6.977180	1.796731
274	-0.835199	-5.977180	1.796731
275	-0.835199	-4.977180	1.785204
276	-0.835199	-2.977180	1.779440
277	-0.835199	-1.977180	1.779440
278	-0.835199	-0.977180	1.779440
279	-0.835199	0.022820	1.779440
280	0.164801	-4.977180	1.219056
281	0.164801	-2.977180	1.779440
282	0.164801	-1.977180	1.779440
283	0.164801	-0.977180	1.779440
284	0.164801	0.022820	1.779440
285	1.164801	-6.977180	1.232869
286	1.164801	-5.977180	1.232869
287	1.164801	-4.977180	1.217935
288	1.164801	-2.977180	1.779440
289	1.164801	-1.977180	1.779440
290	1.164801	-0.977180	1.779440
291	1.164801	0.022820	1.779440
292	2.164801	-6.977180	1.232869
293	2.164801	-4.977180	1.221817
294	2.164801	-1.977180	1.779440
295	2.164801	-0.977180	1.779440
296	2.164801	0.022820	1.779440
297	3.164801	-6.977180	1.232869
298	3.164801	-4.977180	1.221817
299	3.164801	-2.977180	1.779440
300	3.164801	-1.977180	1.779440
301	3.164801	-0.977180	1.779440
302	3.164801	0.022820	1.779440
303	-5.835199	-9.977180	4.743580
304	-5.835199	-8.977180	4.743580
305	-5.835199	-6.977180	4.733950
306	-5.835199	-5.977180	4.733950
307	-5.835199	-4.977180	4.733950
308	-5.835199	-2.977180	4.716630
309	-5.835199	-1.977180	4.716630
310	-5.835199	-0.977180	4.716630
311	-4.835199	-9.977180	4.743580
312	-4.835199	-8.977180	4.743580
313	-4.835199	-6.977180	4.733950
314	-4.835199	-5.977180	4.733950
315	-4.835199	-4.977180	4.733950
316	-4.835199	-2.977180	4.716630
317	-4.835199	-1.977180	4.716630
318	-4.835199	-0.977180	4.716630
319	-3.835199	-9.977180	4.743580
320	-3.835199	-8.977180	4.743580
321	-3.835199	-5.977180	4.733950
322	-3.835199	-4.977180	4.733950
323	-3.835199	-2.977180	4.716630
324	-3.835199	-1.977180	4.716630
325	-3.835199	-0.977180	4.716630
326	-2.835199	-9.977180	4.742470
327	-1.835199	-10.977180	4.742470
328	-1.835199	-9.977180	4.742470
329	-1.835199	-7.977180	4.724490
330	-1.835199	-6.977180	4.724490
331	-1.835199	-5.977180	4.724490
332	-1.835199	-4.977180	4.724490
333	-1.835199	-3.977180	4.724490
334	-1.835199	-1.977180	4.706070
335	-0.835199	-6.977180	4.724490
336	-0.835199	-5.977180	4.724490
337	-0.835199	-4.977180	4.724490
338	-0.835199	-3.977180	4.724490
339	-0.835199	-1.977180	4.706860
340	-0.835199	-0.977180	4.706860
341	-0.835199	0.022820	4.706860
342	0.164801	-6.977180	4.724490
343	0.164801	-5.977180	4.724490
344	0.164801	-4.977180	4.724490
345	0.164801	-3.977180	4.724490
346	0.164801	-2.977180	4.706860
347	0.164801	-1.977180	4.706860
348	0.164801	-0.977180	4.706860
349	0.164801	0.022820	4.706860
350	1.164801	-2.977180	4.706860
351	1.164801	-1.977180	4.706860
352	1.164801	-0.977180	4.706860
353	1.164801	0.022820	4.706860
354	2.164801	-2.977180	4.706860
355	2.164801	-1.977180	4.706860
356	2.164801	-0.977180	4.706860
357	2.164801	0.022820	4.706860
358	3.164801	-3.977180	4.707440
359	3.164801	-1.977180	4.706860
360	3.164801	-0.977180	4.706860
361	3.164801	0.022820	4.706860
362	-1.835199	-8.977180	4.724490
363	-0.835199	-8.977180	4.724490
364	0.164801	-10.977180	4.726260
365	0.164801	-9.977180	4.726260
366	0.164801	-8.977180	4.726260
367	1.164801	-10.977180	4.726260
368	1.164801	-9.977180	4.726260
369	1.164801	-8.977180	4.726260
370	2.164801	-10.977180	4.726260
371	2.164801	-9.977180	4.726260
372	2.164801	-8.977180	4.726260
373	3.164801	-10.977180	4.726260
374	3.164801	-9.977180	4.726260
375	3.164801	-8.977180	4.726260
