0	-26.528044	-1.979953	-1.689070
1	-26.528044	-0.979953	-1.689070
2	-26.528044	0.020047	-1.636770
3	-26.528044	1.020047	-1.636770
4	-26.528044	2.020047	-1.636770
5	-26.528044	3.020047	-1.636770
6	-26.528044	4.020047	-1.636770
7	-25.528044	-2.979953	-1.689070
8	-25.528044	-1.979953	-1.689070
9	-25.528044	-0.979953	-1.689070
10	-25.528044	0.020047	-1.636770
11	-25.528044	1.020047	-1.636770
12	-25.528044	2.020047	-1.636770
13	-25.528044	3.020047	-1.636770
14	-25.528044	4.020047	-1.636770
15	-24.528044	-3.979953	-1.689070
16	-24.528044	-2.979953	-1.689070
17	-24.528044	-1.979953	-1.689070
18	-24.528044	-0.979953	-1.689070
19	-24.528044	0.020047	-1.636770
20	-24.528044	1.020047	-1.636770
21	-24.528044	2.020047	-1.636770
22	-24.528044	3.020047	-1.636770
23	-24.528044	4.020047	-1.636770
24	-23.528044	-3.979953	-1.689070
25	-23.528044	-2.979953	-1.689070
26	-23.528044	-1.979953	-1.689070
27	-23.528044	-0.979953	-1.689070
28	-23.528044	0.020047	-1.636770
29	-23.528044	1.020047	-1.636770
30	-23.528044	2.020047	-1.636770
31	-23.528044	3.020047	-1.636770
32	-23.528044	4.020047	-1.636770
33	-22.528044	-3.979953	-1.689070
34	-22.528044	-2.979953	-1.689070
35	-22.528044	-1.979953	-1.689070
36	-22.528044	-0.979953	-1.689070
37	-22.528044	1.020047	-1.636770
38	-22.528044	2.020047	-1.636770
39	-22.528044	3.020047	-1.636770
40	-22.528044	4.020047	-1.636770
41	-21.528044	-3.979953	-1.689070
42	-21.528044	-2.979953	-1.689070
43	-21.528044	-1.979953	-1.689070
44	-21.528044	-0.979953	-1.689070
45	-21.528044	0.020047	-1.636770
46	-21.528044	1.020047	-1.636770
47	-21.528044	2.020047	-1.636770
48	-21.528044	3.020047	-1.636770
49	-21.528044	4.020047	-1.636770
50	-20.528044	-3.979953	-1.689070
51	-20.528044	-2.979953	-1.689070
52	-20.528044	-1.979953	-1.689070
53	-20.528044	-0.979953	-1.689070
54	-20.528044	0.020047	-1.636770
55	-20.528044	1.020047	-1.636770
56	-20.528044	2.020047	-1.636770
57	-20.528044	3.020047	-1.636770
58	-20.528044	4.020047	-1.636770
59	-19.528044	-3.979953	-1.689070
60	-19.528044	-2.979953	-1.689070
61	-19.528044	-1.979953	-1.689070
62	-19.528044	-0.979953	-1.689070
63	-19.528044	0.020047	-1.636770
64	-19.528044	1.020047	-1.636770
65	-19.528044	2.020047	-1.636770
66	-19.528044	3.020047	-1.636770
67	-19.528044	4.020047	-1.636770
68	-18.528044	-3.979953	-1.588680
69	-18.528044	-2.979953	-1.588680
70	-18.528044	-1.979953	-1.588680
71	-18.528044	-0.979953	-1.588680
72	-18.528044	0.020047	-1.588680
73	-18.528044	1.020047	-1.636770
74	-18.528044	2.020047	-1.636770
75	-18.528044	3.020047	-1.636770
76	-17.528044	-3.979953	-1.588680
77	-17.528044	-2.979953	-1.588680
78	-17.528044	-1.979953	-1.588680
79	-17.528044	-0.979953	-1.588680
80	-17.528044	0.020047	-1.588680
81	-17.528044	1.020047	-1.611000
82	-17.528044	2.020047	-1.611000
83	-17.528044	3.020047	-1.611000
84	-16.528044	-3.979953	-1.588680
85	-16.528044	-2.979953	-1.588680
86	-16.528044	-1.979953	-1.588680
87	-16.528044	-0.979953	-1.588680
88	-16.528044	0.020047	-1.588680
89	-16.528044	1.020047	-1.611000
90	-16.528044	2.020047	-1.611000
91	-15.528044	-3.979953	-1.588680
92	-15.528044	-2.979953	-1.588680
93	-15.528044	-1.979953	-1.588680
94	-15.528044	-0.979953	-1.588680
95	-15.528044	0.020047	-1.588680
96	-15.528044	1.020047	-1.611000
97	-15.528044	2.020047	-1.611000
98	-14.528044	-3.979953	-1.588680
99	-14.528044	-2.979953	-1.588680
100	-14.528044	-1.979953	-1.588680
101	-14.528044	-0.979953	-1.588680
102	-14.528044	0.020047	-1.588680
103	-14.528044	1.020047	-1.611000
104	-14.528044	2.020047	-1.611000
105	-13.528044	-3.979953	-1.588680
106	-13.528044	-2.979953	-1.588680
107	-13.528044	-1.979953	-1.588680
108	-13.528044	-0.979953	-1.588680
109	-13.528044	0.020047	-1.588680
110	-13.528044	1.020047	-1.611000
111	-13.528044	2.020047	-1.611000
112	-12.528044	-3.979953	-1.588680
113	-12.528044	-2.979953	-1.588680
114	-12.528044	-1.979953	-1.588680
115	-12.528044	-0.979953	-1.588680
116	-12.528044	0.020047	-1.611000
117	-12.528044	1.020047	-1.611000
118	-12.528044	2.020047	-1.611000
119	-11.528044	-3.979953	-1.588680
120	-11.528044	-2.979953	-1.588680
121	-11.528044	-1.979953	-1.588680
122	-11.528044	-0.979953	-1.588680
123	-11.528044	0.020047	-1.611000
124	-11.528044	1.020047	-1.611000
125	-11.528044	2.020047	-1.611000
126	-10.528044	-3.979953	-1.451950
127	-10.528044	-2.979953	-1.451950
128	-10.528044	-1.979953	-1.451950
129	-10.528044	-0.979953	-1.451950
130	-10.528044	2.020047	-1.611000
131	-9.528044	-1.979953	-1.273030
132	-9.528044	-0.979953	-1.451950
133	-9.528044	2.020047	-1.611000
134	-8.528044	-3.979953	-1.273030
135	-8.528044	-2.979953	-1.273030
136	-8.528044	-1.979953	-1.273030
137	-8.528044	-0.979953	-1.451950
138	-8.528044	2.020047	-1.611000
139	-7.528044	-1.979953	-1.273030
140	-7.528044	2.020047	-1.611000
141	-6.528044	-3.979953	-1.273030
142	-6.528044	-2.979953	-1.273030
143	-6.528044	-1.979953	-1.273030
144	-6.528044	0.020047	-1.451950
145	-6.528044	1.020047	-2.178400
146	-6.528044	2.020047	-2.178400
147	-6.528044	3.020047	-2.178400
148	-6.528044	4.020047	-2.178400
149	-5.528044	-3.979953	-1.273030
150	-5.528044	-1.979953	-1.273030
151	-5.528044	-0.979953	-1.451950
152	-5.528044	0.020047	-1.451950
153	-5.528044	1.020047	-2.178400
154	-5.528044	2.020047	-2.178400
155	-5.528044	3.020047	-2.178400
156	-4.528044	-3.979953	-1.273030
157	-4.528044	-2.979953	-1.273030
158	-4.528044	-1.979953	-1.273030
159	-4.528044	0.020047	-2.178400
160	-4.528044	1.020047	-2.178400
161	-4.528044	2.020047	-2.178400
162	-4.528044	3.020047	-2.178400
163	-3.528044	-0.979953	-2.178400
164	-3.528044	0.020047	-2.178400
165	-3.528044	1.020047	-2.178400
166	-3.528044	2.020047	-2.178400
167	-3.528044	3.020047	-2.178400
168	-3.528044	4.020047	-2.178400
169	-2.528044	-0.979953	-2.178400
170	-2.528044	0.020047	-2.178400
171	-2.528044	1.020047	-2.178400
172	-2.528044	2.020047	-2.178400
173	-2.528044	3.020047	-2.178400
174	-2.528044	4.020047	-2.178400
175	-1.528044	-0.979953	-2.178400
176	-1.528044	0.020047	-2.178400
177	-1.528044	1.020047	-2.178400
178	-1.528044	2.020047	-2.178400
179	-1.528044	3.020047	-2.178400
180	-1.528044	4.020047	-2.178400
181	-0.528044	-1.979953	-1.763740
182	-0.528044	0.020047	-1.763740
183	-0.528044	1.020047	-2.178400
184	-0.528044	2.020047	-2.178400
185	-0.528044	3.020047	-2.178400
186	-0.528044	4.020047	-2.178400
187	0.471956	-3.979953	-1.694740
188	0.471956	-2.979953	-1.694740
189	0.471956	-1.979953	-1.763740
190	0.471956	-0.979953	-1.763740
191	0.471956	0.020047	-1.763740
192	0.471956	1.020047	-2.178400
193	0.471956	2.020047	-2.178400
194	0.471956	3.020047	-2.178400
195	0.471956	4.020047	-2.178400
196	1.471956	-1.979953	-1.763740
197	1.471956	-0.979953	-1.763740
198	1.471956	0.020047	-1.763740
199	1.471956	1.020047	-2.178400
200	1.471956	2.020047	-2.178400
201	1.471956	3.020047	-2.178400
202	2.471956	-3.979953	-1.694740
203	2.471956	-2.979953	-1.694740
204	2.471956	-1.979953	-1.763740
205	2.471956	-0.979953	-1.763740
206	2.471956	1.020047	-2.178400
207	2.471956	2.020047	-2.178400
208	2.471956	3.020047	-2.178400
209	2.471956	4.020047	-2.178400
210	3.471956	1.020047	-2.178400
211	3.471956	2.020047	-2.178400
212	3.471956	3.020047	-2.178400
213	3.471956	4.020047	-2.178400
214	4.471956	1.020047	-2.178400
215	4.471956	2.020047	-2.178400
216	4.471956	3.020047	-2.178400
217	5.471956	1.020047	-2.178400
218	5.471956	2.020047	-2.178400
219	5.471956	3.020047	-2.178400
220	6.471956	1.020047	-2.178400
221	6.471956	2.020047	-2.178400
222	6.471956	3.020047	-2.178400
223	-26.528044	0.020047	1.785793
224	-26.528044	1.020047	1.785793
225	-26.528044	2.020047	1.785793
226	-26.528044	3.020047	1.785793
227	-25.528044	-0.979953	1.785793
228	-25.528044	0.020047	1.785793
229	-25.528044	1.020047	1.785793
230	-25.528044	2.020047	1.785793
231	-25.528044	3.020047	1.785793
232	-25.528044	4.020047	1.785793
233	-24.528044	-0.979953	1.785793
234	-24.528044	0.020047	1.785793
235	-24.528044	1.020047	1.785793
236	-24.528044	2.020047	1.785793
237	-24.528044	3.020047	1.785793
238	-24.528044	4.020047	1.785793
239	-23.528044	-0.979953	1.785793
240	-23.528044	0.020047	1.785793
241	-23.528044	1.020047	1.785793
242	-23.528044	2.020047	1.785793
243	-23.528044	3.020047	1.785793
244	-23.528044	4.020047	1.785793
245	-22.528044	-0.979953	1.785793
246	-22.528044	0.020047	1.785793
247	-22.528044	1.020047	1.785793
248	-22.528044	2.020047	1.785793
249	-22.528044	3.020047	1.785793
250	-22.528044	4.020047	1.785793
251	-21.528044	-0.979953	1.785793
252	-21.528044	0.020047	1.785793
253	-21.528044	1.020047	1.785793
254	-21.528044	2.020047	1.785793
255	-21.528044	3.020047	1.785793
256	-21.528044	4.020047	1.785793
257	-20.528044	-0.979953	1.785793
258	-20.528044	0.020047	1.785793
259	-20.528044	1.020047	1.785793
260	-20.528044	2.020047	1.785793
261	-20.528044	3.020047	1.785793
262	-20.528044	4.020047	1.785793
263	-19.528044	0.020047	1.785793
264	-19.528044	3.020047	1.785793
265	-19.528044	4.020047	1.785793
266	-18.528044	-3.979953	1.839767
267	-18.528044	-2.979953	1.839767
268	-18.528044	-1.979953	1.839767
269	-18.528044	-0.979953	1.839767
270	-18.528044	0.020047	1.839767
271	-18.528044	1.020047	1.839767
272	-18.528044	2.020047	1.839767
273	-18.528044	3.020047	1.785793
274	-18.528044	4.020047	1.785793
275	-17.528044	-3.979953	1.839767
276	-17.528044	-2.979953	1.839767
277	-17.528044	-1.979953	1.839767
278	-17.528044	-0.979953	1.839767
279	-17.528044	0.020047	1.839767
280	-17.528044	1.020047	1.839767
281	-17.528044	2.020047	1.839767
282	-16.528044	-3.979953	1.839767
283	-16.528044	-2.979953	1.839767
284	-16.528044	-1.979953	1.839767
285	-16.528044	-0.979953	1.839767
286	-16.528044	0.020047	1.839767
287	-16.528044	1.020047	1.839767
288	-16.528044	2.020047	1.839767
289	-16.528044	3.020047	1.839767
290	-15.528044	-3.979953	1.839767
291	-15.528044	-2.979953	1.839767
292	-15.528044	-1.979953	1.839767
293	-15.528044	-0.979953	1.839767
294	-15.528044	0.020047	1.839767
295	-15.528044	1.020047	1.839767
296	-15.528044	2.020047	1.839767
297	-14.528044	-3.979953	1.839767
298	-14.528044	-2.979953	1.839767
299	-14.528044	-1.979953	1.839767
300	-14.528044	-0.979953	1.839767
301	-14.528044	0.020047	1.839767
302	-14.528044	1.020047	1.839767
303	-14.528044	2.020047	1.839767
304	-13.528044	-1.979953	1.826461
305	-13.528044	0.020047	1.851615
306	-13.528044	1.020047	1.851615
307	-13.528044	2.020047	1.851615
308	-13.528044	3.020047	1.851615
309	-12.528044	-3.979953	1.827565
310	-12.528044	-2.979953	1.827565
311	-12.528044	-1.979953	1.826461
312	-12.528044	0.020047	1.851615
313	-12.528044	1.020047	1.851615
314	-12.528044	2.020047	1.851615
315	-12.528044	3.020047	1.851615
316	-11.528044	-2.979953	1.827565
317	-11.528044	-1.979953	1.826461
318	-11.528044	-0.979953	1.826461
319	-11.528044	0.020047	1.851615
320	-11.528044	1.020047	1.851615
321	-11.528044	2.020047	1.851615
322	-11.528044	3.020047	1.851615
323	-10.528044	-2.979953	1.827565
324	-10.528044	-1.979953	1.826461
325	-9.528044	-1.979953	1.826461
326	-9.528044	-0.979953	1.826461
327	-8.528044	-1.979953	1.826461
328	-8.528044	-0.979953	1.826461
329	-7.528044	-1.979953	1.826461
330	-7.528044	-0.979953	1.826461
331	-6.528044	-1.979953	1.826461
332	-6.528044	-0.979953	1.826461
333	-5.528044	-1.979953	1.826461
334	-5.528044	-0.979953	1.826461
335	-4.528044	-1.979953	1.826461
336	-3.528044	-2.979953	1.507531
337	-3.528044	-1.979953	1.507531
338	-3.528044	-0.979953	1.507531
339	-2.528044	-2.979953	1.507531
340	-2.528044	-1.979953	1.507531
341	-2.528044	-0.979953	1.507531
342	-1.528044	-2.979953	1.507531
343	-1.528044	-1.979953	1.507531
344	-1.528044	-0.979953	1.507531
345	-0.528044	-2.979953	1.502802
346	0.471956	-2.979953	1.502802
347	1.471956	-2.979953	1.502802
348	3.471956	-2.979953	1.502802
349	4.471956	-2.979953	1.502802
350	5.471956	-2.979953	1.502802
351	-19.528044	-2.979953	5.234540
352	-19.528044	-1.979953	5.234540
353	-19.528044	1.020047	5.237240
354	-19.528044	2.020047	5.237240
355	-18.528044	-2.979953	5.234540
356	-18.528044	-1.979953	5.234540
357	-18.528044	-0.979953	5.234540
358	-18.528044	0.020047	5.237240
359	-18.528044	1.020047	5.237240
360	-18.528044	2.020047	5.237240
361	-18.528044	3.020047	5.237240
362	-17.528044	-2.979953	5.234540
363	-17.528044	-1.979953	5.234540
364	-17.528044	-0.979953	5.234540
365	-17.528044	1.020047	5.237240
366	-17.528044	2.020047	5.237240
367	-17.528044	3.020047	5.237240
368	-16.528044	-3.979953	5.234540
369	-16.528044	-2.979953	5.234540
370	-16.528044	-1.979953	5.234540
371	-16.528044	-0.979953	5.234540
372	-16.528044	0.020047	5.237240
373	-16.528044	1.020047	5.237240
374	-16.528044	2.020047	5.237240
375	-16.528044	3.020047	5.237240
376	-15.528044	-2.979953	5.234540
377	-15.528044	-1.979953	5.234540
378	-15.528044	-0.979953	5.234540
379	-15.528044	0.020047	5.237240
380	-15.528044	1.020047	5.237240
381	-15.528044	2.020047	5.237240
382	-15.528044	3.020047	5.237240
383	-14.528044	-3.979953	5.234540
384	-14.528044	-2.979953	5.234540
385	-14.528044	-1.979953	5.234540
386	-14.528044	-0.979953	5.234540
387	-14.528044	1.020047	5.237240
388	-14.528044	2.020047	5.237240
389	-14.528044	3.020047	5.237240
390	-13.528044	-2.979953	5.234540
391	-13.528044	-1.979953	5.234540
392	-13.528044	-0.979953	5.234540
393	-12.528044	-3.979953	5.234540
394	-12.528044	-2.979953	5.234540
395	-12.528044	-1.979953	5.234540
396	-12.528044	-0.979953	5.234540
397	-11.528044	-3.979953	5.234540
398	-11.528044	-2.979953	5.234540
399	-11.528044	-1.979953	5.234540
400	-11.528044	-0.979953	5.234540
401	-10.528044	-3.979953	5.234540
402	-10.528044	-2.979953	5.234540
403	-10.528044	-1.979953	5.234540
404	-9.528044	-1.979953	4.891850
405	-9.528044	-0.979953	4.912990
406	-9.528044	0.020047	4.912990
407	-9.528044	1.020047	4.912990
408	-9.528044	2.020047	4.912990
409	-9.528044	3.020047	4.912990
410	-8.528044	-2.979953	4.891850
411	-8.528044	-1.979953	4.891850
412	-8.528044	-0.979953	4.912990
413	-8.528044	0.020047	4.912990
414	-8.528044	1.020047	4.912990
415	-8.528044	2.020047	4.912990
416	-8.528044	3.020047	4.912990
417	-7.528044	-2.979953	4.891850
418	-7.528044	-1.979953	4.891850
419	-7.528044	-0.979953	4.912990
420	-7.528044	0.020047	4.912990
421	-7.528044	1.020047	4.912990
422	-7.528044	2.020047	4.912990
423	-7.528044	3.020047	4.912990
424	-6.528044	-2.979953	4.891850
425	-6.528044	-1.979953	4.891850
426	-5.528044	-2.979953	4.891850
427	-5.528044	-1.979953	4.891850
428	-4.528044	-1.979953	4.891850
429	-3.528044	-1.979953	4.891850
430	-2.528044	-2.979953	4.891850
431	-2.528044	-1.979953	4.891850
432	-1.528044	-2.979953	4.891850
433	-1.528044	-1.979953	4.891850
434	-0.528044	-3.979953	4.952140
435	-0.528044	-2.979953	4.952140
436	-0.528044	-1.979953	4.952140
437	-0.528044	-0.979953	4.952140
438	0.471956	-3.979953	4.952140
439	0.471956	-2.979953	4.952140
440	0.471956	-1.979953	4.952140
441	0.471956	-0.979953	4.952140
442	1.471956	-3.979953	4.952140
443	1.471956	-2.979953	4.952140
444	1.471956	-1.979953	4.952140
445	1.471956	-0.979953	4.952140
446	2.471956	-3.979953	4.952140
447	2.471956	-2.979953	4.952140
448	2.471956	-1.979953	4.952140
449	2.471956	-0.979953	4.952140
450	3.471956	-3.979953	4.952140
451	3.471956	-2.979953	4.952140
452	3.471956	-1.979953	4.952140
453	3.471956	-0.979953	4.952140
454	4.471956	-3.979953	4.952140
455	4.471956	-2.979953	4.952140
456	4.471956	-1.979953	4.952140
457	4.471956	-0.979953	4.952140
458	5.471956	-0.979953	4.952140
459	6.471956	-3.979953	4.893550
460	6.471956	-2.979953	4.893550
461	6.471956	-1.979953	4.893550
462	6.471956	-0.979953	4.893550
463	6.471956	0.020047	4.893550
464	7.471956	-3.979953	4.893550
465	7.471956	-2.979953	4.893550
466	7.471956	-1.979953	4.893550
467	7.471956	-0.979953	4.893550
468	7.471956	0.020047	4.893550
469	8.471956	-3.979953	4.893550
470	8.471956	-2.979953	4.893550
471	8.471956	-1.979953	4.893550
472	8.471956	-0.979953	4.893550
473	8.471956	0.020047	4.893550
474	-4.528044	-3.979953	1.502802
475	-3.528044	-3.979953	1.502802
476	-2.528044	-3.979953	1.502802
477	-1.528044	-3.979953	1.502802
478	-0.528044	-3.979953	1.502802
479	0.471956	-3.979953	1.502802
480	1.471956	-3.979953	1.502802
481	2.471956	-3.979953	1.502802
482	3.471956	-3.979953	1.502802
483	4.471956	-3.979953	1.502802
484	5.471956	-3.979953	1.502802
485	6.471956	-3.979953	1.491283
486	4.471956	-1.979953	1.502163
487	4.471956	-0.979953	1.502163
488	5.471956	-1.979953	1.502163
489	6.471956	-2.979953	1.491283
490	6.471956	-1.979953	1.491283
491	6.471956	-0.979953	1.491283
492	7.471956	-2.979953	1.491283
493	7.471956	-1.979953	1.491283
494	7.471956	-0.979953	1.491283
495	8.471956	-2.979953	1.491283
496	8.471956	-1.979953	1.491283
497	8.471956	-0.979953	1.491283
