0	-24.775486	-2.755566	1.482523
1	-24.775486	-1.755566	1.482523
2	-24.775486	-0.755566	1.482523
3	-24.775486	0.244434	1.482523
4	-23.775486	-4.755566	1.482523
5	-23.775486	-3.755566	1.482523
6	-23.775486	-2.755566	1.482523
7	-23.775486	-1.755566	1.482523
8	-23.775486	-0.755566	1.482523
9	-23.775486	0.244434	1.482523
10	-23.775486	1.244434	1.482523
11	-22.775486	-7.755566	1.482523
12	-22.775486	-6.755566	1.482523
13	-22.775486	-5.755566	1.482523
14	-22.775486	-4.755566	1.482523
15	-22.775486	-3.755566	1.482523
16	-22.775486	-2.755566	1.482523
17	-22.775486	-1.755566	1.482523
18	-22.775486	-0.755566	1.482523
19	-22.775486	0.244434	1.482523
20	-22.775486	1.244434	1.482523
21	-21.775486	-9.755566	1.482523
22	-21.775486	-8.755566	1.482523
23	-21.775486	-7.755566	1.482523
24	-21.775486	-6.755566	1.482523
25	-21.775486	-5.755566	1.482523
26	-21.775486	-4.755566	1.482523
27	-21.775486	-3.755566	1.482523
28	-21.775486	-2.755566	1.482523
29	-21.775486	-1.755566	1.482523
30	-21.775486	-0.755566	1.482523
31	-21.775486	0.244434	1.482523
32	-21.775486	1.244434	1.482523
33	-20.775486	-11.755566	1.482523
34	-20.775486	-10.755566	1.482523
35	-20.775486	-9.755566	1.482523
36	-20.775486	-8.755566	1.482523
37	-20.775486	-7.755566	1.482523
38	-20.775486	-6.755566	1.482523
39	-20.775486	-5.755566	1.482523
40	-20.775486	-4.755566	1.482523
41	-20.775486	-3.755566	1.482523
42	-20.775486	-2.755566	1.482523
43	-20.775486	-1.755566	1.482523
44	-20.775486	-0.755566	1.482523
45	-20.775486	0.244434	1.482523
46	-20.775486	1.244434	1.482523
47	-20.775486	2.244434	1.482523
48	-19.775486	-11.755566	1.482523
49	-19.775486	-10.755566	1.482523
50	-19.775486	-9.755566	1.482523
51	-19.775486	-8.755566	1.482523
52	-19.775486	-7.755566	1.482523
53	-19.775486	-6.755566	1.482523
54	-19.775486	-5.755566	1.482523
55	-19.775486	-4.755566	1.482523
56	-19.775486	-3.755566	1.482523
57	-19.775486	-2.755566	1.482523
58	-19.775486	-1.755566	1.482523
59	-19.775486	-0.755566	1.482523
60	-19.775486	0.244434	1.482523
61	-19.775486	1.244434	1.482523
62	-19.775486	2.244434	1.482523
63	-18.775486	-10.755566	1.482523
64	-18.775486	-9.755566	1.482523
65	-18.775486	-8.755566	1.482523
66	-18.775486	-7.755566	1.482523
67	-18.775486	-6.755566	1.482523
68	-18.775486	-5.755566	1.482523
69	-18.775486	-4.755566	1.482523
70	-18.775486	-3.755566	1.482523
71	-18.775486	-2.755566	1.482523
72	-18.775486	-1.755566	1.482523
73	-18.775486	-0.755566	1.482523
74	-18.775486	0.244434	1.482523
75	-18.775486	1.244434	1.482523
76	-18.775486	2.244434	1.482523
77	-18.775486	3.244434	1.482523
78	-17.775486	-11.755566	1.482523
79	-17.775486	-10.755566	1.482523
80	-17.775486	-9.755566	1.482523
81	-17.775486	-8.755566	1.482523
82	-17.775486	-7.755566	1.482523
83	-17.775486	-6.755566	1.482523
84	-17.775486	-5.755566	1.482523
85	-17.775486	-4.755566	1.482523
86	-17.775486	-3.755566	1.482523
87	-17.775486	-2.755566	1.482523
88	-17.775486	-1.755566	1.482523
89	-17.775486	-0.755566	1.482523
90	-17.775486	0.244434	1.482523
91	-17.775486	1.244434	1.482523
92	-17.775486	2.244434	1.482523
93	-17.775486	3.244434	1.482523
94	-16.775486	-11.755566	1.482523
95	-16.775486	-9.755566	1.482523
96	-16.775486	-8.755566	1.482523
97	-16.775486	-7.755566	1.482523
98	-16.775486	-6.755566	1.482523
99	-16.775486	-5.755566	1.482523
100	-16.775486	-4.755566	1.482523
101	-16.775486	-3.755566	1.482523
102	-16.775486	-2.755566	1.482523
103	-16.775486	-1.755566	1.482523
104	-16.775486	-0.755566	1.482523
105	-16.775486	0.244434	1.482523
106	-16.775486	1.244434	1.482523
107	-16.775486	2.244434	1.482523
108	-16.775486	3.244434	1.482523
109	-15.775486	-11.755566	1.482523
110	-15.775486	-10.755566	1.482523
111	-15.775486	-9.755566	1.482523
112	-15.775486	-8.755566	1.482523
113	-15.775486	-7.755566	1.482523
114	-15.775486	-6.755566	1.482523
115	-15.775486	-5.755566	1.482523
116	-15.775486	-4.755566	1.482523
117	-15.775486	-3.755566	1.482523
118	-15.775486	-2.755566	1.482523
119	-15.775486	-1.755566	1.482523
120	-15.775486	-0.755566	1.482523
121	-15.775486	0.244434	1.482523
122	-15.775486	2.244434	1.482523
123	-15.775486	3.244434	1.482523
124	-15.775486	4.244434	1.482523
125	-14.775486	-11.755566	1.482523
126	-14.775486	-10.755566	1.482523
127	-14.775486	-8.755566	1.482523
128	-14.775486	-7.755566	1.482523
129	-14.775486	-6.755566	1.482523
130	-14.775486	-5.755566	1.482523
131	-14.775486	-4.755566	1.482523
132	-14.775486	-3.755566	1.482523
133	-14.775486	-2.755566	1.482523
134	-14.775486	0.244434	1.482523
135	-14.775486	1.244434	1.482523
136	-14.775486	2.244434	1.482523
137	-14.775486	3.244434	1.482523
138	-14.775486	4.244434	1.482523
139	-13.775486	-11.755566	1.482523
140	-13.775486	-10.755566	1.482523
141	-13.775486	-9.755566	1.482523
142	-13.775486	-8.755566	1.482523
143	-13.775486	-7.755566	1.482523
144	-13.775486	-6.755566	1.482523
145	-13.775486	-5.755566	1.482523
146	-13.775486	-4.755566	1.482523
147	-13.775486	-3.755566	1.482523
148	-13.775486	-2.755566	1.482523
149	-13.775486	-1.755566	1.482523
150	-13.775486	-0.755566	1.482523
151	-13.775486	0.244434	1.482523
152	-13.775486	1.244434	1.482523
153	-13.775486	2.244434	1.482523
154	-13.775486	3.244434	1.482523
155	-13.775486	4.244434	1.482523
156	-13.775486	5.244434	1.482523
157	-12.775486	-11.755566	1.482523
158	-12.775486	-10.755566	1.482523
159	-12.775486	-9.755566	1.482523
160	-12.775486	-8.755566	1.482523
161	-12.775486	-7.755566	1.482523
162	-12.775486	-6.755566	1.482523
163	-12.775486	-5.755566	1.482523
164	-12.775486	-4.755566	1.482523
165	-12.775486	-3.755566	1.482523
166	-12.775486	-2.755566	1.482523
167	-12.775486	-1.755566	1.482523
168	-12.775486	-0.755566	1.482523
169	-12.775486	0.244434	1.482523
170	-12.775486	1.244434	1.482523
171	-12.775486	2.244434	1.482523
172	-12.775486	3.244434	1.482523
173	-12.775486	4.244434	1.482523
174	-12.775486	5.244434	1.482523
175	-11.775486	-11.755566	1.482523
176	-11.775486	-10.755566	1.482523
177	-11.775486	-9.755566	1.482523
178	-11.775486	-8.755566	1.482523
179	-11.775486	-7.755566	1.482523
180	-11.775486	-6.755566	1.482523
181	-11.775486	-5.755566	1.482523
182	-11.775486	-4.755566	1.482523
183	-11.775486	-3.755566	1.482523
184	-11.775486	-2.755566	1.482523
185	-11.775486	-1.755566	1.482523
186	-11.775486	-0.755566	1.482523
187	-11.775486	0.244434	1.482523
188	-11.775486	1.244434	1.482523
189	-11.775486	2.244434	1.482523
190	-11.775486	3.244434	1.482523
191	-11.775486	4.244434	1.482523
192	-11.775486	5.244434	1.482523
193	-10.775486	-11.755566	-0.104510
194	-10.775486	-10.755566	-0.104510
195	-10.775486	-8.755566	-0.104510
196	-10.775486	-7.755566	-0.104510
197	-10.775486	-6.755566	-0.104510
198	-10.775486	-5.755566	1.482523
199	-10.775486	-4.755566	1.482523
200	-10.775486	-3.755566	1.482523
201	-10.775486	-2.755566	1.482523
202	-10.775486	-1.755566	1.482523
203	-10.775486	-0.755566	1.482523
204	-10.775486	0.244434	1.482523
205	-10.775486	1.244434	1.482523
206	-10.775486	2.244434	1.482523
207	-10.775486	3.244434	1.482523
208	-10.775486	4.244434	1.482523
209	-10.775486	5.244434	1.482523
210	-10.775486	6.244434	1.482523
211	-9.775486	-11.755566	-0.104510
212	-9.775486	-10.755566	-0.104510
213	-9.775486	-9.755566	-0.104510
214	-9.775486	-8.755566	-0.104510
215	-9.775486	-5.755566	1.482523
216	-9.775486	-4.755566	1.482523
217	-9.775486	-3.755566	1.482523
218	-9.775486	-2.755566	1.482523
219	-9.775486	-1.755566	1.482523
220	-9.775486	1.244434	1.482523
221	-9.775486	2.244434	1.482523
222	-9.775486	3.244434	1.482523
223	-9.775486	4.244434	1.482523
224	-9.775486	5.244434	1.482523
225	-9.775486	6.244434	1.482523
226	-9.775486	7.244434	1.482523
227	-8.775486	-11.755566	-0.104510
228	-8.775486	-10.755566	-0.104510
229	-8.775486	-9.755566	-0.104510
230	-8.775486	-8.755566	-0.104510
231	-8.775486	-5.755566	1.482523
232	-8.775486	-4.755566	1.482523
233	-8.775486	-3.755566	1.482523
234	-8.775486	-2.755566	1.482523
235	-8.775486	-1.755566	1.482523
236	-8.775486	-0.755566	1.482523
237	-8.775486	0.244434	1.482523
238	-8.775486	1.244434	1.482523
239	-8.775486	2.244434	1.482523
240	-8.775486	3.244434	1.482523
241	-8.775486	4.244434	1.482523
242	-8.775486	5.244434	1.482523
243	-8.775486	6.244434	1.482523
244	-8.775486	7.244434	1.482523
245	-7.775486	-11.755566	-0.104510
246	-7.775486	-10.755566	-0.104510
247	-7.775486	-9.755566	-0.104510
248	-7.775486	-8.755566	-0.104510
249	-7.775486	-7.755566	-0.104510
250	-7.775486	-5.755566	1.482523
251	-7.775486	-4.755566	1.482523
252	-7.775486	-3.755566	1.482523
253	-7.775486	-2.755566	1.482523
254	-7.775486	-1.755566	1.482523
255	-7.775486	-0.755566	1.482523
256	-7.775486	0.244434	1.482523
257	-7.775486	1.244434	1.482523
258	-7.775486	2.244434	1.482523
259	-7.775486	3.244434	1.482523
260	-7.775486	4.244434	1.482523
261	-7.775486	5.244434	1.482523
262	-7.775486	6.244434	1.482523
263	-7.775486	7.244434	1.482523
264	-6.775486	-39.755566	1.525853
265	-6.775486	-38.755566	1.525853
266	-6.775486	-37.755566	1.525853
267	-6.775486	-36.755566	1.525853
268	-6.775486	-35.755566	1.525853
269	-6.775486	-34.755566	1.525853
270	-6.775486	-33.755566	1.525853
271	-6.775486	-32.755566	1.525853
272	-6.775486	-31.755566	1.525853
273	-6.775486	-30.755566	1.525853
274	-6.775486	-29.755566	1.525853
275	-6.775486	-28.755566	1.525853
276	-6.775486	-27.755566	1.525853
277	-6.775486	-26.755566	1.525853
278	-6.775486	-25.755566	1.525853
279	-6.775486	-24.755566	1.525853
280	-6.775486	-23.755566	1.525853
281	-6.775486	-22.755566	1.525853
282	-6.775486	-21.755566	1.525853
283	-6.775486	-20.755566	1.525853
284	-6.775486	-19.755566	1.525853
285	-6.775486	-18.755566	1.525853
286	-6.775486	-17.755566	1.525853
287	-6.775486	-16.755566	1.525853
288	-6.775486	-15.755566	1.525853
289	-6.775486	-14.755566	1.525853
290	-6.775486	-13.755566	1.525853
291	-6.775486	-12.755566	1.525853
292	-6.775486	-11.755566	-0.104510
293	-6.775486	-10.755566	-0.104510
294	-6.775486	-9.755566	-0.104510
295	-6.775486	-8.755566	-0.104510
296	-6.775486	-5.755566	1.482523
297	-6.775486	-4.755566	1.482523
298	-6.775486	-3.755566	1.482523
299	-6.775486	-2.755566	1.482523
300	-6.775486	-1.755566	1.482523
301	-6.775486	-0.755566	1.482523
302	-6.775486	0.244434	1.482523
303	-6.775486	1.244434	1.482523
304	-6.775486	2.244434	1.482523
305	-6.775486	3.244434	1.482523
306	-6.775486	4.244434	1.482523
307	-6.775486	5.244434	1.482523
308	-6.775486	6.244434	1.482523
309	-6.775486	7.244434	1.482523
310	-6.775486	8.244434	1.482523
311	-5.775486	-39.755566	1.525853
312	-5.775486	-38.755566	1.525853
313	-5.775486	-37.755566	1.525853
314	-5.775486	-36.755566	1.525853
315	-5.775486	-35.755566	1.525853
316	-5.775486	-34.755566	1.525853
317	-5.775486	-33.755566	1.525853
318	-5.775486	-32.755566	1.525853
319	-5.775486	-31.755566	1.525853
320	-5.775486	-30.755566	1.525853
321	-5.775486	-29.755566	1.525853
322	-5.775486	-28.755566	1.525853
323	-5.775486	-27.755566	1.525853
324	-5.775486	-26.755566	1.525853
325	-5.775486	-25.755566	1.525853
326	-5.775486	-24.755566	1.525853
327	-5.775486	-23.755566	1.525853
328	-5.775486	-22.755566	1.525853
329	-5.775486	-21.755566	1.525853
330	-5.775486	-20.755566	1.525853
331	-5.775486	-19.755566	1.525853
332	-5.775486	-18.755566	1.525853
333	-5.775486	-17.755566	1.525853
334	-5.775486	-16.755566	1.525853
335	-5.775486	-15.755566	1.525853
336	-5.775486	-14.755566	1.525853
337	-5.775486	-13.755566	1.525853
338	-5.775486	-12.755566	1.525853
339	-5.775486	-11.755566	-0.104510
340	-5.775486	-10.755566	-0.104510
341	-5.775486	-5.755566	1.525853
342	-5.775486	-4.755566	1.525853
343	-5.775486	-3.755566	1.482523
344	-5.775486	-2.755566	1.482523
345	-5.775486	-1.755566	1.482523
346	-5.775486	-0.755566	1.482523
347	-5.775486	0.244434	1.482523
348	-5.775486	1.244434	1.482523
349	-5.775486	2.244434	1.482523
350	-5.775486	3.244434	1.482523
351	-5.775486	4.244434	1.482523
352	-5.775486	5.244434	1.482523
353	-5.775486	6.244434	1.482523
354	-5.775486	7.244434	1.482523
355	-5.775486	8.244434	1.482523
356	-4.775486	-39.755566	1.525853
357	-4.775486	-38.755566	1.525853
358	-4.775486	-37.755566	1.525853
359	-4.775486	-36.755566	1.525853
360	-4.775486	-35.755566	1.525853
361	-4.775486	-34.755566	1.525853
362	-4.775486	-33.755566	1.525853
363	-4.775486	-32.755566	1.525853
364	-4.775486	-31.755566	1.525853
365	-4.775486	-30.755566	1.525853
366	-4.775486	-29.755566	1.525853
367	-4.775486	-28.755566	1.525853
368	-4.775486	-27.755566	1.525853
369	-4.775486	-26.755566	1.525853
370	-4.775486	-25.755566	1.525853
371	-4.775486	-24.755566	1.525853
372	-4.775486	-23.755566	1.525853
373	-4.775486	-22.755566	1.525853
374	-4.775486	-21.755566	1.525853
375	-4.775486	-20.755566	1.525853
376	-4.775486	-19.755566	1.525853
377	-4.775486	-18.755566	1.525853
378	-4.775486	-17.755566	1.525853
379	-4.775486	-16.755566	1.525853
380	-4.775486	-15.755566	1.525853
381	-4.775486	-14.755566	1.525853
382	-4.775486	-13.755566	1.559795
383	-4.775486	-11.755566	1.559795
384	-4.775486	-9.755566	1.525853
385	-4.775486	-8.755566	1.525853
386	-4.775486	-7.755566	1.525853
387	-4.775486	-6.755566	1.525853
388	-4.775486	-5.755566	1.525853
389	-4.775486	-4.755566	1.525853
390	-4.775486	-3.755566	1.482523
391	-4.775486	-2.755566	1.482523
392	-4.775486	-1.755566	1.482523
393	-4.775486	-0.755566	1.482523
394	-4.775486	0.244434	1.482523
395	-4.775486	3.244434	1.482523
396	-4.775486	4.244434	1.482523
397	-4.775486	5.244434	1.482523
398	-4.775486	6.244434	1.482523
399	-4.775486	7.244434	1.482523
400	-4.775486	8.244434	1.482523
401	-4.775486	9.244434	1.482523
402	-3.775486	-39.755566	1.525853
403	-3.775486	-38.755566	1.525853
404	-3.775486	-37.755566	1.525853
405	-3.775486	-36.755566	1.525853
406	-3.775486	-35.755566	1.525853
407	-3.775486	-34.755566	1.525853
408	-3.775486	-33.755566	1.525853
409	-3.775486	-32.755566	1.525853
410	-3.775486	-31.755566	1.525853
411	-3.775486	-30.755566	1.525853
412	-3.775486	-29.755566	1.525853
413	-3.775486	-28.755566	1.525853
414	-3.775486	-27.755566	1.525853
415	-3.775486	-25.755566	1.525853
416	-3.775486	-24.755566	1.525853
417	-3.775486	-23.755566	1.525853
418	-3.775486	-22.755566	1.525853
419	-3.775486	-21.755566	1.525853
420	-3.775486	-20.755566	1.525853
421	-3.775486	-19.755566	1.525853
422	-3.775486	-18.755566	1.525853
423	-3.775486	-17.755566	1.525853
424	-3.775486	-16.755566	1.525853
425	-3.775486	-15.755566	1.525853
426	-3.775486	-14.755566	1.525853
427	-3.775486	-12.755566	1.559795
428	-3.775486	-11.755566	1.559795
429	-3.775486	-10.755566	1.559795
430	-3.775486	-9.755566	1.525853
431	-3.775486	-8.755566	1.525853
432	-3.775486	-7.755566	1.525853
433	-3.775486	-6.755566	1.525853
434	-3.775486	-5.755566	1.525853
435	-3.775486	-4.755566	1.525853
436	-3.775486	-3.755566	1.482523
437	-3.775486	-2.755566	1.482523
438	-3.775486	-1.755566	1.482523
439	-3.775486	-0.755566	1.482523
440	-3.775486	0.244434	1.482523
441	-3.775486	1.244434	1.482523
442	-3.775486	2.244434	1.482523
443	-3.775486	3.244434	1.482523
444	-3.775486	4.244434	1.482523
445	-3.775486	5.244434	1.482523
446	-3.775486	6.244434	1.482523
447	-3.775486	7.244434	1.482523
448	-3.775486	8.244434	1.482523
449	-3.775486	9.244434	1.482523
450	-2.775486	-47.755566	1.622289
451	-2.775486	-46.755566	1.622289
452	-2.775486	-45.755566	1.622289
453	-2.775486	-44.755566	1.622289
454	-2.775486	-43.755566	1.622289
455	-2.775486	-42.755566	1.622289
456	-2.775486	-41.755566	1.622289
457	-2.775486	-39.755566	1.525853
458	-2.775486	-38.755566	1.525853
459	-2.775486	-37.755566	1.525853
460	-2.775486	-36.755566	1.525853
461	-2.775486	-35.755566	1.525853
462	-2.775486	-34.755566	1.525853
463	-2.775486	-33.755566	1.525853
464	-2.775486	-32.755566	1.525853
465	-2.775486	-31.755566	1.525853
466	-2.775486	-30.755566	1.525853
467	-2.775486	-29.755566	1.525853
468	-2.775486	-27.755566	1.525853
469	-2.775486	-26.755566	1.525853
470	-2.775486	-25.755566	1.525853
471	-2.775486	-24.755566	1.525853
472	-2.775486	-23.755566	1.525853
473	-2.775486	-22.755566	1.525853
474	-2.775486	-21.755566	1.525853
475	-2.775486	-20.755566	1.525853
476	-2.775486	-19.755566	1.525853
477	-2.775486	-18.755566	1.525853
478	-2.775486	-17.755566	1.525853
479	-2.775486	-16.755566	1.525853
480	-2.775486	-15.755566	1.525853
481	-2.775486	-14.755566	1.525853
482	-2.775486	-13.755566	1.559795
483	-2.775486	-12.755566	1.559795
484	-2.775486	-11.755566	1.559795
485	-2.775486	-10.755566	1.559795
486	-2.775486	-9.755566	1.525853
487	-2.775486	-8.755566	1.525853
488	-2.775486	-7.755566	1.525853
489	-2.775486	-6.755566	1.525853
490	-2.775486	-5.755566	1.525853
491	-2.775486	-3.755566	1.482523
492	-2.775486	-2.755566	1.482523
493	-2.775486	-1.755566	1.482523
494	-2.775486	-0.755566	1.482523
495	-2.775486	0.244434	1.482523
496	-2.775486	1.244434	1.482523
497	-2.775486	2.244434	1.482523
498	-2.775486	3.244434	1.482523
499	-2.775486	4.244434	1.482523
500	-2.775486	5.244434	1.482523
501	-2.775486	6.244434	1.482523
502	-2.775486	7.244434	1.482523
503	-2.775486	8.244434	1.482523
504	-2.775486	9.244434	1.482523
505	-1.775486	-47.755566	1.622289
506	-1.775486	-46.755566	1.622289
507	-1.775486	-45.755566	1.622289
508	-1.775486	-44.755566	1.622289
509	-1.775486	-43.755566	1.622289
510	-1.775486	-42.755566	1.622289
511	-1.775486	-41.755566	1.622289
512	-1.775486	-39.755566	1.525853
513	-1.775486	-38.755566	1.525853
514	-1.775486	-37.755566	1.525853
515	-1.775486	-36.755566	1.525853
516	-1.775486	-35.755566	1.525853
517	-1.775486	-34.755566	1.525853
518	-1.775486	-33.755566	1.525853
519	-1.775486	-32.755566	1.525853
520	-1.775486	-31.755566	1.525853
521	-1.775486	-30.755566	1.525853
522	-1.775486	-29.755566	1.525853
523	-1.775486	-28.755566	1.525853
524	-1.775486	-27.755566	1.525853
525	-1.775486	-26.755566	1.525853
526	-1.775486	-25.755566	1.525853
527	-1.775486	-24.755566	1.525853
528	-1.775486	-23.755566	1.525853
529	-1.775486	-21.755566	1.525853
530	-1.775486	-20.755566	1.525853
531	-1.775486	-19.755566	1.525853
532	-1.775486	-18.755566	1.525853
533	-1.775486	-17.755566	1.525853
534	-1.775486	-16.755566	1.525853
535	-1.775486	-15.755566	1.525853
536	-1.775486	-14.755566	1.525853
537	-1.775486	-13.755566	1.525853
538	-1.775486	-12.755566	1.525853
539	-1.775486	-11.755566	1.525853
540	-1.775486	-10.755566	1.525853
541	-1.775486	-9.755566	1.525853
542	-1.775486	-8.755566	1.525853
543	-1.775486	-7.755566	1.525853
544	-1.775486	-3.755566	1.478246
545	-1.775486	-2.755566	1.478246
546	-1.775486	-1.755566	1.482523
547	-1.775486	-0.755566	1.482523
548	-1.775486	0.244434	1.482523
549	-1.775486	1.244434	1.482523
550	-1.775486	2.244434	1.482523
551	-1.775486	3.244434	1.482523
552	-1.775486	4.244434	1.482523
553	-1.775486	5.244434	1.482523
554	-1.775486	6.244434	1.482523
555	-1.775486	7.244434	1.482523
556	-1.775486	8.244434	1.482523
557	-1.775486	9.244434	1.482523
558	-1.775486	10.244434	1.482523
559	-0.775486	-47.755566	1.622289
560	-0.775486	-46.755566	1.622289
561	-0.775486	-45.755566	1.622289
562	-0.775486	-44.755566	1.622289
563	-0.775486	-43.755566	1.622289
564	-0.775486	-42.755566	1.622289
565	-0.775486	-41.755566	1.622289
566	-0.775486	-39.755566	1.525853
567	-0.775486	-38.755566	1.525853
568	-0.775486	-37.755566	1.525853
569	-0.775486	-36.755566	1.525853
570	-0.775486	-35.755566	1.525853
571	-0.775486	-34.755566	1.525853
572	-0.775486	-33.755566	1.525853
573	-0.775486	-32.755566	1.525853
574	-0.775486	-31.755566	1.525853
575	-0.775486	-30.755566	1.525853
576	-0.775486	-29.755566	1.525853
577	-0.775486	-28.755566	1.525853
578	-0.775486	-27.755566	1.525853
579	-0.775486	-26.755566	1.525853
580	-0.775486	-25.755566	1.525853
581	-0.775486	-24.755566	1.525853
582	-0.775486	-23.755566	1.525853
583	-0.775486	-22.755566	1.525853
584	-0.775486	-21.755566	1.525853
585	-0.775486	-20.755566	1.525853
586	-0.775486	-19.755566	1.525853
587	-0.775486	-18.755566	1.525853
588	-0.775486	-16.755566	1.525853
589	-0.775486	-15.755566	1.525853
590	-0.775486	-14.755566	1.525853
591	-0.775486	-13.755566	1.525853
592	-0.775486	-12.755566	1.525853
593	-0.775486	-11.755566	1.525853
594	-0.775486	-10.755566	1.525853
595	-0.775486	-9.755566	1.525853
596	-0.775486	-7.755566	1.525853
597	-0.775486	-5.755566	1.478246
598	-0.775486	-3.755566	1.478246
599	-0.775486	-2.755566	1.478246
600	-0.775486	-1.755566	1.482523
601	-0.775486	-0.755566	1.482523
602	-0.775486	0.244434	1.482523
603	-0.775486	1.244434	1.482523
604	-0.775486	2.244434	1.482523
605	-0.775486	3.244434	1.482523
606	-0.775486	4.244434	1.482523
607	-0.775486	5.244434	1.482523
608	-0.775486	6.244434	1.482523
609	-0.775486	7.244434	1.482523
610	-0.775486	8.244434	1.482523
611	-0.775486	9.244434	1.482523
612	-0.775486	10.244434	1.482523
613	0.224514	-47.755566	1.622289
614	0.224514	-46.755566	1.622289
615	0.224514	-45.755566	1.622289
616	0.224514	-44.755566	1.622289
617	0.224514	-43.755566	1.622289
618	0.224514	-42.755566	1.622289
619	0.224514	-41.755566	1.622289
620	0.224514	-39.755566	1.525853
621	0.224514	-38.755566	1.525853
622	0.224514	-37.755566	1.525853
623	0.224514	-36.755566	1.525853
624	0.224514	-35.755566	1.525853
625	0.224514	-34.755566	1.525853
626	0.224514	-33.755566	1.525853
627	0.224514	-32.755566	1.525853
628	0.224514	-31.755566	1.525853
629	0.224514	-30.755566	1.525853
630	0.224514	-29.755566	1.525853
631	0.224514	-28.755566	1.525853
632	0.224514	-27.755566	1.525853
633	0.224514	-26.755566	1.525853
634	0.224514	-25.755566	1.525853
635	0.224514	-24.755566	1.525853
636	0.224514	-23.755566	1.525853
637	0.224514	-22.755566	1.525853
638	0.224514	-21.755566	1.525853
639	0.224514	-20.755566	1.525853
640	0.224514	-19.755566	1.525853
641	0.224514	-18.755566	1.525853
642	0.224514	-17.755566	1.525853
643	0.224514	-16.755566	1.525853
644	0.224514	-15.755566	1.525853
645	0.224514	-14.755566	1.525853
646	0.224514	-13.755566	1.525853
647	0.224514	-12.755566	1.525853
648	0.224514	-11.755566	1.525853
649	0.224514	-10.755566	1.525853
650	0.224514	-9.755566	1.525853
651	0.224514	-8.755566	1.525853
652	0.224514	-7.755566	1.525853
653	0.224514	-6.755566	1.478246
654	0.224514	-5.755566	1.478246
655	0.224514	-4.755566	1.478246
656	0.224514	-3.755566	1.478246
657	0.224514	-2.755566	1.478246
658	0.224514	-1.755566	1.482523
659	0.224514	-0.755566	1.482523
660	0.224514	0.244434	1.482523
661	0.224514	1.244434	1.482523
662	0.224514	2.244434	1.482523
663	0.224514	3.244434	1.482523
664	0.224514	4.244434	1.482523
665	0.224514	5.244434	1.482523
666	0.224514	6.244434	1.482523
667	0.224514	7.244434	1.482523
668	0.224514	8.244434	1.482523
669	0.224514	9.244434	1.482523
670	0.224514	10.244434	1.482523
671	1.224514	-47.755566	1.622289
672	1.224514	-46.755566	1.622289
673	1.224514	-45.755566	1.622289
674	1.224514	-44.755566	1.622289
675	1.224514	-43.755566	1.622289
676	1.224514	-42.755566	1.622289
677	1.224514	-41.755566	1.622289
678	1.224514	-39.755566	1.525853
679	1.224514	-38.755566	1.525853
680	1.224514	-37.755566	1.525853
681	1.224514	-36.755566	1.525853
682	1.224514	-35.755566	1.525853
683	1.224514	-34.755566	1.525853
684	1.224514	-33.755566	1.525853
685	1.224514	-32.755566	1.525853
686	1.224514	-31.755566	1.525853
687	1.224514	-30.755566	1.525853
688	1.224514	-29.755566	1.525853
689	1.224514	-28.755566	1.525853
690	1.224514	-27.755566	1.525853
691	1.224514	-26.755566	1.525853
692	1.224514	-25.755566	1.525853
693	1.224514	-24.755566	1.525853
694	1.224514	-23.755566	1.525853
695	1.224514	-22.755566	1.525853
696	1.224514	-21.755566	1.525853
697	1.224514	-20.755566	1.525853
698	1.224514	-19.755566	1.525853
699	1.224514	-18.755566	1.525853
700	1.224514	-17.755566	1.525853
701	1.224514	-16.755566	1.525853
702	1.224514	-15.755566	1.525853
703	1.224514	-14.755566	1.525853
704	1.224514	-12.755566	1.525853
705	1.224514	-11.755566	1.525853
706	1.224514	-10.755566	1.525853
707	1.224514	-9.755566	1.525853
708	1.224514	-8.755566	1.525853
709	1.224514	-7.755566	1.525853
710	1.224514	-6.755566	1.478246
711	1.224514	-5.755566	1.478246
712	1.224514	-4.755566	1.478246
713	1.224514	-3.755566	1.478246
714	1.224514	-2.755566	1.478246
715	1.224514	-1.755566	1.482523
716	1.224514	-0.755566	1.482523
717	1.224514	0.244434	1.482523
718	1.224514	1.244434	1.482523
719	1.224514	2.244434	1.482523
720	1.224514	3.244434	1.482523
721	1.224514	5.244434	1.482523
722	1.224514	6.244434	1.482523
723	1.224514	7.244434	1.482523
724	1.224514	8.244434	1.482523
725	2.224514	-47.755566	1.622289
726	2.224514	-46.755566	1.622289
727	2.224514	-45.755566	1.622289
728	2.224514	-44.755566	1.622289
729	2.224514	-43.755566	1.622289
730	2.224514	-42.755566	1.622289
731	2.224514	-41.755566	1.622289
732	2.224514	-39.755566	1.525853
733	2.224514	-38.755566	1.525853
734	2.224514	-37.755566	1.525853
735	2.224514	-36.755566	1.525853
736	2.224514	-35.755566	1.525853
737	2.224514	-34.755566	1.525853
738	2.224514	-33.755566	1.525853
739	2.224514	-32.755566	1.525853
740	2.224514	-31.755566	1.525853
741	2.224514	-30.755566	1.525853
742	2.224514	-29.755566	1.525853
743	2.224514	-28.755566	1.525853
744	2.224514	-26.755566	1.525853
745	2.224514	-25.755566	1.525853
746	2.224514	-24.755566	1.525853
747	2.224514	-23.755566	1.525853
748	2.224514	-22.755566	1.525853
749	2.224514	-21.755566	1.525853
750	2.224514	-20.755566	1.525853
751	2.224514	-19.755566	1.525853
752	2.224514	-18.755566	1.525853
753	2.224514	-17.755566	1.525853
754	2.224514	-15.755566	1.525853
755	2.224514	-14.755566	1.525853
756	2.224514	-13.755566	1.525853
757	2.224514	-12.755566	1.525853
758	2.224514	-11.755566	1.525853
759	2.224514	-10.755566	1.525853
760	2.224514	-9.755566	1.525853
761	2.224514	-8.755566	1.525853
762	2.224514	-7.755566	1.525853
763	2.224514	-6.755566	1.478246
764	2.224514	-4.755566	1.478246
765	2.224514	-3.755566	1.478246
766	2.224514	-1.755566	1.482523
767	2.224514	-0.755566	1.482523
768	2.224514	0.244434	1.482523
769	2.224514	1.244434	1.482523
770	2.224514	2.244434	1.482523
771	2.224514	3.244434	1.482523
772	2.224514	4.244434	1.482523
773	2.224514	5.244434	1.482523
774	2.224514	6.244434	1.482523
775	3.224514	-47.755566	1.622289
776	3.224514	-46.755566	1.622289
777	3.224514	-45.755566	1.622289
778	3.224514	-44.755566	1.622289
779	3.224514	-43.755566	1.622289
780	3.224514	-42.755566	1.622289
781	3.224514	-41.755566	1.622289
782	3.224514	-39.755566	1.525853
783	3.224514	-38.755566	1.525853
784	3.224514	-37.755566	1.525853
785	3.224514	-36.755566	1.525853
786	3.224514	-35.755566	1.525853
787	3.224514	-34.755566	1.525853
788	3.224514	-33.755566	1.525853
789	3.224514	-32.755566	1.525853
790	3.224514	-31.755566	1.525853
791	3.224514	-30.755566	1.525853
792	3.224514	-29.755566	1.525853
793	3.224514	-28.755566	1.525853
794	3.224514	-26.755566	1.525853
795	3.224514	-25.755566	1.525853
796	3.224514	-24.755566	1.525853
797	3.224514	-23.755566	1.525853
798	3.224514	-22.755566	1.525853
799	3.224514	-21.755566	1.525853
800	3.224514	-20.755566	1.525853
801	3.224514	-19.755566	1.525853
802	3.224514	-18.755566	1.525853
803	3.224514	-17.755566	1.525853
804	3.224514	-16.755566	1.525853
805	3.224514	-15.755566	1.525853
806	3.224514	-14.755566	1.525853
807	3.224514	-13.755566	1.525853
808	3.224514	-12.755566	1.525853
809	3.224514	-11.755566	1.525853
810	3.224514	-10.755566	1.525853
811	3.224514	-9.755566	1.525853
812	3.224514	-8.755566	1.525853
813	3.224514	-7.755566	1.525853
814	3.224514	-6.755566	1.525853
815	3.224514	-5.755566	1.525853
816	3.224514	-4.755566	1.525853
817	3.224514	-3.755566	1.482523
818	3.224514	-2.755566	1.482523
819	3.224514	-1.755566	1.482523
820	3.224514	-0.755566	1.482523
821	3.224514	0.244434	1.482523
822	3.224514	1.244434	1.482523
823	3.224514	2.244434	1.482523
824	3.224514	3.244434	1.482523
825	4.224514	-47.755566	1.622289
826	4.224514	-46.755566	1.622289
827	4.224514	-45.755566	1.622289
828	4.224514	-44.755566	1.622289
829	4.224514	-43.755566	1.622289
830	4.224514	-42.755566	1.622289
831	4.224514	-41.755566	1.622289
832	4.224514	-28.755566	1.525853
833	4.224514	-27.755566	1.525853
834	4.224514	-26.755566	1.525853
835	4.224514	-25.755566	1.525853
836	4.224514	-24.755566	1.525853
837	4.224514	-23.755566	1.525853
838	4.224514	-22.755566	1.525853
839	4.224514	-21.755566	1.525853
840	4.224514	-20.755566	1.525853
841	4.224514	-19.755566	1.525853
842	4.224514	-18.755566	1.525853
843	4.224514	-17.755566	1.525853
844	4.224514	-16.755566	1.525853
845	4.224514	-15.755566	1.525853
846	4.224514	-14.755566	1.525853
847	4.224514	-13.755566	1.525853
848	4.224514	-12.755566	1.525853
849	4.224514	-11.755566	1.525853
850	4.224514	-10.755566	1.525853
851	4.224514	-9.755566	1.525853
852	4.224514	-8.755566	1.525853
853	4.224514	-7.755566	1.525853
854	4.224514	-6.755566	1.525853
855	4.224514	-5.755566	1.525853
856	4.224514	-4.755566	1.525853
857	5.224514	-47.755566	1.622289
858	5.224514	-46.755566	1.622289
859	5.224514	-45.755566	1.622289
860	5.224514	-44.755566	1.622289
861	5.224514	-43.755566	1.622289
862	5.224514	-42.755566	1.622289
863	5.224514	-41.755566	1.622289
864	5.224514	-39.755566	1.525853
865	5.224514	-38.755566	1.525853
866	5.224514	-37.755566	1.525853
867	5.224514	-36.755566	1.525853
868	5.224514	-35.755566	1.525853
869	5.224514	-34.755566	1.525853
870	5.224514	-33.755566	1.525853
871	5.224514	-32.755566	1.525853
872	5.224514	-31.755566	1.525853
873	5.224514	-30.755566	1.525853
874	5.224514	-29.755566	1.525853
875	5.224514	-28.755566	1.525853
876	5.224514	-27.755566	1.525853
877	5.224514	-26.755566	1.525853
878	5.224514	-25.755566	1.525853
879	5.224514	-24.755566	1.525853
880	5.224514	-22.755566	1.525853
881	5.224514	-21.755566	1.525853
882	5.224514	-20.755566	1.525853
883	5.224514	-19.755566	1.525853
884	5.224514	-18.755566	1.525853
885	5.224514	-17.755566	1.525853
886	5.224514	-16.755566	1.525853
887	5.224514	-15.755566	1.525853
888	5.224514	-14.755566	1.525853
889	5.224514	-13.755566	1.525853
890	5.224514	-12.755566	1.525853
891	5.224514	-11.755566	1.525853
892	5.224514	-10.755566	1.525853
893	5.224514	-9.755566	1.525853
894	5.224514	-8.755566	1.525853
895	5.224514	-7.755566	1.525853
896	5.224514	-6.755566	1.525853
897	5.224514	-5.755566	1.525853
898	5.224514	-4.755566	1.525853
899	6.224514	-47.755566	1.622289
900	6.224514	-46.755566	1.622289
901	6.224514	-45.755566	1.622289
902	6.224514	-44.755566	1.622289
903	6.224514	-43.755566	1.622289
904	6.224514	-42.755566	1.622289
905	6.224514	-41.755566	1.622289
906	6.224514	-39.755566	1.525853
907	6.224514	-38.755566	1.525853
908	6.224514	-37.755566	1.525853
909	6.224514	-36.755566	1.525853
910	6.224514	-35.755566	1.525853
911	6.224514	-34.755566	1.525853
912	6.224514	-33.755566	1.525853
913	6.224514	-32.755566	1.525853
914	6.224514	-31.755566	1.525853
915	6.224514	-30.755566	1.525853
916	6.224514	-29.755566	1.525853
917	6.224514	-28.755566	1.525853
918	6.224514	-27.755566	1.525853
919	6.224514	-26.755566	1.525853
920	6.224514	-24.755566	1.525853
921	6.224514	-23.755566	1.525853
922	6.224514	-22.755566	1.525853
923	6.224514	-21.755566	1.525853
924	6.224514	-20.755566	1.525853
925	6.224514	-19.755566	1.525853
926	6.224514	-18.755566	1.525853
927	6.224514	-17.755566	1.525853
928	6.224514	-16.755566	1.525853
929	6.224514	-15.755566	1.525853
930	6.224514	-14.755566	1.525853
931	6.224514	-13.755566	1.525853
932	6.224514	-12.755566	1.525853
933	6.224514	-11.755566	1.525853
934	6.224514	-10.755566	1.525853
935	6.224514	-9.755566	1.525853
936	6.224514	-8.755566	1.525853
937	6.224514	-7.755566	1.525853
938	7.224514	-54.755566	1.631535
939	7.224514	-52.755566	1.631535
940	7.224514	-49.755566	1.631535
941	7.224514	-46.755566	1.631535
942	7.224514	-43.755566	1.631535
943	7.224514	-41.755566	1.631535
944	8.224514	-56.755566	1.631535
945	8.224514	-55.755566	1.631535
946	8.224514	-54.755566	1.631535
947	8.224514	-53.755566	1.631535
948	8.224514	-52.755566	1.631535
949	8.224514	-51.755566	1.631535
950	8.224514	-50.755566	1.631535
951	8.224514	-49.755566	1.631535
952	8.224514	-48.755566	1.631535
953	8.224514	-47.755566	1.631535
954	8.224514	-46.755566	1.631535
955	8.224514	-45.755566	1.631535
956	8.224514	-44.755566	1.631535
957	8.224514	-43.755566	1.631535
958	8.224514	-42.755566	1.631535
959	8.224514	-41.755566	1.631535
960	9.224514	-56.755566	1.631535
961	9.224514	-55.755566	1.631535
962	9.224514	-54.755566	1.631535
963	9.224514	-53.755566	1.631535
964	9.224514	-52.755566	1.631535
965	9.224514	-51.755566	1.631535
966	9.224514	-50.755566	1.631535
967	9.224514	-49.755566	1.631535
968	9.224514	-48.755566	1.631535
969	9.224514	-47.755566	1.631535
970	9.224514	-46.755566	1.631535
971	9.224514	-45.755566	1.631535
972	9.224514	-44.755566	1.631535
973	9.224514	-43.755566	1.631535
974	9.224514	-42.755566	1.631535
975	9.224514	-41.755566	1.631535
976	10.224514	-56.755566	1.631535
977	10.224514	-55.755566	1.631535
978	10.224514	-54.755566	1.631535
979	10.224514	-53.755566	1.631535
980	10.224514	-52.755566	1.631535
981	10.224514	-51.755566	1.631535
982	10.224514	-50.755566	1.631535
983	10.224514	-49.755566	1.631535
984	10.224514	-48.755566	1.631535
985	10.224514	-47.755566	1.631535
986	10.224514	-46.755566	1.631535
987	10.224514	-45.755566	1.631535
988	10.224514	-44.755566	1.631535
989	10.224514	-43.755566	1.631535
990	10.224514	-42.755566	1.631535
991	10.224514	-41.755566	1.631535
992	11.224514	-56.755566	1.631535
993	11.224514	-55.755566	1.631535
994	11.224514	-54.755566	1.631535
995	11.224514	-53.755566	1.631535
996	11.224514	-52.755566	1.631535
997	11.224514	-51.755566	1.631535
998	11.224514	-50.755566	1.631535
999	11.224514	-49.755566	1.631535
1000	11.224514	-48.755566	1.631535
1001	11.224514	-47.755566	1.631535
1002	11.224514	-46.755566	1.631535
1003	11.224514	-45.755566	1.631535
1004	11.224514	-44.755566	1.631535
1005	11.224514	-43.755566	1.631535
1006	11.224514	-42.755566	1.631535
1007	11.224514	-41.755566	1.631535
1008	12.224514	-56.755566	1.631535
1009	12.224514	-55.755566	1.631535
1010	12.224514	-54.755566	1.631535
1011	12.224514	-53.755566	1.631535
1012	12.224514	-52.755566	1.631535
1013	12.224514	-51.755566	1.631535
1014	12.224514	-50.755566	1.631535
1015	12.224514	-49.755566	1.631535
1016	12.224514	-48.755566	1.631535
1017	12.224514	-47.755566	1.631535
1018	12.224514	-46.755566	1.631535
1019	12.224514	-45.755566	1.631535
1020	12.224514	-44.755566	1.631535
1021	12.224514	-43.755566	1.631535
1022	12.224514	-42.755566	1.631535
1023	12.224514	-41.755566	1.631535
1024	13.224514	-56.755566	1.631535
1025	13.224514	-55.755566	1.631535
1026	13.224514	-54.755566	1.631535
1027	13.224514	-53.755566	1.631535
1028	13.224514	-52.755566	1.631535
1029	13.224514	-51.755566	1.631535
1030	13.224514	-50.755566	1.631535
1031	13.224514	-49.755566	1.631535
1032	13.224514	-48.755566	1.631535
1033	13.224514	-47.755566	1.631535
1034	13.224514	-46.755566	1.631535
1035	13.224514	-45.755566	1.631535
1036	13.224514	-44.755566	1.631535
1037	13.224514	-43.755566	1.631535
1038	13.224514	-42.755566	1.631535
1039	13.224514	-41.755566	1.631535
1040	14.224514	-56.755566	1.631535
1041	14.224514	-55.755566	1.631535
1042	14.224514	-54.755566	1.631535
1043	14.224514	-53.755566	1.631535
1044	14.224514	-52.755566	1.631535
1045	14.224514	-51.755566	1.631535
1046	14.224514	-50.755566	1.631535
1047	14.224514	-49.755566	1.631535
1048	14.224514	-48.755566	1.631535
1049	14.224514	-47.755566	1.631535
1050	14.224514	-46.755566	1.631535
1051	14.224514	-45.755566	1.631535
1052	14.224514	-44.755566	1.631535
1053	14.224514	-43.755566	1.631535
1054	14.224514	-42.755566	1.631535
1055	14.224514	-41.755566	1.631535
1056	15.224514	-55.755566	1.631535
1057	15.224514	-54.755566	1.631535
1058	15.224514	-53.755566	1.631535
1059	15.224514	-52.755566	1.631535
1060	15.224514	-51.755566	1.631535
1061	15.224514	-50.755566	1.631535
1062	15.224514	-49.755566	1.631535
1063	15.224514	-47.755566	1.631535
1064	15.224514	-46.755566	1.631535
1065	15.224514	-45.755566	1.631535
1066	15.224514	-44.755566	1.631535
1067	15.224514	-43.755566	1.631535
1068	15.224514	-42.755566	1.631535
1069	15.224514	-41.755566	1.631535
