0	-19.389046	-5.326787	-1.193060
1	-19.389046	-4.326787	-1.193060
2	-19.389046	-3.326787	-1.193060
3	-19.389046	-2.326787	-1.193060
4	-18.389046	-5.326787	-1.193060
5	-18.389046	-4.326787	-1.193060
6	-18.389046	-3.326787	-1.193060
7	-18.389046	-0.326787	-1.176390
8	-18.389046	0.673213	-1.312080
9	-18.389046	1.673213	-1.312080
10	-17.389046	-4.326787	-1.180020
11	-17.389046	-3.326787	-1.180020
12	-17.389046	-2.326787	-1.180020
13	-16.389046	-4.326787	-1.180020
14	-16.389046	-3.326787	-1.180020
15	-16.389046	-2.326787	-1.180020
16	-16.389046	-0.326787	-1.176390
17	-15.389046	-0.326787	-1.176390
18	-14.389046	-8.326787	-1.175620
19	-14.389046	-7.326787	-1.175620
20	-14.389046	-6.326787	-1.175620
21	-14.389046	-5.326787	-1.175620
22	-14.389046	-4.326787	-1.175620
23	-14.389046	-2.326787	-1.207750
24	-14.389046	-0.326787	-1.176390
25	-13.389046	-8.326787	-1.175620
26	-13.389046	-7.326787	-1.175620
27	-13.389046	-6.326787	-1.175620
28	-13.389046	-5.326787	-1.175620
29	-13.389046	-4.326787	-1.175620
30	-13.389046	-2.326787	-1.207750
31	-13.389046	-0.326787	-1.176390
32	-12.389046	-8.326787	-1.175620
33	-12.389046	-7.326787	-1.175620
34	-12.389046	-6.326787	-1.175620
35	-12.389046	-5.326787	-1.175620
36	-12.389046	-4.326787	-1.175620
37	-12.389046	-2.326787	-1.207750
38	-12.389046	-0.326787	-1.176390
39	-11.389046	-8.326787	-1.175620
40	-11.389046	-7.326787	-1.175620
41	-11.389046	-6.326787	-1.175620
42	-11.389046	-5.326787	-1.163280
43	-11.389046	-2.326787	-1.207750
44	-10.389046	-10.326787	-1.201050
45	-10.389046	-9.326787	-1.207990
46	-10.389046	-8.326787	-1.207990
47	-10.389046	-6.326787	-1.201050
48	-10.389046	-2.326787	-1.207750
49	-9.389046	-10.326787	-1.201050
50	-9.389046	-9.326787	-1.201050
51	-9.389046	-8.326787	-1.201050
52	-9.389046	-7.326787	-1.201050
53	-9.389046	-6.326787	-1.201050
54	-9.389046	-5.326787	-1.201050
55	-9.389046	-4.326787	-1.201050
56	-9.389046	-3.326787	-1.201050
57	-9.389046	-2.326787	-1.201050
58	-8.389046	-10.326787	-1.201050
59	-8.389046	-9.326787	-1.201050
60	-8.389046	-8.326787	-1.201050
61	-8.389046	-7.326787	-1.201050
62	-8.389046	-6.326787	-1.201050
63	-8.389046	-5.326787	-1.201050
64	-8.389046	-4.326787	-1.201050
65	-8.389046	-3.326787	-1.201050
66	-8.389046	-2.326787	-1.201050
67	-7.389046	-10.326787	-1.201050
68	-7.389046	-9.326787	-1.201050
69	-7.389046	-8.326787	-1.201050
70	-7.389046	-7.326787	-1.201050
71	-7.389046	-6.326787	-1.201050
72	-7.389046	-5.326787	-1.201050
73	-7.389046	-4.326787	-1.201050
74	-7.389046	-3.326787	-1.201050
75	-7.389046	-2.326787	-1.201050
76	-6.389046	-8.326787	-1.201050
77	-6.389046	-7.326787	-1.201050
78	-6.389046	-6.326787	-1.201050
79	-6.389046	-5.326787	-1.201050
80	-6.389046	-4.326787	-1.201050
81	-6.389046	-3.326787	-1.201050
82	-6.389046	-2.326787	-1.201050
83	-5.389046	-4.326787	-1.203430
84	-5.389046	-3.326787	-1.203430
85	-4.389046	-5.326787	-1.203430
86	-4.389046	-4.326787	-1.203430
87	-4.389046	-3.326787	-1.203430
88	-4.389046	-2.326787	-1.203430
89	-3.389046	-5.326787	-1.203430
90	-3.389046	-4.326787	-1.203430
91	-3.389046	-3.326787	-1.203430
92	-3.389046	-2.326787	-1.203430
93	-2.389046	-5.326787	-1.203430
94	-2.389046	-4.326787	-1.203430
95	-2.389046	-3.326787	-1.203430
96	-2.389046	-2.326787	-1.203430
97	-1.389046	-5.326787	-1.203430
98	-1.389046	-4.326787	-1.203430
99	-1.389046	-3.326787	-1.203430
100	-1.389046	-2.326787	-1.203430
101	-0.389046	-5.326787	-1.203430
102	-0.389046	-4.326787	-1.203430
103	-0.389046	-3.326787	-1.203430
104	-0.389046	-2.326787	-1.203430
105	-20.389046	-9.326787	0.890245
106	-20.389046	-8.326787	0.890245
107	-20.389046	-7.326787	0.890245
108	-20.389046	-6.326787	0.890245
109	-19.389046	-9.326787	0.890245
110	-19.389046	-8.326787	0.890245
111	-19.389046	-7.326787	0.890245
112	-19.389046	-6.326787	0.890245
113	-19.389046	-4.326787	1.500176
114	-19.389046	-3.326787	1.500176
115	-19.389046	-1.326787	1.498578
116	-18.389046	-9.326787	0.890245
117	-18.389046	-8.326787	0.890245
118	-18.389046	-7.326787	0.890245
119	-18.389046	-6.326787	0.890245
120	-18.389046	-4.326787	1.500176
121	-18.389046	-3.326787	1.500176
122	-18.389046	-1.326787	1.498578
123	-17.389046	-10.326787	0.890245
124	-17.389046	-9.326787	0.890245
125	-17.389046	-8.326787	0.890245
126	-17.389046	-7.326787	0.890245
127	-17.389046	-6.326787	0.890245
128	-17.389046	-5.326787	1.510014
129	-17.389046	-4.326787	1.510014
130	-16.389046	-10.326787	0.890245
131	-16.389046	-9.326787	0.890245
132	-16.389046	-8.326787	0.890245
133	-16.389046	-7.326787	0.890245
134	-16.389046	-6.326787	0.890245
135	-16.389046	-5.326787	1.510014
136	-16.389046	-4.326787	1.510014
137	-16.389046	-3.326787	1.510014
138	-16.389046	-2.326787	1.510014
139	-16.389046	-1.326787	1.510014
140	-16.389046	-0.326787	1.510014
141	-15.389046	-10.326787	1.517490
142	-15.389046	-8.326787	1.517490
143	-15.389046	-5.326787	1.510014
144	-15.389046	-4.326787	1.510014
145	-15.389046	-3.326787	1.510014
146	-15.389046	-2.326787	1.510014
147	-15.389046	-1.326787	1.510014
148	-15.389046	-0.326787	1.510014
149	-14.389046	-10.326787	1.517490
150	-14.389046	-9.326787	1.517490
151	-14.389046	-8.326787	1.517490
152	-14.389046	-7.326787	1.517490
153	-14.389046	-6.326787	1.517490
154	-14.389046	-5.326787	1.510014
155	-14.389046	-4.326787	1.510014
156	-14.389046	-3.326787	1.510014
157	-14.389046	-2.326787	1.510014
158	-14.389046	-1.326787	1.510014
159	-14.389046	-0.326787	1.510014
160	-13.389046	-10.326787	1.517490
161	-13.389046	-9.326787	1.517490
162	-13.389046	-8.326787	1.517490
163	-13.389046	-7.326787	1.517490
164	-13.389046	-6.326787	1.517490
165	-13.389046	-5.326787	1.510014
166	-13.389046	-4.326787	1.510014
167	-13.389046	-3.326787	1.510014
168	-13.389046	-2.326787	1.510014
169	-13.389046	-1.326787	1.510014
170	-13.389046	-0.326787	1.510014
171	-13.389046	0.673213	1.510014
172	-12.389046	-10.326787	1.517490
173	-12.389046	-9.326787	1.517490
174	-12.389046	-8.326787	1.517490
175	-12.389046	-7.326787	1.517490
176	-12.389046	-6.326787	1.517490
177	-12.389046	-5.326787	1.510014
178	-12.389046	-4.326787	1.510014
179	-12.389046	-3.326787	1.510014
180	-12.389046	-2.326787	1.510014
181	-12.389046	-1.326787	1.510014
182	-12.389046	-0.326787	1.510014
183	-11.389046	-10.326787	1.517490
184	-11.389046	-9.326787	1.517490
185	-11.389046	-7.326787	1.517490
186	-11.389046	-6.326787	1.517490
187	-11.389046	-5.326787	1.510014
188	-11.389046	-4.326787	1.510014
189	-11.389046	-3.326787	1.510014
190	-11.389046	-2.326787	1.510014
191	-11.389046	-1.326787	1.510014
192	-11.389046	-0.326787	1.510014
193	-10.389046	-10.326787	1.486027
194	-10.389046	-9.326787	1.486027
195	-10.389046	-7.326787	1.486027
196	-10.389046	-6.326787	1.494460
197	-10.389046	-5.326787	1.494460
198	-10.389046	-4.326787	1.494460
199	-10.389046	-3.326787	1.494460
200	-10.389046	-2.326787	1.494460
201	-9.389046	-10.326787	1.487867
202	-9.389046	-9.326787	1.487867
203	-9.389046	-8.326787	1.487867
204	-9.389046	-7.326787	1.487867
205	-9.389046	-6.326787	1.494460
206	-9.389046	-5.326787	1.494460
207	-9.389046	-4.326787	1.494460
208	-9.389046	-3.326787	1.494460
209	-9.389046	-2.326787	1.494460
210	-8.389046	-10.326787	1.487867
211	-8.389046	-9.326787	1.487867
212	-8.389046	-8.326787	1.487867
213	-8.389046	-7.326787	1.487867
214	-8.389046	-6.326787	1.494460
215	-8.389046	-5.326787	1.494460
216	-8.389046	-4.326787	1.494460
217	-8.389046	-3.326787	1.494460
218	-8.389046	-2.326787	1.494460
219	-7.389046	-10.326787	1.487867
220	-7.389046	-9.326787	1.487867
221	-7.389046	-8.326787	1.487867
222	-7.389046	-7.326787	1.487867
223	-7.389046	-6.326787	1.494460
224	-7.389046	-5.326787	1.494460
225	-7.389046	-4.326787	1.494460
226	-7.389046	-3.326787	1.494460
227	-7.389046	-2.326787	1.494460
228	-6.389046	-10.326787	1.489543
229	-6.389046	-5.326787	1.494460
230	-6.389046	-4.326787	1.494460
231	-6.389046	-3.326787	1.494460
232	-6.389046	-2.326787	1.494460
233	-5.389046	-10.326787	1.489543
234	-5.389046	-9.326787	1.489543
235	-4.389046	-10.326787	1.489543
236	-4.389046	-9.326787	1.489543
237	-4.389046	-5.326787	1.509513
238	-4.389046	-4.326787	1.509513
239	-4.389046	-3.326787	1.509513
240	-4.389046	-2.326787	1.509513
241	-3.389046	-10.326787	1.506894
242	-3.389046	-9.326787	1.506894
243	-3.389046	-8.326787	1.506894
244	-3.389046	-7.326787	1.506894
245	-3.389046	-5.326787	1.509513
246	-3.389046	-4.326787	1.509513
247	-3.389046	-3.326787	1.509513
248	-3.389046	-2.326787	1.509513
249	-2.389046	-10.326787	1.506894
250	-2.389046	-9.326787	1.506894
251	-2.389046	-8.326787	1.506894
252	-2.389046	-7.326787	1.506894
253	-2.389046	-5.326787	1.509513
254	-2.389046	-4.326787	1.509513
255	-2.389046	-3.326787	1.509513
256	-2.389046	-2.326787	1.509513
257	-1.389046	-10.326787	1.506894
258	-1.389046	-9.326787	1.506894
259	-1.389046	-8.326787	1.506894
260	-1.389046	-7.326787	1.506894
261	-1.389046	-6.326787	1.509513
262	-1.389046	-5.326787	1.509513
263	-1.389046	-4.326787	1.509513
264	-1.389046	-3.326787	1.509513
265	-1.389046	-2.326787	1.509513
266	-0.389046	-10.326787	1.506894
267	-0.389046	-9.326787	1.506894
268	-0.389046	-8.326787	1.506894
269	-0.389046	-7.326787	1.506894
270	-0.389046	-5.326787	1.509513
271	-0.389046	-4.326787	1.509513
272	-0.389046	-3.326787	1.509513
273	-0.389046	-2.326787	1.509513
274	-19.389046	-1.326787	4.578440
275	-18.389046	-1.326787	4.578440
276	-18.389046	-0.326787	4.578440
277	-17.389046	-10.326787	4.575830
278	-17.389046	-9.326787	4.575830
279	-17.389046	-8.326787	4.575830
280	-17.389046	-7.326787	4.575830
281	-17.389046	-1.326787	4.578440
282	-17.389046	-0.326787	4.578440
283	-16.389046	-10.326787	4.575830
284	-16.389046	-7.326787	4.575830
285	-16.389046	-1.326787	4.578440
286	-15.389046	-7.326787	4.576600
287	-15.389046	-0.326787	4.566750
288	-14.389046	-10.326787	4.576600
289	-14.389046	-9.326787	4.576600
290	-14.389046	-8.326787	4.576600
291	-14.389046	-7.326787	4.576600
292	-14.389046	-6.326787	4.559770
293	-14.389046	-5.326787	4.559770
294	-14.389046	-3.326787	4.566750
295	-14.389046	-2.326787	4.566750
296	-14.389046	-1.326787	4.566750
297	-14.389046	-0.326787	4.566750
298	-13.389046	-10.326787	4.576600
299	-13.389046	-9.326787	4.576600
300	-13.389046	-8.326787	4.576600
301	-13.389046	-7.326787	4.576600
302	-13.389046	-5.326787	4.559770
303	-13.389046	-2.326787	4.566750
304	-13.389046	-1.326787	4.566750
305	-13.389046	-0.326787	4.566750
306	-12.389046	-10.326787	4.576600
307	-12.389046	-9.326787	4.576600
308	-12.389046	-8.326787	4.576600
309	-12.389046	-7.326787	4.576600
310	-12.389046	-5.326787	4.559770
311	-12.389046	-4.326787	4.566750
312	-12.389046	-2.326787	4.566750
313	-12.389046	-1.326787	4.566750
314	-12.389046	-0.326787	4.566750
315	-11.389046	-5.326787	4.559770
316	-11.389046	-4.326787	4.566750
317	-11.389046	-2.326787	4.566750
318	-10.389046	-6.326787	4.559770
319	-10.389046	-5.326787	4.559770
320	-9.389046	-10.326787	4.574980
321	-9.389046	-8.326787	4.574980
322	-9.389046	-7.326787	4.574980
323	-9.389046	-5.326787	4.559770
324	-8.389046	-10.326787	4.574980
325	-8.389046	-9.326787	4.574980
326	-8.389046	-8.326787	4.574980
327	-8.389046	-7.326787	4.574980
328	-8.389046	-5.326787	4.559770
329	-7.389046	-10.326787	4.574980
330	-7.389046	-9.326787	4.574980
331	-7.389046	-8.326787	4.574980
332	-7.389046	-7.326787	4.574980
333	-7.389046	-6.326787	4.559770
334	-7.389046	-5.326787	4.559770
335	-6.389046	-10.326787	4.574980
336	-6.389046	-5.326787	4.559770
337	-5.389046	-10.326787	4.699230
338	-5.389046	-9.326787	4.699230
339	-4.389046	-5.326787	4.566640
340	-4.389046	-4.326787	4.566640
341	-4.389046	-3.326787	4.566640
342	-4.389046	-2.326787	4.566640
343	-3.389046	-3.326787	4.593240
344	-3.389046	-2.326787	4.593240
345	-3.389046	-1.326787	4.593240
346	-3.389046	-0.326787	4.593240
347	-2.389046	-3.326787	4.593240
348	-2.389046	-2.326787	4.593240
349	-2.389046	-1.326787	4.593240
350	-2.389046	-0.326787	4.593240
351	-1.389046	-3.326787	4.593240
352	-1.389046	-2.326787	4.593240
353	-1.389046	-1.326787	4.593240
354	-1.389046	-0.326787	4.593240
355	-0.389046	-3.326787	4.593240
356	-0.389046	-2.326787	4.593240
357	-0.389046	-1.326787	4.593240
358	-0.389046	-0.326787	4.593240
359	-20.389046	-9.326787	4.536620
360	-20.389046	-8.326787	4.536620
361	-19.389046	-10.326787	4.536620
362	-19.389046	-9.326787	4.536620
363	-19.389046	-8.326787	4.536620
364	-19.389046	-7.326787	4.536620
365	-19.389046	-6.326787	4.536620
366	-19.389046	-5.326787	4.536620
367	-19.389046	-4.326787	4.536620
368	-18.389046	-5.326787	4.536620
369	-18.389046	-4.326787	4.536620
370	-18.389046	-3.326787	4.536620
371	-17.389046	-5.326787	4.536620
372	-17.389046	-4.326787	4.536620
373	-17.389046	-3.326787	4.536620
374	-16.389046	-5.326787	4.536620
375	-16.389046	-4.326787	4.536620
376	-16.389046	-3.326787	4.536620
377	-15.389046	-4.326787	4.536620
378	-4.389046	-8.326787	4.582690
379	-3.389046	-10.326787	4.582690
380	-3.389046	-9.326787	4.582690
381	-3.389046	-5.326787	4.564990
382	-2.389046	-10.326787	4.582690
383	-2.389046	-9.326787	4.582690
384	-2.389046	-8.326787	4.582690
385	-2.389046	-7.326787	4.582690
386	-2.389046	-6.326787	4.564990
387	-2.389046	-5.326787	4.564990
388	-1.389046	-10.326787	4.582690
389	-1.389046	-9.326787	4.582690
390	-1.389046	-8.326787	4.582690
391	-1.389046	-7.326787	4.582690
392	-1.389046	-5.326787	4.564990
393	-0.389046	-7.326787	4.582690
394	-0.389046	-5.326787	4.564990
