0	-21.504025	-4.638577	-2.210250
1	-21.504025	-3.638577	-2.210250
2	-21.504025	-2.638577	-2.210250
3	-21.504025	-1.638577	-2.210250
4	-20.504025	-5.638577	-2.210250
5	-20.504025	-4.638577	-2.210250
6	-20.504025	-3.638577	-2.210250
7	-20.504025	-2.638577	-2.210250
8	-20.504025	-1.638577	-2.210250
9	-19.504025	-5.638577	-2.210250
10	-19.504025	-4.638577	-2.210250
11	-19.504025	-3.638577	-2.210250
12	-19.504025	-2.638577	-2.210250
13	-19.504025	-1.638577	-2.210250
14	-19.504025	-0.638577	-2.210250
15	-19.504025	0.361423	-2.381470
16	-19.504025	1.361423	-2.381470
17	-19.504025	2.361423	-2.381470
18	-19.504025	3.361423	-2.381470
19	-19.504025	4.361423	-2.381470
20	-19.504025	5.361423	-2.381470
21	-19.504025	7.361423	-2.187600
22	-19.504025	8.361423	-2.187600
23	-19.504025	9.361423	-2.187600
24	-19.504025	10.361423	-2.187600
25	-19.504025	11.361423	-2.187600
26	-19.504025	12.361423	-2.187600
27	-19.504025	13.361423	-2.187600
28	-18.504025	-5.638577	-2.210250
29	-18.504025	-4.638577	-2.210250
30	-18.504025	-3.638577	-2.210250
31	-18.504025	-2.638577	-2.210250
32	-18.504025	-1.638577	-2.210250
33	-18.504025	-0.638577	-2.210250
34	-18.504025	0.361423	-2.381470
35	-18.504025	1.361423	-2.381470
36	-18.504025	2.361423	-2.381470
37	-18.504025	4.361423	-2.381470
38	-18.504025	5.361423	-2.381470
39	-18.504025	7.361423	-2.187600
40	-18.504025	8.361423	-2.187600
41	-18.504025	9.361423	-2.187600
42	-18.504025	10.361423	-2.187600
43	-18.504025	11.361423	-2.187600
44	-18.504025	12.361423	-2.187600
45	-18.504025	13.361423	-2.187600
46	-18.504025	14.361423	-2.187600
47	-17.504025	-4.638577	-2.210250
48	-17.504025	-3.638577	-2.210250
49	-17.504025	-2.638577	-2.210250
50	-17.504025	-1.638577	-2.210250
51	-17.504025	-0.638577	-2.210250
52	-17.504025	0.361423	-2.381470
53	-17.504025	1.361423	-2.381470
54	-17.504025	2.361423	-2.381470
55	-17.504025	3.361423	-2.381470
56	-17.504025	4.361423	-2.381470
57	-17.504025	5.361423	-2.381470
58	-17.504025	7.361423	-2.187600
59	-17.504025	8.361423	-2.187600
60	-17.504025	9.361423	-2.187600
61	-17.504025	10.361423	-2.187600
62	-17.504025	11.361423	-2.187600
63	-17.504025	12.361423	-2.187600
64	-17.504025	13.361423	-2.187600
65	-17.504025	14.361423	-2.187600
66	-16.504025	-5.638577	-2.210250
67	-16.504025	-3.638577	-2.210250
68	-16.504025	-2.638577	-2.210250
69	-16.504025	-1.638577	-2.210250
70	-16.504025	-0.638577	-2.381470
71	-16.504025	0.361423	-2.381470
72	-16.504025	1.361423	-2.381470
73	-16.504025	2.361423	-2.381470
74	-16.504025	3.361423	-2.381470
75	-16.504025	4.361423	-2.381470
76	-16.504025	5.361423	-2.381470
77	-16.504025	7.361423	-2.187600
78	-16.504025	8.361423	-2.187600
79	-16.504025	9.361423	-2.187600
80	-16.504025	10.361423	-2.187600
81	-16.504025	11.361423	-2.187600
82	-16.504025	12.361423	-2.187600
83	-16.504025	13.361423	-2.187600
84	-16.504025	14.361423	-2.187600
85	-15.504025	-5.638577	-2.210250
86	-15.504025	-4.638577	-2.210250
87	-15.504025	-1.638577	-2.210250
88	-15.504025	-0.638577	-2.381470
89	-15.504025	0.361423	-2.381470
90	-15.504025	1.361423	-2.381470
91	-15.504025	2.361423	-2.381470
92	-15.504025	3.361423	-2.381470
93	-15.504025	4.361423	-2.381470
94	-15.504025	5.361423	-2.381470
95	-15.504025	7.361423	-2.187600
96	-15.504025	8.361423	-2.187600
97	-15.504025	9.361423	-2.187600
98	-15.504025	10.361423	-2.187600
99	-15.504025	11.361423	-2.187600
100	-15.504025	12.361423	-2.187600
101	-15.504025	13.361423	-2.187600
102	-15.504025	14.361423	-2.187600
103	-14.504025	-2.638577	-2.381470
104	-14.504025	-1.638577	-2.381470
105	-14.504025	-0.638577	-2.381470
106	-14.504025	0.361423	-2.381470
107	-14.504025	1.361423	-2.381470
108	-14.504025	2.361423	-2.381470
109	-14.504025	3.361423	-2.381470
110	-14.504025	4.361423	-2.381470
111	-14.504025	5.361423	-2.381470
112	-14.504025	7.361423	-2.187600
113	-14.504025	8.361423	-2.187600
114	-14.504025	9.361423	-2.187600
115	-14.504025	10.361423	-2.187600
116	-14.504025	11.361423	-2.187600
117	-14.504025	12.361423	-2.187600
118	-14.504025	13.361423	-2.187600
119	-14.504025	14.361423	-2.187600
120	-13.504025	-2.638577	-2.381470
121	-13.504025	-1.638577	-2.381470
122	-13.504025	-0.638577	-2.381470
123	-13.504025	0.361423	-2.381470
124	-13.504025	1.361423	-2.381470
125	-13.504025	2.361423	-2.381470
126	-13.504025	3.361423	-2.381470
127	-13.504025	4.361423	-2.381470
128	-13.504025	5.361423	-2.381470
129	-13.504025	7.361423	-2.187600
130	-13.504025	8.361423	-2.187600
131	-13.504025	9.361423	-2.187600
132	-13.504025	10.361423	-2.187600
133	-13.504025	11.361423	-2.187600
134	-13.504025	12.361423	-2.187600
135	-13.504025	13.361423	-2.187600
136	-13.504025	14.361423	-2.187600
137	-12.504025	-2.638577	-2.381470
138	-12.504025	-1.638577	-2.381470
139	-12.504025	-0.638577	-2.381470
140	-12.504025	0.361423	-2.381470
141	-12.504025	1.361423	-2.381470
142	-12.504025	2.361423	-2.381470
143	-12.504025	3.361423	-2.381470
144	-12.504025	4.361423	-2.381470
145	-12.504025	5.361423	-2.381470
146	-11.504025	-2.638577	-2.381470
147	-11.504025	-1.638577	-2.381470
148	-11.504025	-0.638577	-2.381470
149	-11.504025	0.361423	-2.381470
150	-11.504025	1.361423	-2.381470
151	-11.504025	2.361423	-2.381470
152	-11.504025	3.361423	-2.381470
153	-11.504025	4.361423	-2.381470
154	-11.504025	5.361423	-2.381470
155	-10.504025	-2.638577	-2.381470
156	-10.504025	-1.638577	-2.381470
157	-10.504025	-0.638577	-2.381470
158	-10.504025	0.361423	-2.381470
159	-10.504025	1.361423	-2.381470
160	-10.504025	2.361423	-2.381470
161	-10.504025	3.361423	-2.381470
162	-10.504025	4.361423	-2.381470
163	-10.504025	5.361423	-2.381470
164	-9.504025	-3.638577	-2.381470
165	-9.504025	-2.638577	-2.381470
166	-9.504025	-0.638577	-2.381470
167	-9.504025	0.361423	-2.381470
168	-9.504025	1.361423	-2.381470
169	-9.504025	2.361423	-2.381470
170	-9.504025	3.361423	-2.381470
171	-9.504025	4.361423	-2.381470
172	-8.504025	-5.638577	-1.858050
173	-8.504025	-4.638577	-1.858050
174	-8.504025	-3.638577	-1.858050
175	-8.504025	-1.638577	-1.830780
176	-8.504025	-0.638577	-1.830780
177	-8.504025	0.361423	-1.830780
178	-8.504025	1.361423	-1.830780
179	-8.504025	2.361423	-1.830780
180	-8.504025	3.361423	-1.830780
181	-8.504025	4.361423	-1.830780
182	-8.504025	5.361423	-1.830780
183	-8.504025	6.361423	-1.830780
184	-7.504025	-5.638577	-1.858050
185	-7.504025	-4.638577	-1.858050
186	-7.504025	-3.638577	-1.858050
187	-7.504025	-1.638577	-1.830780
188	-7.504025	-0.638577	-1.830780
189	-7.504025	0.361423	-1.830780
190	-7.504025	1.361423	-1.830780
191	-7.504025	2.361423	-1.830780
192	-7.504025	3.361423	-1.830780
193	-7.504025	4.361423	-1.830780
194	-7.504025	5.361423	-1.830780
195	-6.504025	-4.638577	-1.858050
196	-6.504025	-3.638577	-1.858050
197	-6.504025	-1.638577	-1.830780
198	-6.504025	-0.638577	-1.830780
199	-6.504025	0.361423	-1.830780
200	-6.504025	1.361423	-1.830780
201	-5.504025	-4.638577	-1.858050
202	-5.504025	-3.638577	-1.858050
203	-5.504025	-0.638577	-1.830780
204	-5.504025	1.361423	-1.830780
205	-5.504025	2.361423	-1.830780
206	-5.504025	3.361423	-1.830780
207	-5.504025	4.361423	-1.830780
208	-4.504025	-4.638577	-1.858050
209	-4.504025	-3.638577	-1.858050
210	-4.504025	-2.638577	-1.862880
211	-4.504025	-1.638577	-1.862880
212	-4.504025	-0.638577	-1.862880
213	-4.504025	0.361423	-1.862880
214	-4.504025	1.361423	-1.862880
215	-4.504025	2.361423	-1.830780
216	-4.504025	3.361423	-1.830780
217	-4.504025	4.361423	-1.830780
218	-3.504025	-4.638577	-1.858050
219	-3.504025	-3.638577	-1.858050
220	-3.504025	-2.638577	-1.862880
221	-3.504025	-0.638577	-1.862880
222	-3.504025	0.361423	-1.862880
223	-3.504025	1.361423	-1.862880
224	-3.504025	2.361423	-1.862880
225	-3.504025	3.361423	-1.862880
226	-3.504025	4.361423	-1.862880
227	-2.504025	-4.638577	-1.858050
228	-2.504025	-3.638577	-1.858050
229	-2.504025	-2.638577	-1.862880
230	-2.504025	-1.638577	-1.862880
231	-2.504025	-0.638577	-1.862880
232	-2.504025	0.361423	-1.862880
233	-2.504025	1.361423	-1.862880
234	-2.504025	2.361423	-1.862880
235	-2.504025	3.361423	-1.862880
236	-2.504025	4.361423	-1.862880
237	-1.504025	-3.638577	-1.858050
238	-1.504025	-2.638577	-1.862880
239	-1.504025	-1.638577	-1.862880
240	-1.504025	-0.638577	-1.862880
241	-1.504025	0.361423	-1.862880
242	-1.504025	1.361423	-1.862880
243	-1.504025	2.361423	-1.862880
244	-1.504025	4.361423	-1.862880
245	-0.504025	-3.638577	-1.858050
246	-0.504025	-2.638577	-1.862880
247	-0.504025	-1.638577	-1.862880
248	-0.504025	-0.638577	-1.862880
249	-0.504025	0.361423	-1.862880
250	-0.504025	1.361423	-1.862880
251	-0.504025	2.361423	-1.862880
252	-0.504025	3.361423	-1.862880
253	-0.504025	5.361423	-1.862590
254	0.495975	-2.638577	-1.862880
255	0.495975	-1.638577	-1.862880
256	0.495975	-0.638577	-1.862880
257	0.495975	0.361423	-1.862880
258	0.495975	1.361423	-1.862880
259	0.495975	2.361423	-1.862880
260	0.495975	3.361423	-1.862590
261	0.495975	4.361423	-1.862590
262	0.495975	5.361423	-1.862590
263	1.495975	-1.638577	-1.862880
264	1.495975	-0.638577	-1.862880
265	1.495975	0.361423	-1.862880
266	1.495975	1.361423	-1.862880
267	1.495975	2.361423	-1.862880
268	1.495975	5.361423	-1.862590
269	1.495975	6.361423	-1.862590
270	2.495975	0.361423	-1.862880
271	2.495975	1.361423	-1.862880
272	2.495975	2.361423	-1.862590
273	2.495975	3.361423	-1.862590
274	2.495975	4.361423	-1.862590
275	2.495975	6.361423	-1.862590
276	3.495975	1.361423	-1.862590
277	3.495975	2.361423	-1.862590
278	3.495975	3.361423	-1.862590
279	3.495975	4.361423	-1.862590
280	3.495975	5.361423	-1.862590
281	3.495975	6.361423	-1.862590
282	4.495975	2.361423	-1.862590
283	4.495975	3.361423	-1.862590
284	4.495975	4.361423	-1.862590
285	4.495975	5.361423	-1.862590
286	4.495975	6.361423	-1.862590
287	-22.504025	2.361423	1.009349
288	-22.504025	3.361423	1.009349
289	-22.504025	4.361423	1.009349
290	-22.504025	5.361423	1.009349
291	-22.504025	6.361423	1.009349
292	-22.504025	7.361423	1.009349
293	-22.504025	8.361423	1.009349
294	-21.504025	2.361423	1.009349
295	-21.504025	3.361423	1.009349
296	-21.504025	4.361423	1.009349
297	-21.504025	5.361423	1.009349
298	-21.504025	7.361423	1.009349
299	-21.504025	8.361423	1.009349
300	-21.504025	9.361423	1.009349
301	-21.504025	10.361423	1.009349
302	-21.504025	11.361423	1.009349
303	-21.504025	12.361423	1.009349
304	-21.504025	13.361423	1.009349
305	-20.504025	12.361423	1.408222
306	-20.504025	13.361423	1.408222
307	-20.504025	14.361423	1.408222
308	-20.504025	15.361423	1.408222
309	-20.504025	16.361423	1.408222
310	-20.504025	17.361423	1.408222
311	-20.504025	18.361423	1.408222
312	-19.504025	-5.638577	1.531664
313	-19.504025	-4.638577	1.531664
314	-19.504025	-3.638577	1.531664
315	-19.504025	-2.638577	1.531664
316	-19.504025	-1.638577	1.531664
317	-19.504025	-0.638577	1.531664
318	-19.504025	2.361423	1.489118
319	-19.504025	4.361423	1.489118
320	-19.504025	5.361423	1.489118
321	-19.504025	6.361423	1.489118
322	-19.504025	12.361423	1.408222
323	-19.504025	13.361423	1.408222
324	-19.504025	14.361423	1.408222
325	-19.504025	15.361423	1.408222
326	-19.504025	16.361423	1.408222
327	-19.504025	17.361423	1.408222
328	-19.504025	18.361423	1.408222
329	-19.504025	19.361423	1.408222
330	-19.504025	20.361423	1.408222
331	-19.504025	21.361423	1.408222
332	-19.504025	22.361423	1.408222
333	-18.504025	-5.638577	1.531664
334	-18.504025	-4.638577	1.531664
335	-18.504025	-3.638577	1.531664
336	-18.504025	-2.638577	1.531664
337	-18.504025	-1.638577	1.531664
338	-18.504025	-0.638577	1.531664
339	-18.504025	2.361423	1.489118
340	-18.504025	3.361423	1.489118
341	-18.504025	4.361423	1.489118
342	-18.504025	5.361423	1.489118
343	-18.504025	7.361423	1.489118
344	-18.504025	12.361423	1.408222
345	-18.504025	13.361423	1.408222
346	-18.504025	14.361423	1.408222
347	-18.504025	15.361423	1.408222
348	-18.504025	16.361423	1.408222
349	-18.504025	17.361423	1.408222
350	-18.504025	18.361423	1.408222
351	-18.504025	19.361423	1.408222
352	-18.504025	20.361423	1.408222
353	-18.504025	21.361423	1.408222
354	-18.504025	22.361423	1.408222
355	-18.504025	23.361423	1.408222
356	-18.504025	24.361423	1.408222
357	-17.504025	-5.638577	1.531664
358	-17.504025	-4.638577	1.531664
359	-17.504025	-3.638577	1.531664
360	-17.504025	-2.638577	1.531664
361	-17.504025	-1.638577	1.531664
362	-17.504025	-0.638577	1.603478
363	-17.504025	0.361423	1.603478
364	-17.504025	5.361423	1.489118
365	-17.504025	6.361423	1.489118
366	-17.504025	7.361423	1.489118
367	-17.504025	13.361423	1.408222
368	-17.504025	14.361423	1.408222
369	-17.504025	15.361423	1.408222
370	-17.504025	16.361423	1.408222
371	-17.504025	17.361423	1.408222
372	-17.504025	19.361423	1.408222
373	-17.504025	20.361423	1.408222
374	-17.504025	21.361423	1.408222
375	-17.504025	22.361423	1.408222
376	-17.504025	23.361423	1.408222
377	-17.504025	24.361423	1.408222
378	-16.504025	-5.638577	1.531664
379	-16.504025	-4.638577	1.531664
380	-16.504025	-3.638577	1.531664
381	-16.504025	-2.638577	1.531664
382	-16.504025	-1.638577	1.531664
383	-16.504025	-0.638577	1.603478
384	-16.504025	0.361423	1.603478
385	-16.504025	1.361423	1.603478
386	-16.504025	5.361423	1.491602
387	-16.504025	6.361423	1.491602
388	-16.504025	7.361423	1.539529
389	-16.504025	8.361423	1.539529
390	-16.504025	11.361423	1.539529
391	-16.504025	12.361423	1.539529
392	-16.504025	14.361423	1.408222
393	-16.504025	15.361423	1.408222
394	-16.504025	16.361423	1.408222
395	-16.504025	17.361423	1.408222
396	-16.504025	18.361423	1.408222
397	-16.504025	19.361423	1.408222
398	-16.504025	20.361423	1.408222
399	-16.504025	21.361423	1.408222
400	-16.504025	22.361423	1.408222
401	-16.504025	23.361423	1.000258
402	-16.504025	24.361423	1.000258
403	-16.504025	25.361423	1.000258
404	-15.504025	-5.638577	1.531664
405	-15.504025	-4.638577	1.531664
406	-15.504025	-3.638577	1.531664
407	-15.504025	-2.638577	1.531664
408	-15.504025	-1.638577	1.531664
409	-15.504025	-0.638577	1.603478
410	-15.504025	0.361423	1.603478
411	-15.504025	1.361423	1.603478
412	-15.504025	2.361423	1.603478
413	-15.504025	3.361423	1.603478
414	-15.504025	4.361423	1.603478
415	-15.504025	5.361423	1.491602
416	-15.504025	6.361423	1.491602
417	-15.504025	7.361423	1.539529
418	-15.504025	8.361423	1.539529
419	-15.504025	9.361423	1.539529
420	-15.504025	10.361423	1.539529
421	-15.504025	11.361423	1.539529
422	-15.504025	12.361423	1.539529
423	-15.504025	13.361423	1.539529
424	-15.504025	14.361423	1.440909
425	-15.504025	15.361423	1.440909
426	-15.504025	16.361423	1.440909
427	-15.504025	17.361423	1.440909
428	-15.504025	18.361423	1.000258
429	-15.504025	19.361423	1.000258
430	-15.504025	20.361423	1.000258
431	-15.504025	21.361423	1.000258
432	-15.504025	22.361423	1.000258
433	-15.504025	23.361423	1.000258
434	-15.504025	24.361423	1.000258
435	-15.504025	25.361423	1.000258
436	-14.504025	-3.638577	1.491602
437	-14.504025	-1.638577	1.491602
438	-14.504025	-0.638577	1.491602
439	-14.504025	0.361423	1.491602
440	-14.504025	1.361423	1.491602
441	-14.504025	2.361423	1.491602
442	-14.504025	3.361423	1.491602
443	-14.504025	4.361423	1.491602
444	-14.504025	5.361423	1.491602
445	-14.504025	6.361423	1.491602
446	-14.504025	7.361423	1.539529
447	-14.504025	8.361423	1.539529
448	-14.504025	9.361423	1.539529
449	-14.504025	10.361423	1.539529
450	-14.504025	11.361423	1.539529
451	-14.504025	12.361423	1.539529
452	-14.504025	14.361423	1.440909
453	-14.504025	15.361423	1.440909
454	-14.504025	16.361423	1.440909
455	-14.504025	17.361423	1.440909
456	-14.504025	19.361423	1.000258
457	-14.504025	20.361423	1.000258
458	-14.504025	21.361423	1.000258
459	-14.504025	22.361423	1.000258
460	-14.504025	23.361423	1.000258
461	-14.504025	24.361423	1.000258
462	-14.504025	25.361423	1.000258
463	-14.504025	26.361423	1.000258
464	-13.504025	-3.638577	1.491602
465	-13.504025	-2.638577	1.491602
466	-13.504025	-1.638577	1.491602
467	-13.504025	-0.638577	1.491602
468	-13.504025	0.361423	1.491602
469	-13.504025	1.361423	1.491602
470	-13.504025	2.361423	1.491602
471	-13.504025	3.361423	1.491602
472	-13.504025	4.361423	1.491602
473	-13.504025	5.361423	1.491602
474	-13.504025	6.361423	1.491602
475	-13.504025	7.361423	1.539529
476	-13.504025	8.361423	1.539529
477	-13.504025	9.361423	1.539529
478	-13.504025	10.361423	1.539529
479	-13.504025	11.361423	1.539529
480	-13.504025	12.361423	1.539529
481	-13.504025	14.361423	1.440909
482	-13.504025	15.361423	1.440909
483	-13.504025	16.361423	1.440909
484	-13.504025	17.361423	1.440909
485	-13.504025	18.361423	1.440909
486	-13.504025	19.361423	1.000258
487	-13.504025	20.361423	1.000258
488	-13.504025	21.361423	1.000258
489	-13.504025	22.361423	1.000258
490	-13.504025	23.361423	1.000258
491	-13.504025	24.361423	1.000258
492	-13.504025	25.361423	1.000258
493	-13.504025	26.361423	1.000258
494	-12.504025	-3.638577	1.491602
495	-12.504025	-2.638577	1.491602
496	-12.504025	-1.638577	1.491602
497	-12.504025	-0.638577	1.491602
498	-12.504025	0.361423	1.491602
499	-12.504025	1.361423	1.491602
500	-12.504025	3.361423	1.491602
501	-12.504025	4.361423	1.491602
502	-12.504025	5.361423	1.491602
503	-12.504025	6.361423	1.491602
504	-12.504025	7.361423	1.539529
505	-12.504025	8.361423	1.539529
506	-12.504025	9.361423	1.539529
507	-12.504025	10.361423	1.539529
508	-12.504025	11.361423	1.539529
509	-12.504025	12.361423	1.539529
510	-12.504025	13.361423	1.539529
511	-12.504025	14.361423	1.440909
512	-12.504025	15.361423	1.440909
513	-12.504025	16.361423	1.440909
514	-12.504025	17.361423	1.440909
515	-12.504025	18.361423	1.440909
516	-12.504025	19.361423	1.000258
517	-12.504025	20.361423	1.000258
518	-12.504025	21.361423	1.000258
519	-12.504025	22.361423	1.000258
520	-12.504025	23.361423	1.000258
521	-12.504025	24.361423	1.000258
522	-12.504025	25.361423	1.000258
523	-12.504025	26.361423	1.000258
524	-11.504025	-3.638577	1.491602
525	-11.504025	-2.638577	1.491602
526	-11.504025	-1.638577	1.491602
527	-11.504025	-0.638577	1.491602
528	-11.504025	0.361423	1.491602
529	-11.504025	1.361423	1.491602
530	-11.504025	2.361423	1.491602
531	-11.504025	3.361423	1.491602
532	-11.504025	4.361423	1.491602
533	-11.504025	5.361423	1.491602
534	-11.504025	6.361423	1.491602
535	-11.504025	7.361423	1.539529
536	-11.504025	8.361423	1.539529
537	-11.504025	9.361423	1.539529
538	-11.504025	10.361423	1.539529
539	-11.504025	11.361423	1.539529
540	-11.504025	12.361423	1.539529
541	-11.504025	15.361423	1.440909
542	-11.504025	16.361423	1.440909
543	-11.504025	17.361423	1.440909
544	-11.504025	19.361423	1.000258
545	-11.504025	20.361423	1.000258
546	-11.504025	21.361423	1.000258
547	-11.504025	22.361423	1.000258
548	-11.504025	23.361423	1.000258
549	-11.504025	24.361423	1.000258
550	-11.504025	25.361423	1.000258
551	-11.504025	26.361423	1.000258
552	-10.504025	-1.638577	1.491602
553	-10.504025	-0.638577	1.491602
554	-10.504025	0.361423	1.491602
555	-10.504025	1.361423	1.491602
556	-10.504025	2.361423	1.491602
557	-10.504025	3.361423	1.491602
558	-10.504025	4.361423	1.491602
559	-10.504025	5.361423	1.491602
560	-10.504025	6.361423	1.491602
561	-10.504025	7.361423	1.539529
562	-10.504025	8.361423	1.539529
563	-10.504025	9.361423	1.539529
564	-10.504025	10.361423	1.539529
565	-10.504025	11.361423	1.539529
566	-10.504025	12.361423	1.539529
567	-10.504025	13.361423	1.539529
568	-10.504025	14.361423	1.440909
569	-10.504025	15.361423	1.440909
570	-10.504025	16.361423	1.440909
571	-10.504025	17.361423	1.440909
572	-10.504025	18.361423	1.440909
573	-10.504025	19.361423	1.000258
574	-10.504025	20.361423	1.000258
575	-10.504025	21.361423	1.000258
576	-10.504025	22.361423	1.000258
577	-10.504025	23.361423	1.000258
578	-10.504025	24.361423	1.000258
579	-10.504025	25.361423	1.000258
580	-10.504025	26.361423	1.000258
581	-9.504025	-5.638577	1.493043
582	-9.504025	-4.638577	1.493043
583	-9.504025	-3.638577	1.493043
584	-9.504025	-2.638577	1.493043
585	-9.504025	-1.638577	1.493043
586	-9.504025	-0.638577	1.493043
587	-9.504025	0.361423	1.668878
588	-9.504025	5.361423	1.491602
589	-9.504025	6.361423	1.491602
590	-9.504025	7.361423	1.539529
591	-9.504025	8.361423	1.539529
592	-9.504025	9.361423	1.539529
593	-9.504025	10.361423	1.539529
594	-9.504025	11.361423	1.539529
595	-9.504025	12.361423	1.539529
596	-9.504025	13.361423	1.539529
597	-9.504025	14.361423	1.440909
598	-9.504025	15.361423	1.440909
599	-9.504025	16.361423	1.440909
600	-9.504025	17.361423	1.440909
601	-9.504025	18.361423	1.440909
602	-9.504025	19.361423	1.000258
603	-9.504025	20.361423	1.000258
604	-9.504025	21.361423	1.000258
605	-9.504025	22.361423	1.000258
606	-9.504025	23.361423	1.000258
607	-9.504025	24.361423	1.000258
608	-9.504025	25.361423	1.000258
609	-9.504025	26.361423	1.000258
610	-9.504025	27.361423	1.000258
611	-8.504025	-5.638577	1.493043
612	-8.504025	-4.638577	1.493043
613	-8.504025	-3.638577	1.493043
614	-8.504025	-2.638577	1.493043
615	-8.504025	-1.638577	1.493043
616	-8.504025	1.361423	1.668878
617	-8.504025	6.361423	1.490095
618	-8.504025	8.361423	1.539529
619	-8.504025	9.361423	1.539529
620	-8.504025	10.361423	1.539529
621	-8.504025	11.361423	1.539529
622	-8.504025	12.361423	1.539529
623	-8.504025	14.361423	1.440909
624	-8.504025	15.361423	1.440909
625	-8.504025	16.361423	1.440909
626	-8.504025	17.361423	1.440909
627	-8.504025	19.361423	1.000258
628	-8.504025	20.361423	1.000258
629	-8.504025	21.361423	1.000258
630	-8.504025	22.361423	1.000258
631	-8.504025	23.361423	1.000258
632	-8.504025	24.361423	1.000258
633	-8.504025	25.361423	1.000258
634	-8.504025	26.361423	1.000258
635	-8.504025	27.361423	1.000258
636	-7.504025	-5.638577	1.493043
637	-7.504025	-4.638577	1.493043
638	-7.504025	-3.638577	1.493043
639	-7.504025	-2.638577	1.493043
640	-7.504025	-1.638577	1.493043
641	-7.504025	-0.638577	1.493043
642	-7.504025	1.361423	1.490095
643	-7.504025	2.361423	1.490095
644	-7.504025	3.361423	1.490095
645	-7.504025	4.361423	1.490095
646	-7.504025	5.361423	1.490095
647	-7.504025	7.361423	1.525066
648	-7.504025	8.361423	1.525066
649	-7.504025	9.361423	1.525066
650	-7.504025	10.361423	1.525066
651	-7.504025	11.361423	1.525066
652	-7.504025	12.361423	1.525066
653	-7.504025	14.361423	1.487079
654	-7.504025	15.361423	1.487079
655	-7.504025	16.361423	1.487079
656	-7.504025	17.361423	1.000258
657	-7.504025	18.361423	1.000258
658	-7.504025	19.361423	1.000258
659	-7.504025	20.361423	1.000258
660	-7.504025	21.361423	1.000258
661	-7.504025	22.361423	1.000258
662	-7.504025	23.361423	1.000258
663	-7.504025	24.361423	1.000258
664	-7.504025	25.361423	1.000258
665	-7.504025	26.361423	1.000258
666	-7.504025	27.361423	1.000258
667	-6.504025	-5.638577	1.493043
668	-6.504025	-4.638577	1.493043
669	-6.504025	-3.638577	1.493043
670	-6.504025	-2.638577	1.493043
671	-6.504025	-1.638577	1.493043
672	-6.504025	-0.638577	1.493043
673	-6.504025	0.361423	1.493043
674	-6.504025	5.361423	1.695300
675	-6.504025	7.361423	1.525066
676	-6.504025	8.361423	1.525066
677	-6.504025	9.361423	1.525066
678	-6.504025	10.361423	1.525066
679	-6.504025	11.361423	1.525066
680	-6.504025	12.361423	1.525066
681	-6.504025	13.361423	1.525066
682	-6.504025	14.361423	1.487079
683	-6.504025	15.361423	1.487079
684	-6.504025	16.361423	1.487079
685	-6.504025	17.361423	1.487079
686	-6.504025	18.361423	1.487079
687	-6.504025	19.361423	1.487079
688	-6.504025	20.361423	1.487079
689	-6.504025	21.361423	1.000258
690	-6.504025	22.361423	1.000258
691	-6.504025	23.361423	1.000258
692	-6.504025	24.361423	1.000258
693	-6.504025	25.361423	1.000258
694	-6.504025	26.361423	1.000258
695	-6.504025	27.361423	1.000258
696	-5.504025	-5.638577	1.493043
697	-5.504025	-4.638577	1.493043
698	-5.504025	-3.638577	1.493043
699	-5.504025	-2.638577	1.493043
700	-5.504025	-1.638577	1.493043
701	-5.504025	-0.638577	1.493043
702	-5.504025	0.361423	1.493043
703	-5.504025	1.361423	1.490095
704	-5.504025	3.361423	1.490095
705	-5.504025	7.361423	1.525066
706	-5.504025	8.361423	1.525066
707	-5.504025	9.361423	1.525066
708	-5.504025	10.361423	1.525066
709	-5.504025	11.361423	1.525066
710	-5.504025	12.361423	1.525066
711	-5.504025	13.361423	1.525066
712	-5.504025	14.361423	1.487079
713	-5.504025	15.361423	1.487079
714	-5.504025	16.361423	1.487079
715	-5.504025	17.361423	1.487079
716	-5.504025	18.361423	1.487079
717	-5.504025	19.361423	1.487079
718	-5.504025	21.361423	1.487079
719	-5.504025	22.361423	1.000258
720	-5.504025	23.361423	1.000258
721	-5.504025	24.361423	1.000258
722	-5.504025	25.361423	1.000258
723	-5.504025	26.361423	1.000258
724	-5.504025	27.361423	1.000258
725	-4.504025	-5.638577	1.493043
726	-4.504025	-3.638577	1.493043
727	-4.504025	-2.638577	1.493043
728	-4.504025	-1.638577	1.493043
729	-4.504025	-0.638577	1.493043
730	-4.504025	0.361423	1.493043
731	-4.504025	3.361423	1.490095
732	-4.504025	7.361423	1.525066
733	-4.504025	8.361423	1.525066
734	-4.504025	9.361423	1.525066
735	-4.504025	10.361423	1.525066
736	-4.504025	11.361423	1.525066
737	-4.504025	12.361423	1.525066
738	-4.504025	13.361423	1.525066
739	-4.504025	14.361423	1.487079
740	-4.504025	15.361423	1.487079
741	-4.504025	16.361423	1.487079
742	-4.504025	17.361423	1.487079
743	-4.504025	18.361423	1.487079
744	-4.504025	19.361423	1.487079
745	-4.504025	20.361423	1.487079
746	-4.504025	21.361423	1.487079
747	-4.504025	22.361423	1.000258
748	-4.504025	23.361423	1.000258
749	-4.504025	24.361423	1.000258
750	-4.504025	25.361423	1.000258
751	-4.504025	26.361423	1.000258
752	-4.504025	27.361423	1.000258
753	-3.504025	-5.638577	1.493043
754	-3.504025	-4.638577	1.493043
755	-3.504025	-2.638577	1.493043
756	-3.504025	-1.638577	1.493043
757	-3.504025	-0.638577	1.486642
758	-3.504025	2.361423	1.490095
759	-3.504025	7.361423	1.525066
760	-3.504025	8.361423	1.525066
761	-3.504025	9.361423	1.525066
762	-3.504025	10.361423	1.525066
763	-3.504025	11.361423	1.525066
764	-3.504025	12.361423	1.525066
765	-3.504025	14.361423	1.487079
766	-3.504025	16.361423	1.487079
767	-3.504025	17.361423	1.487079
768	-3.504025	18.361423	1.487079
769	-3.504025	19.361423	1.487079
770	-3.504025	20.361423	1.487079
771	-3.504025	21.361423	1.487079
772	-3.504025	22.361423	1.000258
773	-3.504025	23.361423	1.000258
774	-3.504025	24.361423	1.000258
775	-3.504025	25.361423	1.000258
776	-3.504025	26.361423	1.000258
777	-3.504025	27.361423	1.000258
778	-2.504025	-1.638577	1.486642
779	-2.504025	-0.638577	1.486642
780	-2.504025	0.361423	1.486642
781	-2.504025	1.361423	1.490095
782	-2.504025	3.361423	1.490095
783	-2.504025	5.361423	1.490095
784	-2.504025	6.361423	1.525066
785	-2.504025	7.361423	1.525066
786	-2.504025	8.361423	1.525066
787	-2.504025	9.361423	1.525066
788	-2.504025	10.361423	1.525066
789	-2.504025	11.361423	1.525066
790	-2.504025	12.361423	1.525066
791	-2.504025	13.361423	1.508100
792	-2.504025	14.361423	1.508100
793	-2.504025	15.361423	1.508100
794	-2.504025	17.361423	1.487079
795	-2.504025	18.361423	1.487079
796	-2.504025	19.361423	1.487079
797	-2.504025	20.361423	1.487079
798	-2.504025	21.361423	1.487079
799	-2.504025	22.361423	1.000258
800	-2.504025	23.361423	1.000258
801	-2.504025	24.361423	1.000258
802	-2.504025	25.361423	1.000258
803	-2.504025	26.361423	1.000258
804	-2.504025	27.361423	1.000258
805	-1.504025	-1.638577	1.486642
806	-1.504025	0.361423	1.486642
807	-1.504025	1.361423	1.486642
808	-1.504025	2.361423	1.486642
809	-1.504025	3.361423	1.486642
810	-1.504025	4.361423	1.490095
811	-1.504025	6.361423	1.525066
812	-1.504025	7.361423	1.525066
813	-1.504025	8.361423	1.525066
814	-1.504025	12.361423	1.525066
815	-1.504025	13.361423	1.508100
816	-1.504025	14.361423	1.508100
817	-1.504025	15.361423	1.508100
818	-1.504025	16.361423	1.508100
819	-1.504025	17.361423	1.487079
820	-1.504025	18.361423	1.487079
821	-1.504025	19.361423	1.487079
822	-1.504025	20.361423	1.487079
823	-1.504025	21.361423	1.487079
824	-1.504025	22.361423	1.000258
825	-1.504025	23.361423	1.000258
826	-1.504025	24.361423	1.000258
827	-1.504025	25.361423	1.000258
828	-1.504025	26.361423	1.000258
829	-1.504025	27.361423	1.000258
830	-0.504025	-1.638577	1.486642
831	-0.504025	-0.638577	1.486642
832	-0.504025	0.361423	1.486642
833	-0.504025	1.361423	1.486642
834	-0.504025	2.361423	1.486642
835	-0.504025	3.361423	1.486642
836	-0.504025	4.361423	1.494930
837	-0.504025	5.361423	1.494930
838	-0.504025	7.361423	1.525066
839	-0.504025	12.361423	1.525066
840	-0.504025	13.361423	1.508100
841	-0.504025	14.361423	1.508100
842	-0.504025	15.361423	1.508100
843	-0.504025	16.361423	1.508100
844	-0.504025	17.361423	1.487079
845	-0.504025	18.361423	1.487079
846	-0.504025	19.361423	1.487079
847	-0.504025	20.361423	1.487079
848	-0.504025	21.361423	1.487079
849	-0.504025	22.361423	1.000258
850	-0.504025	23.361423	1.000258
851	-0.504025	24.361423	1.000258
852	-0.504025	25.361423	1.000258
853	-0.504025	26.361423	1.000258
854	-0.504025	27.361423	1.000258
855	0.495975	-1.638577	1.486642
856	0.495975	-0.638577	1.486642
857	0.495975	0.361423	1.486642
858	0.495975	1.361423	1.486642
859	0.495975	3.361423	1.486642
860	0.495975	4.361423	1.494930
861	0.495975	5.361423	1.494930
862	0.495975	6.361423	1.494930
863	0.495975	8.361423	1.525066
864	0.495975	9.361423	1.525066
865	0.495975	10.361423	1.525066
866	0.495975	11.361423	1.525066
867	0.495975	12.361423	1.525066
868	0.495975	13.361423	1.508100
869	0.495975	14.361423	1.508100
870	0.495975	15.361423	1.508100
871	0.495975	16.361423	1.508100
872	0.495975	17.361423	1.487079
873	0.495975	18.361423	1.487079
874	0.495975	19.361423	1.487079
875	0.495975	20.361423	1.487079
876	0.495975	21.361423	1.487079
877	0.495975	22.361423	1.000258
878	0.495975	23.361423	1.000258
879	0.495975	24.361423	1.000258
880	0.495975	25.361423	1.000258
881	0.495975	26.361423	1.000258
882	1.495975	-0.638577	1.486642
883	1.495975	0.361423	1.486642
884	1.495975	2.361423	1.486642
885	1.495975	3.361423	1.486642
886	1.495975	4.361423	1.494930
887	1.495975	5.361423	1.494930
888	1.495975	7.361423	1.494930
889	1.495975	8.361423	1.494930
890	1.495975	9.361423	1.494930
891	1.495975	10.361423	1.494930
892	1.495975	11.361423	1.494930
893	1.495975	12.361423	1.494930
894	1.495975	13.361423	1.508100
895	1.495975	14.361423	1.508100
896	1.495975	15.361423	1.508100
897	1.495975	16.361423	1.487079
898	1.495975	18.361423	1.487079
899	1.495975	19.361423	1.487079
900	1.495975	20.361423	1.487079
901	1.495975	21.361423	1.487079
902	1.495975	22.361423	1.000258
903	1.495975	23.361423	1.000258
904	1.495975	24.361423	1.000258
905	1.495975	25.361423	1.000258
906	2.495975	0.361423	1.486642
907	2.495975	1.361423	1.486642
908	2.495975	2.361423	1.486642
909	2.495975	3.361423	1.486642
910	2.495975	4.361423	1.494930
911	2.495975	6.361423	1.494930
912	2.495975	7.361423	1.494930
913	2.495975	8.361423	1.494930
914	2.495975	9.361423	1.494930
915	2.495975	10.361423	1.494930
916	2.495975	11.361423	1.494930
917	2.495975	12.361423	1.494930
918	2.495975	14.361423	1.487079
919	2.495975	16.361423	1.487079
920	2.495975	17.361423	1.487079
921	2.495975	18.361423	1.487079
922	2.495975	19.361423	1.487079
923	2.495975	20.361423	1.487079
924	2.495975	21.361423	1.487079
925	2.495975	22.361423	1.000258
926	2.495975	23.361423	1.000258
927	2.495975	24.361423	1.000258
928	2.495975	25.361423	1.000258
929	3.495975	5.361423	1.494930
930	3.495975	6.361423	1.494930
931	3.495975	7.361423	1.494930
932	3.495975	8.361423	1.494930
933	3.495975	9.361423	1.494930
934	3.495975	10.361423	1.494930
935	3.495975	11.361423	1.494930
936	3.495975	12.361423	1.494930
937	3.495975	13.361423	1.494930
938	3.495975	14.361423	1.487079
939	3.495975	15.361423	1.487079
940	3.495975	16.361423	1.487079
941	3.495975	17.361423	1.487079
942	3.495975	18.361423	1.487079
943	3.495975	19.361423	1.487079
944	3.495975	20.361423	1.487079
945	3.495975	21.361423	1.487079
946	3.495975	23.361423	1.000258
947	4.495975	4.361423	1.494930
948	4.495975	5.361423	1.494930
949	4.495975	6.361423	1.494930
950	4.495975	7.361423	1.494930
951	4.495975	8.361423	1.494930
952	4.495975	9.361423	1.494930
953	4.495975	10.361423	1.494930
954	4.495975	11.361423	1.494930
955	4.495975	13.361423	1.494930
956	4.495975	14.361423	1.487079
957	4.495975	15.361423	1.487079
958	4.495975	16.361423	1.487079
959	4.495975	17.361423	1.487079
960	4.495975	18.361423	1.487079
961	4.495975	19.361423	1.487079
962	5.495975	5.361423	1.494930
963	5.495975	6.361423	1.494930
964	5.495975	7.361423	1.494930
965	5.495975	9.361423	1.494930
966	5.495975	11.361423	1.494930
967	5.495975	12.361423	1.494930
968	5.495975	13.361423	1.494930
969	5.495975	14.361423	1.487079
970	5.495975	15.361423	1.487079
971	6.495975	6.361423	1.494930
972	6.495975	8.361423	1.494930
973	6.495975	9.361423	1.494930
974	6.495975	10.361423	1.494930
975	-16.504025	12.361423	5.953280
976	-16.504025	13.361423	5.953280
977	-16.504025	14.361423	5.921430
978	-16.504025	15.361423	5.921430
979	-16.504025	16.361423	5.921430
980	-16.504025	17.361423	5.921430
981	-15.504025	11.361423	5.953280
982	-15.504025	12.361423	5.953280
983	-15.504025	13.361423	5.953280
984	-15.504025	14.361423	5.921430
985	-15.504025	15.361423	5.921430
986	-15.504025	16.361423	5.921430
987	-15.504025	17.361423	5.921430
988	-14.504025	12.361423	5.921430
989	-14.504025	13.361423	5.921430
990	-14.504025	14.361423	5.921430
991	-14.504025	15.361423	5.921430
992	-14.504025	16.361423	5.921430
993	-14.504025	17.361423	5.921430
994	-13.504025	11.361423	5.962820
995	-13.504025	12.361423	5.921430
996	-13.504025	14.361423	5.921430
997	-13.504025	15.361423	5.921430
998	-13.504025	16.361423	5.921430
999	-13.504025	17.361423	5.921430
1000	-12.504025	9.361423	5.925350
1001	-12.504025	10.361423	5.925350
1002	-12.504025	11.361423	5.921430
1003	-12.504025	12.361423	5.921430
1004	-12.504025	14.361423	5.921430
1005	-12.504025	15.361423	5.921430
1006	-12.504025	16.361423	5.921430
1007	-12.504025	17.361423	5.921430
1008	-11.504025	11.361423	5.921430
1009	-11.504025	12.361423	5.921430
1010	-11.504025	14.361423	5.921430
1011	-11.504025	15.361423	5.921430
1012	-11.504025	16.361423	5.921430
1013	-11.504025	17.361423	5.921430
1014	-10.504025	8.361423	5.931470
1015	-10.504025	9.361423	5.931470
1016	-10.504025	10.361423	5.931470
1017	-10.504025	12.361423	5.921430
1018	-10.504025	13.361423	5.921430
1019	-10.504025	14.361423	5.921430
1020	-10.504025	15.361423	5.921430
1021	-10.504025	16.361423	5.921430
1022	-10.504025	17.361423	5.921430
1023	-9.504025	8.361423	5.931470
1024	-9.504025	9.361423	5.931470
1025	-9.504025	10.361423	5.931470
1026	-9.504025	11.361423	5.931470
1027	-9.504025	12.361423	5.921430
1028	-9.504025	13.361423	5.921430
1029	-9.504025	14.361423	5.921430
1030	-9.504025	15.361423	5.921430
1031	-9.504025	16.361423	5.921430
1032	-9.504025	17.361423	5.921430
1033	-8.504025	7.361423	5.931470
1034	-8.504025	8.361423	5.931470
1035	-8.504025	9.361423	5.931470
1036	-8.504025	10.361423	5.931470
1037	-8.504025	11.361423	5.931470
1038	-8.504025	12.361423	5.921430
1039	-8.504025	13.361423	5.921430
1040	-8.504025	14.361423	5.921430
1041	-8.504025	15.361423	5.921430
1042	-8.504025	16.361423	5.921430
1043	-8.504025	17.361423	5.921430
1044	-7.504025	8.361423	5.927620
1045	-7.504025	10.361423	5.927620
1046	-7.504025	12.361423	5.927620
1047	-6.504025	8.361423	5.927620
1048	-6.504025	10.361423	5.927620
1049	-6.504025	11.361423	5.927620
1050	-6.504025	12.361423	5.927620
1051	-6.504025	13.361423	5.927620
1052	-5.504025	8.361423	5.927620
1053	-5.504025	9.361423	5.927620
1054	-5.504025	10.361423	5.927620
1055	-5.504025	11.361423	5.927620
1056	-5.504025	12.361423	5.927620
1057	-5.504025	13.361423	5.927620
1058	-4.504025	8.361423	5.927620
1059	-4.504025	9.361423	5.927620
1060	-4.504025	10.361423	5.927620
1061	-4.504025	11.361423	5.927620
1062	-4.504025	12.361423	5.927620
1063	-3.504025	10.361423	5.927620
1064	-3.504025	11.361423	5.927620
1065	-3.504025	12.361423	5.927620
1066	-2.504025	8.361423	5.927620
1067	-2.504025	10.361423	5.927620
1068	-19.504025	7.361423	5.953280
1069	-19.504025	8.361423	5.953280
1070	-19.504025	9.361423	5.953280
1071	-19.504025	10.361423	5.953280
1072	-19.504025	11.361423	5.953280
1073	-19.504025	12.361423	5.953280
1074	-19.504025	13.361423	5.953280
1075	-18.504025	7.361423	5.953280
1076	-18.504025	8.361423	5.953280
1077	-18.504025	9.361423	5.953280
1078	-18.504025	10.361423	5.953280
1079	-18.504025	11.361423	5.953280
1080	-18.504025	12.361423	5.953280
1081	-18.504025	13.361423	5.953280
1082	-17.504025	7.361423	5.953280
1083	-17.504025	8.361423	5.953280
1084	-17.504025	9.361423	5.953280
1085	-17.504025	10.361423	5.953280
1086	-17.504025	11.361423	5.953280
1087	-17.504025	12.361423	5.953280
1088	-16.504025	8.361423	5.953280
1089	-16.504025	9.361423	5.953280
1090	-16.504025	10.361423	5.953280
1091	-15.504025	10.361423	5.953280
