0	-2.442938	-6.078599	1.459785
1	-2.442938	-5.078599	1.459785
2	-2.442938	-4.078599	1.459785
3	-2.442938	-3.078599	1.459785
4	-2.442938	-2.078599	1.459785
5	-1.442938	-6.078599	1.459785
6	-1.442938	-5.078599	1.459785
7	-1.442938	-4.078599	1.459785
8	-1.442938	-3.078599	1.459785
9	-1.442938	-2.078599	1.459785
10	-1.442938	-0.078599	1.422605
11	-0.442938	-6.078599	1.459785
12	-0.442938	-5.078599	1.459785
13	-0.442938	-4.078599	1.459785
14	-0.442938	-3.078599	1.459785
15	-0.442938	-0.078599	1.422605
16	0.557062	-6.078599	1.459785
17	0.557062	-5.078599	1.459785
18	0.557062	-4.078599	1.459785
19	0.557062	-3.078599	1.459785
20	0.557062	-2.078599	1.459785
21	0.557062	-1.078599	1.422605
22	0.557062	-0.078599	1.422605
23	1.557062	-5.078599	1.459785
24	1.557062	-4.078599	1.459785
25	1.557062	-3.078599	1.459785
26	1.557062	-2.078599	1.459785
27	1.557062	-1.078599	1.422605
28	1.557062	-0.078599	1.422605
29	2.557062	-7.078599	1.459785
30	2.557062	-6.078599	1.459785
31	2.557062	-3.078599	1.459785
32	2.557062	-2.078599	1.459785
33	2.557062	0.921401	1.449545
34	3.557062	-6.078599	1.472823
35	3.557062	-5.078599	1.472823
36	3.557062	-4.078599	1.472823
37	3.557062	-3.078599	1.472823
38	3.557062	-1.078599	1.480399
39	3.557062	-0.078599	1.449545
40	3.557062	0.921401	1.449545
41	4.557062	-6.078599	1.472823
42	4.557062	-5.078599	1.472823
43	4.557062	-4.078599	1.472823
44	4.557062	-3.078599	1.472823
45	4.557062	-1.078599	1.480399
46	4.557062	-0.078599	1.449545
47	4.557062	0.921401	1.449545
48	5.557062	-6.078599	1.472823
49	5.557062	-5.078599	1.472823
50	5.557062	-4.078599	1.472823
51	5.557062	-3.078599	1.472823
52	5.557062	-2.078599	1.472823
53	5.557062	-0.078599	1.449545
54	5.557062	0.921401	1.449545
55	6.557062	-6.078599	1.472823
56	6.557062	-5.078599	1.472823
57	6.557062	-4.078599	1.472823
58	6.557062	-3.078599	1.472823
59	6.557062	-2.078599	1.472823
60	6.557062	-0.078599	1.449545
61	7.557062	-6.078599	1.472823
62	7.557062	-5.078599	1.472823
63	7.557062	-4.078599	1.472823
64	7.557062	-3.078599	1.472823
65	7.557062	-2.078599	1.472823
66	7.557062	-0.078599	1.423051
67	8.557062	-5.078599	1.472823
68	8.557062	-4.078599	1.472823
69	8.557062	-3.078599	1.472823
70	8.557062	-2.078599	1.437003
71	8.557062	-0.078599	1.423051
72	9.557062	-4.078599	1.437003
73	9.557062	-3.078599	1.437003
74	9.557062	-2.078599	1.437003
75	9.557062	-1.078599	1.437003
76	10.557062	-6.078599	1.437003
77	10.557062	-5.078599	1.437003
78	10.557062	-4.078599	1.437003
79	10.557062	-3.078599	1.437003
80	10.557062	-2.078599	1.437003
81	10.557062	-1.078599	1.437003
82	10.557062	-0.078599	1.437003
83	11.557062	-6.078599	1.437003
84	11.557062	-5.078599	1.437003
85	11.557062	-4.078599	1.437003
86	11.557062	-3.078599	1.437003
87	11.557062	-2.078599	1.437003
88	11.557062	-1.078599	1.437003
89	11.557062	-0.078599	1.437003
90	12.557062	-6.078599	1.437003
91	12.557062	-5.078599	1.437003
92	12.557062	-4.078599	1.437003
93	12.557062	-3.078599	1.437003
94	12.557062	-2.078599	1.437003
95	12.557062	-1.078599	1.437003
96	12.557062	-0.078599	1.437003
97	13.557062	-6.078599	1.437003
98	13.557062	-5.078599	1.437003
99	13.557062	-4.078599	1.437003
100	13.557062	-3.078599	1.437003
101	13.557062	-2.078599	1.437003
102	13.557062	-1.078599	1.437003
103	13.557062	-0.078599	1.437003
104	14.557062	-6.078599	1.437003
105	14.557062	-5.078599	1.437003
106	14.557062	-4.078599	1.437003
107	14.557062	-3.078599	1.437003
108	14.557062	-2.078599	1.437003
109	14.557062	-1.078599	1.437003
110	14.557062	-0.078599	1.437003
111	15.557062	-3.078599	1.437003
112	15.557062	-2.078599	1.437003
113	15.557062	-1.078599	1.437003
114	15.557062	-0.078599	1.437003
115	-2.442938	-7.078599	4.670260
116	-2.442938	-6.078599	4.670260
117	-1.442938	-7.078599	4.670260
118	-1.442938	-6.078599	4.670260
119	-1.442938	-5.078599	4.681070
120	-1.442938	-4.078599	4.681070
121	-1.442938	-3.078599	4.681070
122	-1.442938	-2.078599	4.681070
123	-1.442938	-1.078599	4.681070
124	-1.442938	-0.078599	4.728970
125	-0.442938	-7.078599	4.670260
126	-0.442938	-6.078599	4.670260
127	-0.442938	-5.078599	4.681070
128	-0.442938	-4.078599	4.681070
129	-0.442938	-3.078599	4.681070
130	-0.442938	-2.078599	4.681070
131	-0.442938	-1.078599	4.681070
132	-0.442938	-0.078599	4.728970
133	0.557062	-6.078599	4.670260
134	0.557062	-0.078599	4.728970
135	1.557062	-6.078599	4.670260
136	1.557062	-3.078599	4.728970
137	1.557062	-2.078599	4.728970
138	1.557062	-1.078599	4.728970
139	1.557062	-0.078599	4.728970
140	2.557062	-3.078599	4.728970
141	2.557062	-2.078599	4.728970
142	2.557062	-1.078599	4.728970
143	2.557062	-0.078599	4.728970
144	3.557062	-3.078599	4.728970
145	3.557062	-2.078599	4.728970
146	3.557062	-1.078599	4.728970
147	3.557062	-0.078599	4.728970
148	4.557062	-3.078599	4.728970
149	4.557062	-2.078599	4.728970
150	4.557062	-1.078599	4.728970
151	4.557062	-0.078599	4.728970
152	5.557062	-3.078599	4.728970
153	5.557062	-2.078599	4.728970
154	5.557062	-1.078599	4.728970
155	5.557062	-0.078599	4.728970
156	6.557062	-3.078599	4.728970
157	6.557062	-2.078599	4.728970
158	6.557062	-1.078599	4.728970
159	6.557062	-0.078599	4.728970
160	7.557062	-3.078599	4.728970
161	7.557062	-2.078599	4.728970
162	7.557062	-1.078599	4.728970
163	7.557062	-0.078599	4.728970
164	8.557062	-3.078599	4.728970
165	8.557062	-2.078599	4.728970
166	8.557062	-1.078599	4.728970
167	8.557062	-0.078599	4.728970
168	9.557062	-7.078599	4.723890
169	9.557062	-6.078599	4.723890
170	9.557062	-5.078599	4.723890
171	9.557062	-4.078599	4.723890
172	9.557062	-3.078599	4.728970
173	9.557062	-2.078599	4.728970
174	9.557062	-1.078599	4.728970
175	9.557062	-0.078599	4.728970
176	10.557062	-6.078599	4.723890
177	10.557062	-5.078599	4.723890
178	10.557062	-4.078599	4.723890
179	10.557062	-3.078599	4.717200
180	10.557062	-2.078599	4.717200
181	10.557062	-1.078599	4.717200
182	10.557062	-0.078599	4.728970
183	11.557062	-6.078599	4.723890
184	11.557062	-5.078599	4.723890
185	11.557062	-4.078599	4.723890
186	11.557062	-3.078599	4.717200
187	11.557062	-2.078599	4.717200
188	11.557062	-1.078599	4.717200
189	11.557062	-0.078599	4.728970
190	12.557062	-0.078599	4.728970
191	13.557062	-6.078599	4.724030
192	13.557062	-5.078599	4.724030
193	13.557062	-4.078599	4.724030
194	13.557062	-3.078599	4.703790
195	13.557062	-2.078599	4.703790
196	13.557062	-1.078599	4.703790
197	13.557062	-0.078599	4.728970
198	14.557062	-6.078599	4.724030
199	14.557062	-5.078599	4.724030
200	14.557062	-4.078599	4.724030
201	14.557062	-3.078599	4.703790
202	14.557062	-2.078599	4.703790
203	14.557062	-0.078599	4.728970
204	15.557062	-4.078599	4.724030
205	15.557062	-3.078599	4.703790
206	15.557062	-2.078599	4.703790
