0	0.572557	-12.308851	1.460231
1	0.572557	-11.308851	1.460231
2	0.572557	-7.308851	1.450150
3	0.572557	-3.308851	1.288256
4	0.572557	-2.308851	1.288256
5	0.572557	-1.308851	1.288256
6	0.572557	-0.308851	1.288256
7	0.572557	0.691149	1.288256
8	0.572557	2.691149	1.288256
9	1.572557	-12.308851	1.460231
10	1.572557	-11.308851	1.460231
11	1.572557	-9.308851	1.447326
12	1.572557	-7.308851	1.450150
13	1.572557	-3.308851	1.288256
14	1.572557	-2.308851	1.288256
15	1.572557	-1.308851	1.288256
16	1.572557	-0.308851	1.288256
17	1.572557	0.691149	1.288256
18	1.572557	1.691149	1.288256
19	1.572557	2.691149	1.288256
20	2.572557	-7.308851	1.450150
21	2.572557	-3.308851	1.288256
22	2.572557	-2.308851	1.288256
23	2.572557	-1.308851	1.288256
24	2.572557	-0.308851	1.288256
25	2.572557	0.691149	1.288256
26	2.572557	2.691149	1.288256
27	3.572557	-11.308851	1.439683
28	3.572557	-10.308851	1.439683
29	3.572557	-9.308851	1.439683
30	3.572557	-8.308851	1.439683
31	3.572557	-7.308851	1.442268
32	3.572557	-6.308851	1.442268
33	3.572557	-5.308851	1.442268
34	3.572557	-4.308851	1.442268
35	3.572557	-3.308851	1.442268
36	3.572557	-2.308851	1.288256
37	3.572557	-1.308851	1.288256
38	3.572557	-0.308851	1.288256
39	3.572557	0.691149	1.288256
40	3.572557	2.691149	1.480543
41	3.572557	3.691149	1.480543
42	3.572557	4.691149	1.480543
43	3.572557	9.691149	1.371451
44	3.572557	10.691149	1.371451
45	4.572557	-12.308851	1.439683
46	4.572557	-11.308851	1.439683
47	4.572557	-10.308851	1.439683
48	4.572557	-9.308851	1.439683
49	4.572557	-8.308851	1.439683
50	4.572557	-5.308851	1.442268
51	4.572557	-3.308851	1.442268
52	4.572557	-2.308851	1.442268
53	4.572557	-1.308851	1.459864
54	4.572557	-0.308851	1.459864
55	4.572557	2.691149	1.480543
56	4.572557	3.691149	1.480543
57	4.572557	4.691149	1.480543
58	4.572557	5.691149	1.480543
59	4.572557	9.691149	1.371451
60	4.572557	10.691149	1.371451
61	4.572557	11.691149	1.371451
62	5.572557	-12.308851	1.439683
63	5.572557	-11.308851	1.439683
64	5.572557	-10.308851	1.439683
65	5.572557	-9.308851	1.439683
66	5.572557	-8.308851	1.439683
67	5.572557	-7.308851	1.442268
68	5.572557	-5.308851	1.442268
69	5.572557	-4.308851	1.442268
70	5.572557	-3.308851	1.442268
71	5.572557	-2.308851	1.442268
72	5.572557	-1.308851	1.459864
73	5.572557	-0.308851	1.459864
74	5.572557	0.691149	1.459864
75	5.572557	2.691149	1.480543
76	5.572557	3.691149	1.480543
77	5.572557	4.691149	1.480543
78	5.572557	10.691149	1.371451
79	5.572557	11.691149	1.371451
80	6.572557	-12.308851	1.439683
81	6.572557	-11.308851	1.439683
82	6.572557	-10.308851	1.439683
83	6.572557	-9.308851	1.439683
84	6.572557	-8.308851	1.439683
85	6.572557	-7.308851	1.442268
86	6.572557	-5.308851	1.442268
87	6.572557	-4.308851	1.442268
88	6.572557	-3.308851	1.442268
89	6.572557	-2.308851	1.442268
90	6.572557	-1.308851	1.459864
91	6.572557	-0.308851	1.459864
92	6.572557	0.691149	1.459864
93	6.572557	3.691149	1.480543
94	6.572557	4.691149	1.480543
95	6.572557	7.691149	1.510071
96	6.572557	9.691149	1.371451
97	6.572557	10.691149	1.371451
98	6.572557	11.691149	1.371451
99	7.572557	-12.308851	1.439683
100	7.572557	-11.308851	1.439683
101	7.572557	-10.308851	1.439683
102	7.572557	-9.308851	1.439683
103	7.572557	-8.308851	1.439683
104	7.572557	-7.308851	1.442268
105	7.572557	-6.308851	1.442268
106	7.572557	-5.308851	1.442268
107	7.572557	-4.308851	1.442268
108	7.572557	-3.308851	1.442268
109	7.572557	-2.308851	1.442268
110	7.572557	-1.308851	1.459864
111	7.572557	-0.308851	1.459864
112	7.572557	0.691149	1.459864
113	7.572557	1.691149	1.459864
114	7.572557	2.691149	1.459864
115	7.572557	3.691149	1.459864
116	7.572557	4.691149	1.459864
117	7.572557	5.691149	1.459864
118	7.572557	6.691149	1.506572
119	7.572557	7.691149	1.506572
120	7.572557	8.691149	1.506572
121	7.572557	9.691149	1.371451
122	7.572557	10.691149	1.371451
123	7.572557	11.691149	1.371451
124	8.572556	-12.308851	1.439683
125	8.572556	-11.308851	1.439683
126	8.572556	-10.308851	1.439683
127	8.572556	-9.308851	1.439683
128	8.572556	-8.308851	1.439683
129	8.572556	-7.308851	1.442268
130	8.572556	-4.308851	1.442268
131	8.572556	-3.308851	1.442268
132	8.572556	-2.308851	1.442268
133	8.572556	-1.308851	1.459864
134	8.572556	-0.308851	1.459864
135	8.572556	2.691149	1.459864
136	8.572556	7.691149	1.506572
137	8.572556	8.691149	1.506572
138	8.572556	9.691149	1.506572
139	8.572556	10.691149	1.371451
140	8.572556	11.691149	1.371451
141	9.572556	-5.308851	1.462225
142	9.572556	-4.308851	1.462225
143	9.572556	-3.308851	1.462225
144	9.572556	-2.308851	1.462225
145	9.572556	-1.308851	1.462225
146	9.572556	-0.308851	1.462225
147	9.572556	0.691149	1.462225
148	9.572556	2.691149	1.477561
149	9.572556	3.691149	1.477561
150	9.572556	4.691149	1.482870
151	9.572556	5.691149	1.482870
152	9.572556	6.691149	1.506572
153	9.572556	7.691149	1.506572
154	9.572556	8.691149	1.506572
155	9.572556	9.691149	1.506572
156	10.572556	-12.308851	1.437865
157	10.572556	-11.308851	1.437865
158	10.572556	-10.308851	1.437865
159	10.572556	-9.308851	1.437865
160	10.572556	-8.308851	1.437865
161	10.572556	-7.308851	1.437865
162	10.572556	-6.308851	1.462225
163	10.572556	-5.308851	1.462225
164	10.572556	-4.308851	1.462225
165	10.572556	-3.308851	1.462225
166	10.572556	-2.308851	1.462225
167	10.572556	-1.308851	1.462225
168	10.572556	-0.308851	1.462225
169	10.572556	0.691149	1.462225
170	10.572556	3.691149	1.477561
171	10.572556	4.691149	1.482870
172	10.572556	5.691149	1.482870
173	10.572556	6.691149	1.506572
174	10.572556	7.691149	1.506572
175	10.572556	8.691149	1.506572
176	10.572556	9.691149	1.506572
177	11.572556	-12.308851	1.437865
178	11.572556	-11.308851	1.437865
179	11.572556	-10.308851	1.437865
180	11.572556	-9.308851	1.437865
181	11.572556	-8.308851	1.437865
182	11.572556	-5.308851	1.462225
183	11.572556	-4.308851	1.462225
184	11.572556	-3.308851	1.462225
185	11.572556	-2.308851	1.462225
186	11.572556	-1.308851	1.462225
187	11.572556	-0.308851	1.462225
188	11.572556	0.691149	1.462225
189	11.572556	4.691149	1.482870
190	11.572556	5.691149	1.482870
191	11.572556	6.691149	1.506572
192	11.572556	7.691149	1.506572
193	11.572556	8.691149	1.506572
194	11.572556	9.691149	1.506572
195	12.572556	-12.308851	1.437865
196	12.572556	-11.308851	1.437865
197	12.572556	-10.308851	1.437865
198	12.572556	-9.308851	1.437865
199	12.572556	-8.308851	1.437865
200	12.572556	-5.308851	1.462225
201	12.572556	-4.308851	1.462225
202	12.572556	-3.308851	1.462225
203	12.572556	-2.308851	1.462225
204	12.572556	-1.308851	1.462225
205	12.572556	-0.308851	1.462225
206	12.572556	0.691149	1.462225
207	12.572556	2.691149	1.476298
208	12.572556	3.691149	1.476298
209	12.572556	4.691149	1.476298
210	12.572556	5.691149	1.482870
211	12.572556	6.691149	1.506572
212	12.572556	7.691149	1.506572
213	12.572556	8.691149	1.506572
214	12.572556	9.691149	1.506572
215	13.572556	-12.308851	1.437865
216	13.572556	-11.308851	1.437865
217	13.572556	-10.308851	1.437865
218	13.572556	-9.308851	1.437865
219	13.572556	-8.308851	1.437865
220	13.572556	-5.308851	1.462225
221	13.572556	-4.308851	1.462225
222	13.572556	-3.308851	1.462225
223	13.572556	-2.308851	1.462225
224	13.572556	-1.308851	1.462225
225	13.572556	-0.308851	1.462225
226	13.572556	0.691149	1.462225
227	13.572556	3.691149	1.476298
228	13.572556	5.691149	1.482870
229	13.572556	6.691149	1.506572
230	13.572556	7.691149	1.506572
231	13.572556	8.691149	1.506572
232	13.572556	9.691149	1.506572
233	14.572556	-12.308851	1.437865
234	14.572556	-11.308851	1.437865
235	14.572556	-10.308851	1.437865
236	14.572556	-9.308851	1.437865
237	14.572556	-8.308851	1.437865
238	14.572556	-7.308851	1.437865
239	15.572556	-11.308851	1.437865
240	15.572556	-9.308851	1.437865
241	15.572556	-8.308851	1.437865
242	16.572557	-12.308851	1.240779
243	16.572557	-11.308851	1.240779
244	16.572557	-10.308851	1.240779
245	16.572557	-9.308851	1.240779
246	16.572557	-8.308851	1.240779
247	16.572557	-7.308851	1.240779
248	16.572557	-6.308851	1.240779
249	16.572557	-5.308851	1.240779
250	17.572557	-12.308851	1.240779
251	17.572557	-11.308851	1.240779
252	17.572557	-10.308851	1.240779
253	17.572557	-9.308851	1.240779
254	17.572557	-8.308851	1.240779
255	17.572557	-7.308851	1.240779
256	17.572557	-6.308851	1.240779
257	17.572557	-5.308851	1.240779
258	18.572557	-11.308851	1.240779
259	18.572557	-10.308851	1.240779
260	18.572557	-9.308851	1.240779
261	18.572557	-8.308851	1.240779
262	18.572557	-7.308851	1.240779
263	18.572557	-6.308851	1.240779
264	18.572557	-5.308851	1.240779
265	19.572557	-11.308851	1.240779
266	19.572557	-10.308851	1.240779
267	19.572557	-9.308851	1.240779
268	19.572557	-8.308851	1.240779
269	19.572557	-7.308851	1.240779
270	19.572557	-6.308851	1.240779
271	19.572557	-5.308851	1.240779
272	20.572557	-12.308851	1.240779
273	20.572557	-11.308851	1.240779
274	20.572557	-10.308851	1.240779
275	20.572557	-9.308851	1.240779
276	20.572557	-8.308851	1.240779
277	20.572557	-7.308851	1.240779
278	20.572557	-6.308851	1.240779
279	20.572557	-5.308851	1.240779
280	21.572557	-10.308851	1.240779
281	21.572557	-9.308851	1.240779
282	21.572557	-8.308851	1.240779
283	21.572557	-7.308851	1.240779
284	3.572557	-4.308851	4.985120
285	3.572557	-3.308851	4.985120
286	3.572557	-2.308851	4.985120
287	4.572557	-4.308851	4.985120
288	4.572557	-3.308851	4.985120
289	4.572557	-2.308851	4.985120
290	4.572557	-1.308851	4.934090
291	4.572557	-0.308851	4.934090
292	4.572557	0.691149	4.934090
293	4.572557	7.691149	4.932800
294	4.572557	8.691149	4.932800
295	4.572557	9.691149	4.932800
296	5.572557	-4.308851	4.985120
297	5.572557	-3.308851	4.985120
298	5.572557	-2.308851	4.985120
299	5.572557	-1.308851	4.934090
300	5.572557	-0.308851	4.934090
301	5.572557	0.691149	4.934090
302	5.572557	6.691149	4.932800
303	5.572557	7.691149	4.932800
304	5.572557	8.691149	4.932800
305	5.572557	9.691149	4.932800
306	6.572557	-4.308851	4.985120
307	6.572557	-3.308851	4.985120
308	6.572557	-2.308851	4.985120
309	6.572557	-1.308851	4.934090
310	6.572557	-0.308851	4.934090
311	6.572557	0.691149	4.934090
312	6.572557	6.691149	4.932800
313	6.572557	7.691149	4.932800
314	6.572557	8.691149	4.932800
315	6.572557	9.691149	4.932800
316	7.572557	-4.308851	4.934090
317	7.572557	-3.308851	4.934090
318	7.572557	-2.308851	4.934090
319	7.572557	-1.308851	4.934090
320	7.572557	-0.308851	4.934090
321	7.572557	0.691149	4.934090
322	7.572557	1.691149	4.934090
323	7.572557	2.691149	4.934090
324	7.572557	3.691149	4.934090
325	7.572557	4.691149	4.934090
326	7.572557	6.691149	4.932800
327	7.572557	7.691149	4.932800
328	7.572557	8.691149	4.932800
329	7.572557	9.691149	4.932800
330	8.572556	-5.308851	4.934090
331	8.572556	-4.308851	4.934090
332	8.572556	-2.308851	4.934090
333	8.572556	-1.308851	4.934090
334	8.572556	-0.308851	4.934090
335	8.572556	0.691149	4.934090
336	8.572556	2.691149	4.934090
337	8.572556	3.691149	4.934090
338	8.572556	8.691149	4.932800
339	9.572556	5.691149	4.923560
340	9.572556	6.691149	4.923560
341	9.572556	7.691149	4.923560
342	9.572556	8.691149	4.923560
343	10.572556	5.691149	4.923560
344	10.572556	6.691149	4.923560
345	10.572556	7.691149	4.923560
346	10.572556	8.691149	4.923560
347	10.572556	9.691149	4.923560
348	11.572556	5.691149	4.923560
349	11.572556	6.691149	4.923560
350	11.572556	7.691149	4.923560
351	11.572556	8.691149	4.923560
352	11.572556	9.691149	4.923560
353	12.572556	4.691149	4.923560
354	12.572556	5.691149	4.923560
355	12.572556	6.691149	4.923560
356	12.572556	7.691149	4.923560
357	12.572556	8.691149	4.923560
358	12.572556	9.691149	4.923560
359	13.572556	4.691149	4.923560
360	13.572556	5.691149	4.923560
361	13.572556	6.691149	4.923560
362	13.572556	7.691149	4.923560
363	13.572556	8.691149	4.923560
364	13.572556	9.691149	4.923560
365	9.572556	-12.308851	4.968810
366	9.572556	-11.308851	4.968810
367	9.572556	-10.308851	4.968810
368	9.572556	-9.308851	4.968810
369	9.572556	-8.308851	4.968810
370	9.572556	-7.308851	4.968810
371	10.572556	-12.308851	4.968810
372	10.572556	-11.308851	4.968810
373	10.572556	-10.308851	4.968810
374	10.572556	-9.308851	4.968810
375	10.572556	-8.308851	4.968810
376	10.572556	-7.308851	4.968810
377	11.572556	-12.308851	4.968810
378	11.572556	-11.308851	4.968810
379	11.572556	-10.308851	4.968810
380	11.572556	-9.308851	4.968810
381	11.572556	-8.308851	4.968810
382	11.572556	-7.308851	4.968810
383	12.572556	-12.308851	4.968810
384	12.572556	-11.308851	4.968810
385	12.572556	-10.308851	4.968810
386	12.572556	-9.308851	4.968810
387	12.572556	-8.308851	4.968810
388	12.572556	-7.308851	4.968810
389	13.572556	-12.308851	4.968810
390	13.572556	-11.308851	4.968810
391	13.572556	-10.308851	4.968810
392	13.572556	-9.308851	4.968810
393	13.572556	-8.308851	4.968810
394	13.572556	-7.308851	4.968810
395	14.572556	-12.308851	4.968810
396	14.572556	-11.308851	4.968810
397	14.572556	-10.308851	4.968810
398	14.572556	-9.308851	4.968810
399	14.572556	-8.308851	4.968810
400	14.572556	-7.308851	4.968810
401	1.572557	-12.308851	4.980470
402	1.572557	-11.308851	4.980470
403	1.572557	-10.308851	4.980470
404	1.572557	-8.308851	4.996730
405	1.572557	-7.308851	4.996730
406	2.572557	-12.308851	4.980470
407	2.572557	-11.308851	4.980470
408	2.572557	-10.308851	4.980470
409	2.572557	-9.308851	4.996730
410	2.572557	-8.308851	4.996730
411	3.572557	-12.308851	4.980470
412	3.572557	-11.308851	4.980470
413	3.572557	-10.308851	4.980470
414	5.572557	-12.308851	4.986920
415	5.572557	-11.308851	4.986920
416	5.572557	-10.308851	4.986920
417	5.572557	-9.308851	4.986920
418	6.572557	-12.308851	4.986920
419	6.572557	-11.308851	4.986920
420	6.572557	-10.308851	4.986920
421	7.572557	-12.308851	4.986920
422	7.572557	-11.308851	4.986920
423	7.572557	-10.308851	4.986920
