0	-0.181899	-2.022748	-0.933901
1	-0.181899	-1.522748	-0.933901
2	-0.181899	-1.022748	-0.933901
3	-0.181899	-0.522748	-0.933901
4	-0.181899	-0.022748	-0.933901
5	0.318101	-2.022748	-0.933901
6	0.318101	-1.522748	-0.933901
7	0.318101	-1.022748	-0.933901
8	0.318101	-0.522748	-0.933901
9	0.318101	-0.022748	-0.933901
10	0.318101	0.477252	-0.933901
11	0.318101	0.977252	-0.933901
12	0.318101	1.477252	-0.933901
13	0.818101	-2.022748	-0.933901
14	0.818101	-1.522748	-0.933901
15	0.818101	-1.022748	-0.933901
16	0.818101	-0.522748	-0.933901
17	0.818101	-0.022748	-0.933901
18	0.818101	0.477252	-0.933901
19	0.818101	0.977252	-0.933901
20	0.818101	1.477252	-0.933901
21	1.318101	-2.022748	-0.933901
22	1.318101	-1.522748	-0.933901
23	1.318101	-1.022748	-0.933901
24	1.318101	-0.522748	-0.933901
25	1.318101	-0.022748	-0.933901
26	1.318101	0.477252	-0.933901
27	1.318101	0.977252	-0.933901
28	1.818101	-2.522748	-0.933901
29	1.818101	-2.022748	-0.933901
30	1.818101	-1.522748	-0.933901
31	1.818101	-1.022748	-0.933901
32	1.818101	-0.522748	-0.933901
33	1.818101	-0.022748	-0.933901
34	1.818101	0.477252	-0.933901
35	1.818101	0.977252	-0.933901
36	2.318101	-2.522748	-0.933901
37	2.318101	-2.022748	-0.933901
38	2.318101	-1.522748	-0.933901
39	2.318101	-1.022748	-0.933901
40	2.318101	-0.522748	-0.933901
41	2.318101	-0.022748	-0.933901
42	2.318101	0.477252	-0.933901
43	2.318101	0.977252	-0.933901
44	2.818101	-2.522748	-0.933901
45	2.818101	-2.022748	-0.933901
46	2.818101	-1.522748	-0.933901
47	2.818101	-1.022748	-0.933901
48	2.818101	-0.522748	-0.933901
49	2.818101	-0.022748	-0.933901
50	2.818101	0.477252	-0.933901
51	3.318101	-2.522748	-0.933901
52	3.318101	-2.022748	-0.933901
53	3.318101	-1.522748	-0.933901
54	3.318101	-1.022748	-0.933901
55	3.318101	-0.522748	-0.933901
56	3.318101	-0.022748	-0.933901
57	3.318101	0.477252	-0.933901
58	3.818101	-2.522748	-0.933901
59	3.818101	-2.022748	-0.933901
60	3.818101	-1.522748	-0.933901
61	3.818101	-1.022748	-0.933901
62	3.818101	-0.522748	-0.933901
63	3.818101	-0.022748	-0.933901
64	3.818101	0.477252	-0.933901
65	4.318101	-3.022748	-0.933901
66	4.318101	-2.522748	-0.933901
67	4.318101	-2.022748	-0.933901
68	4.318101	-1.522748	-0.933901
69	4.318101	-1.022748	-0.933901
70	4.318101	-0.522748	-0.933901
71	4.318101	-0.022748	-0.933901
72	4.318101	0.477252	-0.933901
73	4.818101	-3.022748	-0.933901
74	4.818101	-2.522748	-0.933901
75	4.818101	-2.022748	-0.933901
76	4.818101	-1.522748	-0.933901
77	4.818101	-1.022748	-0.933901
78	4.818101	-0.522748	-0.933901
79	4.818101	-0.022748	-0.933901
80	4.818101	0.477252	-0.933901
81	5.318101	-1.522748	-0.933901
82	5.318101	-1.022748	-0.933901
83	5.318101	-0.522748	-0.933901
84	5.318101	-0.022748	-0.933901
85	5.318101	0.477252	-0.933901
