0	-1.889018	-6.701236	1.493503
1	-1.889018	-5.701236	1.493503
2	-1.889018	-4.701236	1.493503
3	-1.889018	-3.701236	1.493503
4	-1.889018	-2.701236	1.493503
5	-1.889018	-1.701236	1.493503
6	-1.889018	-0.701236	1.493503
7	-1.889018	0.298764	1.493503
8	-0.889018	-6.701236	1.493503
9	-0.889018	-5.701236	1.493503
10	-0.889018	-4.701236	1.493503
11	-0.889018	-3.701236	1.493503
12	-0.889018	-2.701236	1.493503
13	-0.889018	-1.701236	1.493503
14	-0.889018	-0.701236	1.493503
15	-0.889018	0.298764	1.493503
16	0.110982	-6.701236	1.493503
17	0.110982	-5.701236	1.493503
18	0.110982	-4.701236	1.493503
19	0.110982	-3.701236	1.493503
20	0.110982	-2.701236	1.493503
21	0.110982	-1.701236	1.493503
22	0.110982	-0.701236	1.493503
23	0.110982	0.298764	1.493503
24	1.110982	-6.701236	1.493503
25	1.110982	-5.701236	1.493503
26	1.110982	-3.701236	1.493503
27	1.110982	-2.701236	1.493503
28	1.110982	-1.701236	1.493503
29	1.110982	-0.701236	1.493503
30	1.110982	0.298764	1.493503
31	2.110982	-9.701236	1.515885
32	2.110982	-8.701236	1.515885
33	2.110982	-7.701236	1.515885
34	2.110982	-6.701236	1.493503
35	2.110982	-5.701236	1.493503
36	2.110982	-3.701236	1.493503
37	2.110982	-2.701236	1.493503
38	2.110982	-1.701236	1.493503
39	2.110982	-0.701236	1.493503
40	2.110982	0.298764	1.493503
41	3.110982	-9.701236	1.487212
42	3.110982	-8.701236	1.487212
43	3.110982	-7.701236	1.516324
44	3.110982	-6.701236	1.516324
45	3.110982	-5.701236	1.516324
46	3.110982	-4.701236	1.516324
47	3.110982	-3.701236	1.516324
48	3.110982	-2.701236	1.516324
49	3.110982	-1.701236	1.491245
50	3.110982	-0.701236	1.491245
51	4.110982	-9.701236	1.487212
52	4.110982	-8.701236	1.487212
53	4.110982	-7.701236	1.516324
54	4.110982	-6.701236	1.516324
55	4.110982	-5.701236	1.516324
56	4.110982	-4.701236	1.516324
57	4.110982	-3.701236	1.516324
58	4.110982	-2.701236	1.516324
59	4.110982	-1.701236	1.491245
60	5.110982	-9.701236	1.487212
61	5.110982	-8.701236	1.487212
62	5.110982	-7.701236	1.516324
63	5.110982	-6.701236	1.516324
64	5.110982	-5.701236	1.516324
65	5.110982	-4.701236	1.516324
66	5.110982	-3.701236	1.516324
67	5.110982	-2.701236	1.516324
68	5.110982	-1.701236	1.491245
69	5.110982	-0.701236	1.491245
70	6.110982	-9.701236	1.487212
71	6.110982	-8.701236	1.487212
72	6.110982	-7.701236	1.516324
73	6.110982	-6.701236	1.516324
74	6.110982	-5.701236	1.516324
75	6.110982	-4.701236	1.516324
76	6.110982	-3.701236	1.516324
77	6.110982	-2.701236	1.516324
78	6.110982	-1.701236	1.491245
79	6.110982	-0.701236	1.491245
80	7.110982	-9.701236	1.487212
81	7.110982	-8.701236	1.487212
82	7.110982	-7.701236	1.516601
83	7.110982	-5.701236	1.516601
84	7.110982	-4.701236	1.516601
85	7.110982	-2.701236	1.516601
86	7.110982	-1.701236	1.496523
87	7.110982	-0.701236	1.496523
88	7.110982	0.298764	1.496523
89	8.110982	-9.701236	1.487212
90	8.110982	-8.701236	1.487212
91	8.110982	-7.701236	1.516601
92	8.110982	-6.701236	1.516601
93	8.110982	-5.701236	1.516601
94	8.110982	-4.701236	1.516601
95	8.110982	-3.701236	1.516601
96	8.110982	-2.701236	1.516601
97	8.110982	-1.701236	1.496523
98	8.110982	-0.701236	1.496523
99	8.110982	0.298764	1.496523
100	9.110982	-9.701236	1.487212
101	9.110982	-8.701236	1.487212
102	9.110982	-7.701236	1.516601
103	9.110982	-6.701236	1.516601
104	9.110982	-5.701236	1.516601
105	9.110982	-4.701236	1.516601
106	9.110982	-3.701236	1.516601
107	9.110982	-2.701236	1.516601
108	9.110982	-1.701236	1.496523
109	9.110982	-0.701236	1.496523
110	9.110982	0.298764	1.496523
111	10.110982	-9.701236	1.487212
112	10.110982	-8.701236	1.487212
113	10.110982	-7.701236	1.516601
114	10.110982	-6.701236	1.516601
115	10.110982	-2.701236	1.516601
116	10.110982	-1.701236	1.496523
117	10.110982	-0.701236	1.496523
118	10.110982	0.298764	1.496523
119	11.110982	-10.701236	1.487212
120	11.110982	-9.701236	1.487212
121	11.110982	-8.701236	1.487212
122	11.110982	-5.701236	1.516601
123	11.110982	-4.701236	1.516601
124	11.110982	-3.701236	1.516601
125	11.110982	-2.701236	1.516601
126	11.110982	-1.701236	1.496523
127	11.110982	-0.701236	1.496523
128	11.110982	0.298764	1.496523
129	12.110982	-9.701236	1.487212
130	-1.889018	-9.701236	5.098970
131	-1.889018	-8.701236	5.098970
132	-1.889018	-7.701236	5.098970
133	-1.889018	-5.701236	5.097730
134	-1.889018	-4.701236	5.097730
135	-1.889018	-2.701236	5.125220
136	-1.889018	-1.701236	5.125220
137	-1.889018	-0.701236	5.125220
138	-0.889018	-9.701236	5.098970
139	-0.889018	-8.701236	5.098970
140	-0.889018	-7.701236	5.098970
141	-0.889018	-6.701236	5.098970
142	-0.889018	-5.701236	5.097730
143	-0.889018	-4.701236	5.097730
144	-0.889018	-2.701236	5.125220
145	-0.889018	-1.701236	5.125220
146	-0.889018	-0.701236	5.125220
147	0.110982	-9.701236	5.098970
148	0.110982	-8.701236	5.098970
149	0.110982	-7.701236	5.098970
150	0.110982	-6.701236	5.098970
151	0.110982	-2.701236	5.125220
152	0.110982	-1.701236	5.125220
153	0.110982	-0.701236	5.125220
154	1.110982	-9.701236	5.098970
155	1.110982	-8.701236	5.098970
156	1.110982	-7.701236	5.098970
157	1.110982	-6.701236	5.098970
158	1.110982	-5.701236	5.112160
159	1.110982	-4.701236	5.112160
160	1.110982	-2.701236	5.125220
161	1.110982	-1.701236	5.125220
162	1.110982	-0.701236	5.125220
163	2.110982	-9.701236	5.098970
164	2.110982	-8.701236	5.098970
165	2.110982	-7.701236	5.098970
166	2.110982	-6.701236	5.098970
167	2.110982	-2.701236	5.125220
168	2.110982	-1.701236	5.125220
169	2.110982	-0.701236	5.125220
170	7.110982	-9.701236	5.097380
171	7.110982	-8.701236	5.097380
172	7.110982	-6.701236	5.097380
173	7.110982	-5.701236	5.097380
174	7.110982	-4.701236	5.097380
175	7.110982	-3.701236	5.097380
176	7.110982	-2.701236	5.097380
177	7.110982	-1.701236	5.097380
178	7.110982	-0.701236	5.097380
179	8.110982	-9.701236	5.097380
180	8.110982	-8.701236	5.097380
181	8.110982	-7.701236	5.097380
182	8.110982	-6.701236	5.097380
183	8.110982	-5.701236	5.097380
184	8.110982	-4.701236	5.097380
185	8.110982	-3.701236	5.097380
186	8.110982	-2.701236	5.097380
187	8.110982	-1.701236	5.097380
188	8.110982	-0.701236	5.097380
189	9.110982	-9.701236	5.097380
190	9.110982	-8.701236	5.097380
191	9.110982	-7.701236	5.097380
192	9.110982	-6.701236	5.097380
193	9.110982	-5.701236	5.097380
194	9.110982	-4.701236	5.097380
195	9.110982	-3.701236	5.097380
196	9.110982	-2.701236	5.097380
197	9.110982	-1.701236	5.097380
198	9.110982	-0.701236	5.097380
199	10.110982	-9.701236	5.097380
200	10.110982	-8.701236	5.097380
201	10.110982	-7.701236	5.097380
202	10.110982	-6.701236	5.097380
203	10.110982	-5.701236	5.097380
204	10.110982	-4.701236	5.097380
205	10.110982	-3.701236	5.097380
206	10.110982	-2.701236	5.097380
207	10.110982	-1.701236	5.097380
208	10.110982	-0.701236	5.097380
209	11.110982	-9.701236	5.097380
210	11.110982	-8.701236	5.097380
211	11.110982	-7.701236	5.097380
212	11.110982	-6.701236	5.097380
213	11.110982	-2.701236	5.097380
214	11.110982	-1.701236	5.097380
215	11.110982	-0.701236	5.097380
216	12.110982	-8.701236	5.097380
217	12.110982	-6.701236	5.097380
218	12.110982	-5.701236	5.097380
219	12.110982	-4.701236	5.097380
220	12.110982	-3.701236	5.097380
221	12.110982	-1.701236	5.097380
222	-1.889018	-9.701236	-1.007210
223	-1.889018	-8.701236	-1.007210
224	-1.889018	-7.701236	-1.017920
225	-1.889018	-6.701236	-1.017920
226	-1.889018	-5.701236	-1.017920
227	-1.889018	-4.701236	-1.017920
228	-0.889018	-9.701236	-1.007210
229	-0.889018	-8.701236	-1.007210
230	-0.889018	-7.701236	-1.017920
231	-0.889018	-6.701236	-1.017920
232	-0.889018	-5.701236	-1.017920
233	-0.889018	-4.701236	-1.017920
234	-0.889018	-3.701236	-1.017920
235	0.110982	-8.701236	-1.007210
236	0.110982	-7.701236	-1.017920
237	0.110982	-6.701236	-1.017920
238	0.110982	-5.701236	-1.017920
239	0.110982	-4.701236	-1.017920
240	1.110982	-6.701236	-1.017920
241	1.110982	-4.701236	-0.997970
242	1.110982	-3.701236	-0.997970
243	2.110982	-6.701236	-1.017920
244	2.110982	-3.701236	-0.997970
