0	5.850524	-1.104484	-2.049490
1	5.850524	-0.104484	-2.049490
2	5.850524	0.895516	-2.049490
3	5.850524	2.895516	-2.044010
4	5.850524	3.895516	-2.044010
5	6.850524	2.895516	-2.044010
6	7.850524	-1.104484	-2.035990
7	7.850524	-0.104484	-2.035990
8	7.850524	0.895516	-2.035990
9	7.850524	1.895516	-2.035990
10	7.850524	2.895516	-2.035990
11	7.850524	3.895516	-2.035990
12	8.850524	-1.104484	-2.035990
13	8.850524	-0.104484	-2.035990
14	8.850524	0.895516	-2.035990
15	8.850524	1.895516	-2.035990
16	8.850524	2.895516	-2.035990
17	8.850524	3.895516	-2.035990
18	9.850524	-1.104484	-2.035990
19	9.850524	-0.104484	-2.035990
20	9.850524	0.895516	-2.035990
21	9.850524	1.895516	-2.035990
22	9.850524	2.895516	-2.035990
23	9.850524	3.895516	-1.876740
24	10.850524	-1.104484	-2.035990
25	10.850524	-0.104484	-2.035990
26	10.850524	0.895516	-2.035990
27	10.850524	1.895516	-2.035990
28	10.850524	2.895516	-2.035990
29	10.850524	3.895516	-1.876740
30	11.850524	-1.104484	-2.035990
31	11.850524	-0.104484	-2.035990
32	11.850524	0.895516	-2.035990
33	11.850524	1.895516	-2.035990
34	11.850524	2.895516	-2.035990
35	12.850524	-1.104484	-2.035990
36	12.850524	-0.104484	-2.035990
37	12.850524	0.895516	-2.035990
38	12.850524	1.895516	-2.035990
39	12.850524	2.895516	-2.035990
40	13.850524	-1.104484	-2.035990
41	13.850524	-0.104484	-2.035990
42	13.850524	0.895516	-2.035990
43	13.850524	1.895516	-2.035990
44	13.850524	2.895516	-2.035990
45	14.850524	-0.104484	-2.073800
46	14.850524	0.895516	-2.073800
47	14.850524	1.895516	-2.073800
48	14.850524	2.895516	-2.073800
49	14.850524	3.895516	-2.073800
50	15.850524	-0.104484	-2.073800
51	15.850524	0.895516	-2.073800
52	15.850524	1.895516	-2.073800
53	15.850524	2.895516	-2.073800
54	15.850524	3.895516	-2.073800
55	16.850523	-0.104484	-2.073800
56	16.850523	0.895516	-2.073800
57	16.850523	1.895516	-2.073800
58	16.850523	2.895516	-2.073800
59	16.850523	3.895516	-2.073800
60	17.850523	-0.104484	-2.073800
61	17.850523	0.895516	-2.073800
62	17.850523	1.895516	-2.073800
63	17.850523	2.895516	-2.073800
64	17.850523	3.895516	-2.073800
65	18.850523	-0.104484	-2.073800
66	18.850523	0.895516	-2.073800
67	18.850523	1.895516	-2.073800
68	18.850523	2.895516	-2.073800
69	18.850523	3.895516	-2.073800
70	18.850523	4.895516	-2.073800
71	19.850523	-0.104484	-2.073800
72	19.850523	0.895516	-2.073800
73	19.850523	1.895516	-2.073800
74	19.850523	2.895516	-2.073800
75	19.850523	3.895516	-2.073800
76	19.850523	4.895516	-2.073800
77	20.850523	-0.104484	-2.073800
78	20.850523	0.895516	-2.073800
79	20.850523	1.895516	-2.073800
80	20.850523	2.895516	-2.073800
81	20.850523	3.895516	-2.073800
82	20.850523	4.895516	-2.073800
83	21.850523	-0.104484	-2.073800
84	21.850523	0.895516	-2.073800
85	21.850523	1.895516	-2.073800
86	21.850523	2.895516	-2.073800
87	21.850523	3.895516	-2.073800
88	21.850523	4.895516	-2.073800
89	21.850523	5.895516	-2.073800
90	22.850523	0.895516	-2.073800
91	22.850523	1.895516	-2.073800
92	22.850523	2.895516	-2.073800
93	22.850523	3.895516	-2.073800
94	22.850523	4.895516	-2.073800
95	22.850523	5.895516	-2.073800
96	23.850523	1.895516	-2.073800
97	23.850523	2.895516	-2.073800
98	23.850523	3.895516	-2.073800
99	11.850524	-0.104484	1.502166
100	11.850524	0.895516	1.502166
101	12.850524	-2.104484	1.502166
102	12.850524	-0.104484	1.502166
103	12.850524	0.895516	1.502166
104	12.850524	2.895516	1.483762
105	12.850524	3.895516	1.483762
106	13.850524	-2.104484	1.502166
107	13.850524	-1.104484	1.502166
108	13.850524	-0.104484	1.502166
109	13.850524	0.895516	1.502166
110	13.850524	2.895516	1.483762
111	13.850524	3.895516	1.483762
112	14.850524	-2.104484	1.502166
113	14.850524	-1.104484	1.502166
114	14.850524	2.895516	1.483762
115	14.850524	3.895516	1.483762
116	15.850524	-3.104484	1.502166
117	15.850524	-2.104484	1.502166
118	15.850524	-1.104484	1.502166
119	15.850524	-0.104484	1.502166
120	15.850524	2.895516	1.483762
121	16.850523	-3.104484	1.502166
122	16.850523	-2.104484	1.502166
123	16.850523	-1.104484	1.502166
124	16.850523	-0.104484	1.502166
125	16.850523	1.895516	1.514238
126	16.850523	2.895516	1.514238
127	16.850523	3.895516	1.514238
128	16.850523	4.895516	1.514238
129	17.850523	-2.104484	1.502166
130	17.850523	-0.104484	1.514238
131	17.850523	0.895516	1.514238
132	17.850523	1.895516	1.514238
133	17.850523	2.895516	1.514238
134	17.850523	4.895516	1.514238
135	18.850523	-2.104484	1.514238
136	18.850523	-1.104484	1.514238
137	18.850523	-0.104484	1.514238
138	18.850523	0.895516	1.514238
139	18.850523	1.895516	1.514238
140	18.850523	2.895516	1.514238
141	18.850523	4.895516	1.514238
142	19.850523	-2.104484	1.514238
143	19.850523	-1.104484	1.514238
144	19.850523	-0.104484	1.514238
145	19.850523	0.895516	1.514238
146	19.850523	1.895516	1.514238
147	19.850523	2.895516	1.514238
148	20.850523	-1.104484	1.514238
149	20.850523	-0.104484	1.514238
150	20.850523	0.895516	1.514238
151	20.850523	1.895516	1.514238
152	20.850523	2.895516	1.514238
153	20.850523	3.895516	1.514238
154	20.850523	5.895516	1.460090
155	21.850523	-1.104484	1.514238
156	21.850523	-0.104484	1.514238
157	21.850523	0.895516	1.514238
158	21.850523	1.895516	1.514238
159	21.850523	2.895516	1.514238
160	21.850523	3.895516	1.460090
161	21.850523	5.895516	1.460090
162	22.850523	-0.104484	1.514238
163	22.850523	0.895516	1.514238
164	22.850523	1.895516	1.514238
165	22.850523	2.895516	1.514238
166	22.850523	3.895516	1.460090
167	22.850523	5.895516	1.460090
168	23.850523	0.895516	1.514238
169	23.850523	1.895516	1.514238
170	23.850523	2.895516	1.460090
171	23.850523	5.895516	1.460090
172	23.850523	6.895516	1.460090
173	24.850523	1.895516	1.460090
174	24.850523	2.895516	1.460090
175	24.850523	3.895516	1.460090
176	24.850523	4.895516	1.460090
177	24.850523	5.895516	1.460090
178	25.850523	2.895516	1.460090
179	-0.149476	-1.104484	1.494207
180	-0.149476	-0.104484	1.494207
181	-0.149476	0.895516	1.494207
182	-0.149476	2.895516	1.494207
183	-0.149476	3.895516	1.494207
184	0.850524	-1.104484	1.494207
185	0.850524	-0.104484	1.494207
186	0.850524	0.895516	1.494207
187	0.850524	1.895516	1.494207
188	0.850524	2.895516	1.494207
189	0.850524	3.895516	1.494207
190	1.850524	-1.104484	1.494207
191	1.850524	-0.104484	1.494207
192	1.850524	0.895516	1.494207
193	1.850524	1.895516	1.494207
194	1.850524	2.895516	1.494207
195	2.850524	-1.104484	1.494207
196	2.850524	-0.104484	1.494207
197	2.850524	0.895516	1.494207
198	2.850524	1.895516	1.494207
199	2.850524	2.895516	1.494207
200	2.850524	3.895516	1.494207
201	3.850524	-0.104484	1.494207
202	3.850524	0.895516	1.494207
203	3.850524	2.895516	1.494207
204	4.850524	2.895516	1.483762
205	5.850524	-1.104484	1.499932
206	5.850524	-0.104484	1.499932
207	5.850524	0.895516	1.499932
208	5.850524	2.895516	1.483762
209	6.850524	-1.104484	1.499932
210	6.850524	-0.104484	1.499932
211	6.850524	0.895516	1.499932
212	6.850524	2.895516	1.483762
213	7.850524	-1.104484	1.499932
214	7.850524	-0.104484	1.499932
215	7.850524	0.895516	1.499932
216	7.850524	2.895516	1.483762
217	8.850524	-1.104484	1.499932
218	8.850524	-0.104484	1.499932
219	8.850524	0.895516	1.499932
220	8.850524	1.895516	1.499932
221	8.850524	2.895516	1.483762
222	9.850524	-0.104484	1.508041
223	9.850524	2.895516	1.483762
224	9.850524	3.895516	1.483762
225	10.850524	-1.104484	1.508041
226	10.850524	-0.104484	1.508041
227	10.850524	2.895516	1.483762
228	10.850524	3.895516	1.488661
229	11.850524	-3.104484	1.502166
230	12.850524	-3.104484	1.502166
231	-1.149476	-0.104484	4.678010
232	-0.149476	-1.104484	4.678010
233	-0.149476	-0.104484	4.678010
234	-0.149476	0.895516	4.678010
235	-0.149476	1.895516	4.678010
236	-0.149476	2.895516	4.678010
237	-0.149476	3.895516	4.678010
238	-0.149476	4.895516	4.678010
239	0.850524	-1.104484	4.678010
240	0.850524	-0.104484	4.678010
241	0.850524	0.895516	4.678010
242	0.850524	1.895516	4.678010
243	0.850524	2.895516	4.678010
244	0.850524	3.895516	4.678010
245	0.850524	4.895516	4.678010
246	1.850524	-1.104484	4.678010
247	1.850524	-0.104484	4.678010
248	1.850524	0.895516	4.678010
249	1.850524	1.895516	4.678010
250	1.850524	2.895516	4.678010
251	1.850524	3.895516	4.678010
252	1.850524	4.895516	4.678010
253	2.850524	-1.104484	4.678010
254	2.850524	-0.104484	4.678010
255	2.850524	0.895516	4.678010
256	2.850524	1.895516	4.678010
257	2.850524	2.895516	4.678010
258	2.850524	3.895516	4.678010
259	2.850524	4.895516	4.678010
260	3.850524	-1.104484	4.665430
261	3.850524	-0.104484	4.665430
262	3.850524	0.895516	4.665430
263	3.850524	1.895516	4.665430
264	3.850524	2.895516	4.665430
265	3.850524	3.895516	4.665430
266	3.850524	4.895516	4.665430
267	3.850524	5.895516	4.665430
268	4.850524	-0.104484	4.665430
269	4.850524	2.895516	4.665430
270	4.850524	3.895516	4.665430
271	4.850524	5.895516	4.665430
272	5.850524	-1.104484	4.665430
273	5.850524	-0.104484	4.665430
274	5.850524	0.895516	4.665430
275	5.850524	1.895516	4.665430
276	5.850524	2.895516	4.665430
277	5.850524	3.895516	4.665430
278	5.850524	4.895516	4.665430
279	5.850524	5.895516	4.665430
280	6.850524	-1.104484	4.665430
281	6.850524	-0.104484	4.665430
282	6.850524	0.895516	4.665430
283	6.850524	1.895516	4.665430
284	6.850524	2.895516	4.665430
285	6.850524	3.895516	4.665430
286	6.850524	4.895516	4.665430
287	6.850524	5.895516	4.665430
288	7.850524	-1.104484	4.665430
289	7.850524	-0.104484	4.665430
290	7.850524	0.895516	4.665430
291	7.850524	1.895516	4.665430
292	7.850524	2.895516	4.665430
293	7.850524	3.895516	4.665430
294	7.850524	4.895516	4.665430
295	7.850524	5.895516	4.665430
296	8.850524	-2.104484	4.681710
297	8.850524	-1.104484	4.681710
298	8.850524	0.895516	4.681710
299	8.850524	1.895516	4.681710
300	8.850524	2.895516	4.681710
301	8.850524	3.895516	4.681710
302	9.850524	-3.104484	4.681710
303	9.850524	-1.104484	4.681710
304	9.850524	2.895516	4.681710
305	9.850524	3.895516	4.681710
306	10.850524	-3.104484	4.681710
307	10.850524	-2.104484	4.681710
308	10.850524	-1.104484	4.681710
309	10.850524	-0.104484	4.681710
310	10.850524	0.895516	4.681710
311	10.850524	1.895516	4.681710
312	10.850524	2.895516	4.681710
313	10.850524	3.895516	4.681710
314	11.850524	-3.104484	4.681710
315	11.850524	-2.104484	4.681710
316	11.850524	-1.104484	4.681710
317	11.850524	-0.104484	4.681710
318	11.850524	0.895516	4.681710
319	11.850524	1.895516	4.681710
320	11.850524	2.895516	4.681710
321	11.850524	3.895516	4.681710
322	12.850524	-3.104484	4.681710
323	12.850524	-2.104484	4.681710
324	12.850524	-0.104484	4.681710
325	12.850524	0.895516	4.681710
326	12.850524	1.895516	4.681710
327	12.850524	2.895516	4.681710
328	12.850524	3.895516	4.681710
329	13.850524	-3.104484	4.681710
330	13.850524	-2.104484	4.681710
331	13.850524	-1.104484	4.681710
332	13.850524	-0.104484	4.681710
333	13.850524	0.895516	4.681710
334	13.850524	1.895516	4.681710
335	13.850524	2.895516	4.681710
336	13.850524	3.895516	4.681710
337	14.850524	-3.104484	4.681710
338	14.850524	-2.104484	4.681710
339	14.850524	-1.104484	4.681710
340	14.850524	-0.104484	4.681710
341	14.850524	0.895516	4.681710
342	14.850524	1.895516	4.681710
343	14.850524	2.895516	4.681710
344	14.850524	3.895516	4.681710
345	15.850524	-3.104484	4.681710
346	15.850524	-2.104484	4.681710
347	15.850524	-1.104484	4.681710
348	15.850524	-0.104484	4.681710
349	15.850524	0.895516	4.681710
350	16.850523	-3.104484	4.681710
351	-0.149476	-1.104484	-2.049550
352	-0.149476	-0.104484	-2.049550
353	-0.149476	0.895516	-2.049550
354	-0.149476	1.895516	-2.049550
355	-0.149476	2.895516	-2.049550
356	0.850524	-1.104484	-2.049550
357	0.850524	-0.104484	-2.049550
358	0.850524	0.895516	-2.049550
359	0.850524	1.895516	-2.049550
360	0.850524	2.895516	-2.049550
361	1.850524	-1.104484	-2.049550
362	1.850524	-0.104484	-2.049550
363	1.850524	0.895516	-2.049550
364	1.850524	1.895516	-2.049550
365	1.850524	2.895516	-2.049550
366	2.850524	1.895516	-2.049550
367	2.850524	2.895516	-2.049550
368	3.850524	0.895516	-2.049550
369	3.850524	1.895516	-2.049550
370	3.850524	2.895516	-2.049550
